-67
983570,6,-84
983570,7,-76
9250
605387,0,-128
605387,1,-128
605387,2,-128
605387,3,-128
605387,4,-128
605387,5,-128
605387,6,-128
605387,7,-128
605387,8,-128
605387,9,-128
605387,10,-128
605387,11,-128
605387,12,-128
605387,13,-128
605387,14,-128
681043,0,-128
681043,1,-86
681043,2,-57
681043,3,-61
681043,4,-75
681043,5,-77
681043,6,-70
681043,7,-70
681043,8,-57
681043,9,-77
681043,10,-60
681043,11,-55
681043,12,-64
681043,13,-78
681043,14,-55
756677,0,-128
756677,1,-81
756677,2,-62
756677,3,-61
756677,4,-73
756677,5,-79
756677,6,-73
756677,7,-77
756677,8,-58
756677,9,-72
756677,10,-60
756677,11,-49
756677,12,-65
756677,13,-86
756677,14,-57
832303,0,-128
832303,1,-84
832303,2,-76
832303,3,-80
832303,4,-82
832303,5,-78
832303,6,-85
832303,7,-83
832303,8,-74
832303,9,-83
832303,10,-81
832303,11,-82
832303,12,-82
832303,13,-85
832303,14,-67
907912,0,-128
907912,1,-61
907912,2,-57
907912,3,-80
907912,4,-83
907912,5,-83
907912,6,-83
907912,7,-77
907912,8,-70
907912,9,-82
907912,10,-75
907912,11,-72
907912,12,-72
907912,13,-87
907912,14,-77
0,0,0
0,0,0
0,0,0
0,0,0
0,0,0
249
983570,0,-128
983570,1,-61
983570,2,-64
983570,3,-66
983570,4,-81
983570,5,-67
983570,6,-84
983570,7,-76
983570,8,-67
983570,9,-83
983570,10,-69
983570,11,-70
983570,12,-70
983570,13,-83
983570,14,-68
1059142,0,-128
1059142,1,-80
1059142,2,-82
1059142,3,-87
1059142,4,-75
1059142,5,-67
1059142,6,-91
1059142,7,-76
1059142,8,-77
1059142,9,-80
1059142,10,-90
1059142,11,-86
1059142,12,-75
1059142,13,-85
1059142,14,-66
1134722,0,-128
1134722,1,-51
1134722,2,-64
1134722,3,-61
1134722,4,-90
1134722,5,-89
1134722,6,-84
1134722,7,-90
1134722,8,-70
1134722,9,-87
1134722,10,-71
1134722,11,-63
1134722,12,-82
1134722,13,-81
1134722,14,-66
1210241,0,-128
1210241,1,-65
1210241,2,-71
1210241,3,-66
1210241,4,-94
1210241,5,-93
1210241,6,-94
1210241,7,-86
1210241,8,-91
1210241,9,-92
1210241,10,-66
1210241,11,-76
1210241,12,-128
1210241,13,-128
1210241,14,-85
1285732,0,-128
1285732,1,-91
1285732,2,-81
1285732,3,-79
1285732,4,-73
1285732,5,-85
1285732,6,-91
1285732,7,-60
1285732,8,-82
1285732,9,-78
1285732,10,-76
1285732,11,-85
1285732,12,-128
1285732,13,-128
1285732,14,-84
0,0,0
0,0,0
0,0,0
0,0,0
0,0,0
248
1361315,0,-128
1361315,1,-90
1361315,2,-80
1361315,3,-71
1361315,4,-75
1361315,5,-78
1361315,6,-94
1361315,7,-60
1361315,8,-76
1361315,9,-70
1361315,10,-81
1361315,11,-92
1361315,12,-128
1361315,13,-128
1361315,14,-80
1436833,0,-128
1436833,1,-87
1436833,2,-73
1436833,3,-72
1436833,4,-80
1436833,5,-83
1436833,6,-94
1436833,7,-68
1436833,8,-76
1436833,9,-75
1436833,10,-83
1436833,11,-84
1436833,12,-128
1436833,13,-128
1436833,14,-128
1512356,0,-128
1512356,1,-89
1512356,2,-77
1512356,3,-78
1512356,4,-82
1512356,5,-84
1512356,6,-93
1512356,7,-64
1512356,8,-86
1512356,9,-72
1512356,10,-78
1512356,11,-83
1512356,12,-128
1512356,13,-128
1512356,14,-128
1587876,0,-128
1587876,1,-89
1587876,2,-79
1587876,3,-75
1587876,4,-82
1587876,5,-85
1587876,6,-93
1587876,7,-61
1587876,8,-86
1587876,9,-72
1587876,10,-86
1587876,11,-86
1587876,12,-128
1587876,13,-128
1587876,14,-128
1663396,0,-128
1663396,1,-90
1663396,2,-79
1663396,3,-73
1663396,4,-80
1663396,5,-81
1663396,6,-93
1663396,7,-68
1663396,8,-87
1663396,9,-72
1663396,10,-85
1663396,11,-83
1663396,12,-128
1663396,13,-128
1663396,14,-128
0,0,0
0,0,0
0,0,0
0,0,0
0,0,0
247
1738981,0,-128
1738981,1,-89
1738981,2,-79
1738981,3,-73
1738981,4,-76
1738981,5,-86
1738981,6,-93
1738981,7,-63
1738981,8,-80
1738981,9,-71
1738981,10,-86
1738981,11,-83
1738981,12,-93
1738981,13,-128
1738981,14,-128
1814499,0,-128
1814499,1,-89
1814499,2,-80
1814499,3,-71
1814499,4,-82
1814499,5,-83
1814499,6,-93
1814499,7,-61
1814499,8,-76
1814499,9,-77
1814499,10,-76
1814499,11,-83
1814499,12,-128
1814499,13,-128
1814499,14,-128
1890010,0,-128
1890010,1,-89
1890010,2,-78
1890010,3,-71
1890010,4,-80
1890010,5,-86
1890010,6,-93
1890010,7,-68
1890010,8,-73
1890010,9,-71
1890010,10,-76
1890010,11,-84
1890010,12,-128
1890010,13,-128
1890010,14,-128
1965522,0,-128
1965522,1,-89
1965522,2,-72
1965522,3,-80
1965522,4,-76
1965522,5,-84
1965522,6,-93
1965522,7,-61
1965522,8,-84
1965522,9,-73
1965522,10,-78
1965522,11,-84
1965522,12,-128
1965522,13,-128
1965522,14,-128
2041034,0,-128
2041034,1,-89
2041034,2,-75
2041034,3,-82
2041034,4,-73
2041034,5,-84
2041034,6,-93
2041034,7,-68
2041034,8,-77
2041034,9,-79
2041034,10,-78
2041034,11,-84
2041034,12,-128
2041034,13,-128
2041034,14,-128
0,0,0
0,0,0
0,0,0
0,0,0
0,0,0
246
2116620,0,-128
2116620,1,-89
2116620,2,-80
2116620,3,-82
2116620,4,-81
2116620,5,-86
2116620,6,-93
2116620,7,-60
2116620,8,-73
2116620,9,-78
2116620,10,-82
2116620,11,-84
2116620,12,-128
2116620,13,-128
2116620,14,-128
2192139,0,-128
2192139,1,-89
2192139,2,-77
2192139,3,-75
2192139,4,-76
2192139,5,-84
2192139,6,-93
2192139,7,-70
2192139,8,-74
2192139,9,-78
2192139,10,-80
2192139,11,-86
2192139,12,-128
2192139,13,-128
2192139,14,-128
2267661,0,-128
2267661,1,-90
2267661,2,-72
2267661,3,-84
2267661,4,-80
2267661,5,-78
2267661,6,-93
2267661,7,-63
2267661,8,-80
2267661,9,-77
2267661,10,-80
2267661,11,-84
2267661,12,-128
2267661,13,-128
2267661,14,-128
2343183,0,-128
2343183,1,-89
2343183,2,-79
2343183,3,-75
2343183,4,-82
2343183,5,-81
2343183,6,-93
2343183,7,-60
2343183,8,-73
2343183,9,-71
2343183,10,-87
2343183,11,-84
2343183,12,-128
2343183,13,-128
2343183,14,-128
2418711,0,-128
2418711,1,-89
2418711,2,-80
2418711,3,-75
2418711,4,-75
2418711,5,-77
2418711,6,-93
2418711,7,-64
2418711,8,-81
2418711,9,-79
2418711,10,-75
2418711,11,-83
2418711,12,-128
2418711,13,-128
2418711,14,-128
0,0,0
0,0,0
0,0,0
0,0,0
0,0,0
245
2494309,0,-128
2494309,1,-89
2494309,2,-78
2494309,3,-71
2494309,4,-80
2494309,5,-84
2494309,6,-93
2494309,7,-66
2494309,8,-76
2494309,9,-72
2494309,10,-78
2494309,11,-83
2494309,12,-128
2494309,13,-128
2494309,14,-128
2569841,0,-128
2569841,1,-90
2569841,2,-79
2569841,3,-77
2569841,4,-79
2569841,5,-85
2569841,6,-93
2569841,7,-62
2569841,8,-89
2569841,9,-72
2569841,10,-88
2569841,11,-83
2569841,12,-128
2569841,13,-128
2569841,14,-128
2645379,0,-128
2645379,1,-91
2645379,2,-80
2645379,3,-75
2645379,4,-76
2645379,5,-81
2645379,6,-86
2645379,7,-67
2645379,8,-80
2645379,9,-79
2645379,10,-80
2645379,11,-82
2645379,12,-93
2645379,13,-128
2645379,14,-128
2720922,0,-128
2720922,1,-90
2720922,2,-80
2720922,3,-84
2720922,4,-78
2720922,5,-83
2720922,6,-92
2720922,7,-64
2720922,8,-81
2720922,9,-70
2720922,10,-77
2720922,11,-85
2720922,12,-93
2720922,13,-128
2720922,14,-128
2796456,0,-128
2796456,1,-89
2796456,2,-78
2796456,3,-77
2796456,4,-79
2796456,5,-78
2796456,6,-90
2796456,7,-62
2796456,8,-77
2796456,9,-81
2796456,10,-78
2796456,11,-82
2796456,12,-93
2796456,13,-128
2796456,14,-128
0,0,0
0,0,0
0,0,0
0,0,0
0,0,0
244
2872026,0,-128
2872026,1,-128
2872026,2,-94
2872026,3,-94
2872026,4,-94
2872026,5,-93
2872026,6,-128
2872026,7,-90
2872026,8,-91
2872026,9,-94
2872026,10,-94
2872026,11,-128
2872026,12,-128
2872026,13,-128
2872026,14,-128
2947334,0,-128
2947334,1,-94
2947334,2,-94
2947334,3,-94
2947334,4,-94
2947334,5,-128
2947334,6,-128
2947334,7,-94
2947334,8,-94
2947334,9,-128
2947334,10,-128
2947334,11,-128
2947334,12,-128
2947334,13,-128
2947334,14,-128
3022720,0,-128
3022720,1,-94
3022720,2,-92
3022720,3,-94
3022720,4,-128
3022720,5,-94
3022720,6,-94
3022720,7,-94
3022720,8,-93
3022720,9,-94
3022720,10,-94
3022720,11,-94
3022720,12,-128
3022720,13,-128
3022720,14,-128
3098113,0,-128
3098113,1,-128
3098113,2,-94
3098113,3,-93
3098113,4,-93
3098113,5,-94
3098113,6,-94
3098113,7,-128
3098113,8,-94
3098113,9,-128
3098113,10,-128
3098113,11,-94
3098113,12,-128
3098113,13,-128
3098113,14,-128
3173492,0,-128
3173492,1,-94
3173492,2,-94
3173492,3,-93
3173492,4,-93
3173492,5,-94
3173492,6,-94
3173492,7,-94
3173492,8,-94
3173492,9,-128
3173492,10,-128
3173492,11,-94
3173492,12,-128
3173492,13,-128
3173492,14,-128
0,0,0
0,0,0
0,0,0
0,0,0
0,0,0
243
3248994,0,-128
3248994,1,-94
3248994,2,-90
3248994,3,-77
3248994,4,-94
3248994,5,-92
3248994,6,-90
3248994,7,-83
3248994,8,-78
3248994,9,-92
3248994,10,-90
3248994,11,-93
3248994,12,-94
3248994,13,-128
3248994,14,-128
3324334,0,-128
3324334,1,-128
3324334,2,-128
3324334,3,-128
3324334,4,-93
3324334,5,-128
3324334,6,-128
3324334,7,-128
3324334,8,-128
3324334,9,-128
3324334,10,-128
3324334,11,-128
3324334,12,-128
3324334,13,-128
3324334,14,-128
3399659,0,-128
3399659,1,-94
3399659,2,-94
3399659,3,-94
3399659,4,-94
3399659,5,-128
3399659,6,-128
3399659,7,-94
3399659,8,-91
3399659,9,-128
3399659,10,-128
3399659,11,-94
3399659,12,-128
3399659,13,-128
3399659,14,-128
3474973,0,-128
3474973,1,-128
3474973,2,-128
3474973,3,-128
3474973,4,-128
3474973,5,-128
3474973,6,-128
3474973,7,-94
3474973,8,-93
3474973,9,-128
3474973,10,-88
3474973,11,-128
3474973,12,-128
3474973,13,-128
3474973,14,-128
3550282,0,-128
3550282,1,-128
3550282,2,-128
3550282,3,-128
3550282,4,-89
3550282,5,-128
3550282,6,-128
3550282,7,-94
3550282,8,-93
3550282,9,-128
3550282,10,-87
3550282,11,-94
3550282,12,-128
3550282,13,-128
3550282,14,-128
0,0,0
0,0,0
0,0,0
0,0,0
0,0,0
242
3625696,0,-128
3625696,1,-94
3625696,2,-94
3625696,3,-94
3625696,4,-94
3625696,5,-94
3625696,6,-94
3625696,7,-128
3625696,8,-89
3625696,9,-94
3625696,10,-128
3625696,11,-94
3625696,12,-93
3625696,13,-91
3625696,14,-128
3701047,0,-128
3701047,1,-128
3701047,2,-128
3701047,3,-128
3701047,4,-94
3701047,5,-94
3701047,6,-128
3701047,7,-128
3701047,8,-128
3701047,9,-128
3701047,10,-128
3701047,11,-128
3701047,12,-128
3701047,13,-128
3701047,14,-128
3776354,0,-128
3776354,1,-128
3776354,2,-128
3776354,3,-128
3776354,4,-128
3776354,5,-128
3776354,6,-128
3776354,7,-128
3776354,8,-94
3776354,9,-128
3776354,10,-128
3776354,11,-128
3776354,12,-128
3776354,13,-128
3776354,14,-128
3851661,0,-128
3851661,1,-128
3851661,2,-128
3851661,3,-128
3851661,4,-128
3851661,5,-128
3851661,6,-128
3851661,7,-128
3851661,8,-94
3851661,9,-128
3851661,10,-128
3851661,11,-128
3851661,12,-128
3851661,13,-128
3851661,14,-128
3926988,0,-128
3926988,1,-84
3926988,2,-128
3926988,3,-128
3926988,4,-128
3926988,5,-94
3926988,6,-128
3926988,7,-128
3926988,8,-128
3926988,9,-128
3926988,10,-128
3926988,11,-128
3926988,12,-128
3926988,13,-128
3926988,14,-128
0,0,0
0,0,0
0,0,0
0,0,0
0,0,0
241
4002360,0,-128
4002360,1,-128
4002360,2,-128
4002360,3,-94
4002360,4,-93
4002360,5,-94
4002360,6,-128
4002360,7,-128
4002360,8,-94
4002360,9,-128
4002360,10,-128
4002360,11,-128
4002360,12,-128
4002360,13,-128
4002360,14,-128
4077673,0,-128
4077673,1,-128
4077673,2,-94
4077673,3,-94
4077673,4,-128
4077673,5,-93
4077673,6,-128
4077673,7,-128
4077673,8,-128
4077673,9,-94
4077673,10,-128
4077673,11,-128
4077673,12,-128
4077673,13,-128
4077673,14,-128
4152899,0,-128
4152899,1,-128
4152899,2,-128
4152899,3,-128
4152899,4,-128
4152899,5,-94
4152899,6,-128
4152899,7,-128
4152899,8,-128
4152899,9,-94
4152899,10,-128
4152899,11,-128
4152899,12,-128
4152899,13,-128
4152899,14,-128
4228215,0,-128
4228215,1,-94
4228215,2,-94
4228215,3,-94
4228215,4,-128
4228215,5,-94
4228215,6,-128
4228215,7,-128
4228215,8,-128
4228215,9,-94
4228215,10,-93
4228215,11,-128
4228215,12,-128
4228215,13,-128
4228215,14,-128
4303536,0,-128
4303536,1,-128
4303536,2,-93
4303536,3,-94
4303536,4,-128
4303536,5,-93
4303536,6,-128
4303536,7,-128
4303536,8,-94
4303536,9,-128
4303536,10,-128
4303536,11,-128
4303536,12,-93
4303536,13,-128
4303536,14,-128
0,0,0
0,0,0
0,0,0
0,0,0
0,0,0
240
4378914,0,-128
4378914,1,-94
4378914,2,-93
4378914,3,-128
4378914,4,-128
4378914,5,-128
4378914,6,-128
4378914,7,-94
4378914,8,-128
4378914,9,-128
4378914,10,-128
4378914,11,-128
4378914,12,-128
4378914,13,-128
4378914,14,-128
4454220,0,-128
4454220,1,-94
4454220,2,-94
4454220,3,-93
4454220,4,-128
4454220,5,-93
4454220,6,-128
4454220,7,-93
4454220,8,-128
4454220,9,-94
4454220,10,-94
4454220,11,-94
4454220,12,-128
4454220,13,-128
4454220,14,-128
4529568,0,-128
4529568,1,-128
4529568,2,-94
4529568,3,-94
4529568,4,-128
4529568,5,-94
4529568,6,-128
4529568,7,-128
4529568,8,-128
4529568,9,-128
4529568,10,-128
4529568,11,-128
4529568,12,-88
4529568,13,-128
4529568,14,-128
4604907,0,-128
4604907,1,-94
4604907,2,-128
4604907,3,-128
4604907,4,-128
4604907,5,-128
4604907,6,-128
4604907,7,-94
4604907,8,-128
4604907,9,-128
4604907,10,-128
4604907,11,-128
4604907,12,-92
4604907,13,-128
4604907,14,-128
4680214,0,-128
4680214,1,-128
4680214,2,-128
4680214,3,-128
4680214,4,-128
4680214,5,-128
4680214,6,-128
4680214,7,-93
4680214,8,-128
4680214,9,-128
4680214,10,-128
4680214,11,-128
4680214,12,-85
4680214,13,-128
4680214,14,-128
0,0,0
0,0,0
0,0,0
0,0,0
0,0,0
239
4755599,0,-128
4755599,1,-128
4755599,2,-94
4755599,3,-94
4755599,4,-128
4755599,5,-128
4755599,6,-128
4755599,7,-128
4755599,8,-128
4755599,9,-128
4755599,10,-128
4755599,11,-128
4755599,12,-93
4755599,13,-128
4755599,14,-128
4830928,0,-128
4830928,1,-128
4830928,2,-88
4830928,3,-94
4830928,4,-128
4830928,5,-94
4830928,6,-128
4830928,7,-94
4830928,8,-128
4830928,9,-128
4830928,10,-94
4830928,11,-128
4830928,12,-88
4830928,13,-128
4830928,14,-128
4906285,0,-128
4906285,1,-128
4906285,2,-93
4906285,3,-94
4906285,4,-128
4906285,5,-128
4906285,6,-128
4906285,7,-94
4906285,8,-128
4906285,9,-94
4906285,10,-128
4906285,11,-128
4906285,12,-128
4906285,13,-128
4906285,14,-128
4981635,0,-128
4981635,1,-128
4981635,2,-94
4981635,3,-94
4981635,4,-94
4981635,5,-92
4981635,6,-128
4981635,7,-94
4981635,8,-128
4981635,9,-128
4981635,10,-128
4981635,11,-128
4981635,12,-128
4981635,13,-128
4981635,14,-128
5056942,0,-128
5056942,1,-94
5056942,2,-128
5056942,3,-94
5056942,4,-94
5056942,5,-94
5056942,6,-128
5056942,7,-93
5056942,8,-128
5056942,9,-94
5056942,10,-128
5056942,11,-93
5056942,12,-128
5056942,13,-128
5056942,14,-128
0,0,0
0,0,0
0,0,0
0,0,0
0,0,0
238
5132344,0,-128
5132344,1,-128
5132344,2,-128
5132344,3,-94
5132344,4,-94
5132344,5,-128
5132344,6,-128
5132344,7,-94
5132344,8,-128
5132344,9,-128
5132344,10,-128
5132344,11,-94
5132344,12,-92
5132344,13,-128
5132344,14,-128
5207708,0,-128
5207708,1,-128
5207708,2,-93
5207708,3,-93
5207708,4,-91
5207708,5,-94
5207708,6,-128
5207708,7,-93
5207708,8,-128
5207708,9,-92
5207708,10,-93
5207708,11,-128
5207708,12,-128
5207708,13,-128
5207708,14,-128
5283021,0,-128
5283021,1,-128
5283021,2,-128
5283021,3,-128
5283021,4,-94
5283021,5,-128
5283021,6,-128
5283021,7,-93
5283021,8,-128
5283021,9,-128
5283021,10,-128
5283021,11,-128
5283021,12,-128
5283021,13,-128
5283021,14,-128
5358339,0,-128
5358339,1,-128
5358339,2,-94
5358339,3,-93
5358339,4,-128
5358339,5,-128
5358339,6,-128
5358339,7,-128
5358339,8,-128
5358339,9,-93
5358339,10,-93
5358339,11,-128
5358339,12,-128
5358339,13,-128
5358339,14,-128
5433652,0,-128
5433652,1,-94
5433652,2,-93
5433652,3,-92
5433652,4,-128
5433652,5,-94
5433652,6,-128
5433652,7,-128
5433652,8,-128
5433652,9,-92
5433652,10,-90
5433652,11,-128
5433652,12,-128
5433652,13,-128
5433652,14,-128
0,0,0
0,0,0
0,0,0
0,0,0
0,0,0
237
5509080,0,-128
5509080,1,-128
5509080,2,-94
5509080,3,-94
5509080,4,-93
5509080,5,-128
5509080,6,-128
5509080,7,-92
5509080,8,-128
5509080,9,-92
5509080,10,-93
5509080,11,-128
5509080,12,-128
5509080,13,-128
5509080,14,-128
5584400,0,-128
5584400,1,-94
5584400,2,-94
5584400,3,-94
5584400,4,-128
5584400,5,-94
5584400,6,-128
5584400,7,-94
5584400,8,-128
5584400,9,-93
5584400,10,-94
5584400,11,-93
5584400,12,-128
5584400,13,-128
5584400,14,-128
5659758,0,-128
5659758,1,-93
5659758,2,-128
5659758,3,-92
5659758,4,-128
5659758,5,-92
5659758,6,-128
5659758,7,-93
5659758,8,-128
5659758,9,-94
5659758,10,-94
5659758,11,-94
5659758,12,-128
5659758,13,-128
5659758,14,-128
5735096,0,-128
5735096,1,-128
5735096,2,-128
5735096,3,-128
5735096,4,-128
5735096,5,-128
5735096,6,-91
5735096,7,-128
5735096,8,-128
5735096,9,-128
5735096,10,-128
5735096,11,-128
5735096,12,-128
5735096,13,-128
5735096,14,-128
5810446,0,-128
5810446,1,-128
5810446,2,-128
5810446,3,-128
5810446,4,-82
5810446,5,-128
5810446,6,-93
5810446,7,-128
5810446,8,-128
5810446,9,-128
5810446,10,-128
5810446,11,-90
5810446,12,-90
5810446,13,-128
5810446,14,-128
0,0,0
0,0,0
0,0,0
0,0,0
0,0,0
236
5885862,0,-128
5885862,1,-128
5885862,2,-128
5885862,3,-94
5885862,4,-93
5885862,5,-128
5885862,6,-93
5885862,7,-92
5885862,8,-128
5885862,9,-94
5885862,10,-93
5885862,11,-128
5885862,12,-128
5885862,13,-128
5885862,14,-128
5961214,0,-128
5961214,1,-128
5961214,2,-94
5961214,3,-128
5961214,4,-81
5961214,5,-128
5961214,6,-94
5961214,7,-128
5961214,8,-128
5961214,9,-94
5961214,10,-128
5961214,11,-88
5961214,12,-94
5961214,13,-128
5961214,14,-128
6036520,0,-128
6036520,1,-94
6036520,2,-128
6036520,3,-91
6036520,4,-128
6036520,5,-93
6036520,6,-128
6036520,7,-128
6036520,8,-128
6036520,9,-128
6036520,10,-128
6036520,11,-128
6036520,12,-128
6036520,13,-128
6036520,14,-128
6111908,0,-128
6111908,1,-94
6111908,2,-90
6111908,3,-92
6111908,4,-93
6111908,5,-92
6111908,6,-94
6111908,7,-128
6111908,8,-128
6111908,9,-93
6111908,10,-94
6111908,11,-128
6111908,12,-128
6111908,13,-128
6111908,14,-128
6187301,0,-128
6187301,1,-94
6187301,2,-89
6187301,3,-87
6187301,4,-128
6187301,5,-128
6187301,6,-128
6187301,7,-128
6187301,8,-128
6187301,9,-90
6187301,10,-94
6187301,11,-128
6187301,12,-94
6187301,13,-128
6187301,14,-128
0,0,0
0,0,0
0,0,0
0,0,0
0,0,0
235
6262747,0,-128
6262747,1,-93
6262747,2,-94
6262747,3,-93
6262747,4,-128
6262747,5,-93
6262747,6,-93
6262747,7,-128
6262747,8,-128
6262747,9,-91
6262747,10,-89
6262747,11,-93
6262747,12,-94
6262747,13,-128
6262747,14,-128
6338102,0,-128
6338102,1,-128
6338102,2,-94
6338102,3,-128
6338102,4,-94
6338102,5,-128
6338102,6,-128
6338102,7,-128
6338102,8,-128
6338102,9,-94
6338102,10,-128
6338102,11,-128
6338102,12,-94
6338102,13,-94
6338102,14,-128
6413435,0,-128
6413435,1,-90
6413435,2,-93
6413435,3,-92
6413435,4,-128
6413435,5,-128
6413435,6,-128
6413435,7,-128
6413435,8,-128
6413435,9,-92
6413435,10,-128
6413435,11,-94
6413435,12,-94
6413435,13,-128
6413435,14,-128
6488760,0,-128
6488760,1,-128
6488760,2,-90
6488760,3,-94
6488760,4,-128
6488760,5,-128
6488760,6,-128
6488760,7,-128
6488760,8,-128
6488760,9,-128
6488760,10,-128
6488760,11,-128
6488760,12,-128
6488760,13,-128
6488760,14,-128
6564088,0,-128
6564088,1,-94
6564088,2,-128
6564088,3,-94
6564088,4,-128
6564088,5,-128
6564088,6,-128
6564088,7,-128
6564088,8,-128
6564088,9,-94
6564088,10,-128
6564088,11,-128
6564088,12,-128
6564088,13,-128
6564088,14,-128
0,0,0
0,0,0
0,0,0
0,0,0
0,0,0
234
6639469,0,-128
6639469,1,-94
6639469,2,-128
6639469,3,-94
6639469,4,-128
6639469,5,-128
6639469,6,-128
6639469,7,-128
6639469,8,-128
6639469,9,-94
6639469,10,-128
6639469,11,-94
6639469,12,-128
6639469,13,-128
6639469,14,-128
6714808,0,-128
6714808,1,-128
6714808,2,-128
6714808,3,-128
6714808,4,-128
6714808,5,-128
6714808,6,-94
6714808,7,-128
6714808,8,-128
6714808,9,-94
6714808,10,-128
6714808,11,-94
6714808,12,-128
6714808,13,-128
6714808,14,-128
6790158,0,-128
6790158,1,-94
6790158,2,-94
6790158,3,-92
6790158,4,-94
6790158,5,-94
6790158,6,-94
6790158,7,-128
6790158,8,-128
6790158,9,-93
6790158,10,-128
6790158,11,-94
6790158,12,-128
6790158,13,-128
6790158,14,-128
6865483,0,-128
6865483,1,-128
6865483,2,-128
6865483,3,-128
6865483,4,-94
6865483,5,-94
6865483,6,-128
6865483,7,-128
6865483,8,-128
6865483,9,-128
6865483,10,-128
6865483,11,-128
6865483,12,-128
6865483,13,-128
6865483,14,-128
6940804,0,-128
6940804,1,-128
6940804,2,-94
6940804,3,-94
6940804,4,-94
6940804,5,-94
6940804,6,-94
6940804,7,-128
6940804,8,-128
6940804,9,-128
6940804,10,-128
6940804,11,-128
6940804,12,-128
6940804,13,-128
6940804,14,-128
0,0,0
0,0,0
0,0,0
0,0,0
0,0,0
233
3414146,0,-128
3414146,1,-94
3414146,2,-92
3414146,3,-128
3414146,4,-94
3414146,5,-94
3414146,6,-94
3414146,7,-93
3434167,0,-94
3434167,1,-128
3434167,2,-94
3434167,3,-94
3434167,4,-89
3434167,5,-87
3434167,6,-94
3434167,7,-94
3454188,0,-128
3454188,1,-128
3454188,2,-93
3454188,3,-128
3454188,4,-89
3454188,5,-93
3454188,6,-94
3454188,7,-128
3474209,0,-94
3474209,1,-128
3474209,2,-94
3474209,3,-128
3474209,4,-88
3474209,5,-93
3474209,6,-94
3474209,7,-94
3494230,0,-128
3494230,1,-128
3494230,2,-94
3494230,3,-92
3494230,4,-93
3494230,5,-94
3494230,6,-128
3494230,7,-82
3514251,0,-128
3514251,1,-94
3514251,2,-94
3514251,3,-89
3514251,4,-93
3514251,5,-128
3514251,6,-128
3514251,7,-86
3534272,0,-128
3534272,1,-128
3534272,2,-128
3534272,3,-90
3534272,4,-128
3534272,5,-94
3534272,6,-128
3534272,7,-80
3554293,0,-128
3554293,1,-94
3554293,2,-94
3554293,3,-89
3554293,4,-128
3554293,5,-94
3554293,6,-128
3554293,7,-89
3574314,0,-128
3574314,1,-94
3574314,2,-94
3574314,3,-88
3574314,4,-128
3574314,5,-94
3574314,6,-128
3574314,7,-85
3594335,0,-128
3594335,1,-94
3594335,2,-94
3594335,3,-94
3594335,4,-94
3594335,5,-94
3594335,6,-128
3594335,7,-81
232
3614390,0,-128
3614390,1,-94
3614390,2,-94
3614390,3,-92
3614390,4,-94
3614390,5,-94
3614390,6,-128
3614390,7,-94
3634411,0,-128
3634411,1,-94
3634411,2,-94
3634411,3,-87
3634411,4,-128
3634411,5,-94
3634411,6,-128
3634411,7,-93
3654432,0,-128
3654432,1,-128
3654432,2,-94
3654432,3,-89
3654432,4,-94
3654432,5,-94
3654432,6,-128
3654432,7,-90
3674453,0,-128
3674453,1,-92
3674453,2,-94
3674453,3,-92
3674453,4,-94
3674453,5,-94
3674453,6,-128
3674453,7,-84
3694474,0,-128
3694474,1,-94
3694474,2,-94
3694474,3,-91
3694474,4,-94
3694474,5,-94
3694474,6,-128
3694474,7,-90
3714495,0,-128
3714495,1,-128
3714495,2,-128
3714495,3,-93
3714495,4,-94
3714495,5,-94
3714495,6,-128
3714495,7,-86
3734516,0,-128
3734516,1,-128
3734516,2,-94
3734516,3,-90
3734516,4,-94
3734516,5,-94
3734516,6,-128
3734516,7,-93
3754537,0,-128
3754537,1,-128
3754537,2,-94
3754537,3,-89
3754537,4,-128
3754537,5,-94
3754537,6,-128
3754537,7,-87
3774558,0,-128
3774558,1,-128
3774558,2,-94
3774558,3,-88
3774558,4,-94
3774558,5,-94
3774558,6,-128
3774558,7,-128
3794579,0,-94
3794579,1,-128
3794579,2,-94
3794579,3,-90
3794579,4,-94
3794579,5,-94
3794579,6,-128
3794579,7,-93
231
3814634,0,-128
3814634,1,-128
3814634,2,-94
3814634,3,-90
3814634,4,-128
3814634,5,-94
3814634,6,-128
3814634,7,-94
3834655,0,-94
3834655,1,-128
3834655,2,-94
3834655,3,-89
3834655,4,-128
3834655,5,-94
3834655,6,-128
3834655,7,-94
3854676,0,-128
3854676,1,-128
3854676,2,-94
3854676,3,-90
3854676,4,-128
3854676,5,-94
3854676,6,-128
3854676,7,-85
3874697,0,-128
3874697,1,-128
3874697,2,-94
3874697,3,-84
3874697,4,-128
3874697,5,-128
3874697,6,-128
3874697,7,-86
3894718,0,-128
3894718,1,-128
3894718,2,-94
3894718,3,-84
3894718,4,-128
3894718,5,-94
3894718,6,-128
3894718,7,-94
3914739,0,-128
3914739,1,-128
3914739,2,-94
3914739,3,-89
3914739,4,-94
3914739,5,-94
3914739,6,-128
3914739,7,-93
3934760,0,-128
3934760,1,-128
3934760,2,-94
3934760,3,-81
3934760,4,-128
3934760,5,-94
3934760,6,-128
3934760,7,-128
3954781,0,-128
3954781,1,-128
3954781,2,-94
3954781,3,-94
3954781,4,-128
3954781,5,-94
3954781,6,-128
3954781,7,-128
3974802,0,-128
3974802,1,-128
3974802,2,-94
3974802,3,-94
3974802,4,-128
3974802,5,-94
3974802,6,-128
3974802,7,-94
3994823,0,-128
3994823,1,-128
3994823,2,-94
3994823,3,-92
3994823,4,-94
3994823,5,-93
3994823,6,-128
3994823,7,-128
230
4014878,0,-128
4014878,1,-128
4014878,2,-93
4014878,3,-128
4014878,4,-94
4014878,5,-94
4014878,6,-128
4014878,7,-128
4034899,0,-128
4034899,1,-128
4034899,2,-93
4034899,3,-94
4034899,4,-94
4034899,5,-90
4034899,6,-128
4034899,7,-128
4054920,0,-128
4054920,1,-128
4054920,2,-91
4054920,3,-128
4054920,4,-128
4054920,5,-94
4054920,6,-128
4054920,7,-93
4074941,0,-94
4074941,1,-128
4074941,2,-94
4074941,3,-128
4074941,4,-94
4074941,5,-94
4074941,6,-128
4074941,7,-128
4094962,0,-94
4094962,1,-128
4094962,2,-94
4094962,3,-94
4094962,4,-94
4094962,5,-94
4094962,6,-128
4094962,7,-94
4114983,0,-94
4114983,1,-128
4114983,2,-93
4114983,3,-128
4114983,4,-128
4114983,5,-87
4114983,6,-128
4114983,7,-93
4135004,0,-94
4135004,1,-128
4135004,2,-128
4135004,3,-128
4135004,4,-128
4135004,5,-128
4135004,6,-128
4135004,7,-94
4155025,0,-94
4155025,1,-128
4155025,2,-94
4155025,3,-128
4155025,4,-94
4155025,5,-94
4155025,6,-128
4155025,7,-94
4175046,0,-94
4175046,1,-128
4175046,2,-94
4175046,3,-128
4175046,4,-94
4175046,5,-94
4175046,6,-128
4175046,7,-94
4195067,0,-94
4195067,1,-94
4195067,2,-128
4195067,3,-128
4195067,4,-94
4195067,5,-93
4195067,6,-128
4195067,7,-90
229
4215122,0,-94
4215122,1,-128
4215122,2,-128
4215122,3,-128
4215122,4,-94
4215122,5,-128
4215122,6,-128
4215122,7,-94
4235143,0,-90
4235143,1,-128
4235143,2,-128
4235143,3,-94
4235143,4,-94
4235143,5,-94
4235143,6,-128
4235143,7,-89
4255164,0,-94
4255164,1,-128
4255164,2,-94
4255164,3,-128
4255164,4,-128
4255164,5,-94
4255164,6,-128
4255164,7,-128
4275185,0,-94
4275185,1,-128
4275185,2,-94
4275185,3,-94
4275185,4,-128
4275185,5,-93
4275185,6,-94
4275185,7,-94
4295206,0,-94
4295206,1,-128
4295206,2,-93
4295206,3,-94
4295206,4,-128
4295206,5,-93
4295206,6,-94
4295206,7,-94
4315227,0,-94
4315227,1,-94
4315227,2,-93
4315227,3,-94
4315227,4,-94
4315227,5,-91
4315227,6,-128
4315227,7,-94
4335248,0,-94
4335248,1,-93
4335248,2,-94
4335248,3,-94
4335248,4,-94
4335248,5,-94
4335248,6,-94
4335248,7,-93
4355269,0,-128
4355269,1,-128
4355269,2,-94
4355269,3,-94
4355269,4,-128
4355269,5,-93
4355269,6,-128
4355269,7,-92
4375290,0,-128
4375290,1,-128
4375290,2,-94
4375290,3,-128
4375290,4,-94
4375290,5,-94
4375290,6,-128
4375290,7,-94
4395311,0,-94
4395311,1,-128
4395311,2,-94
4395311,3,-128
4395311,4,-94
4395311,5,-93
4395311,6,-94
4395311,7,-86
228
4415366,0,-94
4415366,1,-128
4415366,2,-94
4415366,3,-128
4415366,4,-94
4415366,5,-93
4415366,6,-128
4415366,7,-94
4435387,0,-94
4435387,1,-128
4435387,2,-94
4435387,3,-94
4435387,4,-128
4435387,5,-93
4435387,6,-94
4435387,7,-128
4455408,0,-128
4455408,1,-128
4455408,2,-94
4455408,3,-94
4455408,4,-94
4455408,5,-94
4455408,6,-128
4455408,7,-128
4475429,0,-94
4475429,1,-128
4475429,2,-94
4475429,3,-128
4475429,4,-128
4475429,5,-94
4475429,6,-128
4475429,7,-94
4495450,0,-94
4495450,1,-128
4495450,2,-94
4495450,3,-94
4495450,4,-93
4495450,5,-94
4495450,6,-128
4495450,7,-93
4515471,0,-94
4515471,1,-128
4515471,2,-94
4515471,3,-128
4515471,4,-128
4515471,5,-94
4515471,6,-94
4515471,7,-94
4535492,0,-94
4535492,1,-128
4535492,2,-94
4535492,3,-128
4535492,4,-128
4535492,5,-93
4535492,6,-94
4535492,7,-94
4555513,0,-128
4555513,1,-128
4555513,2,-128
4555513,3,-94
4555513,4,-128
4555513,5,-94
4555513,6,-128
4555513,7,-93
4575534,0,-128
4575534,1,-94
4575534,2,-94
4575534,3,-128
4575534,4,-128
4575534,5,-94
4575534,6,-93
4575534,7,-87
4595555,0,-94
4595555,1,-94
4595555,2,-93
4595555,3,-94
4595555,4,-128
4595555,5,-94
4595555,6,-93
4595555,7,-94
227
4615610,0,-94
4615610,1,-128
4615610,2,-93
4615610,3,-94
4615610,4,-128
4615610,5,-93
4615610,6,-92
4615610,7,-92
4635631,0,-94
4635631,1,-128
4635631,2,-92
4635631,3,-94
4635631,4,-128
4635631,5,-93
4635631,6,-94
4635631,7,-94
4655652,0,-94
4655652,1,-128
4655652,2,-93
4655652,3,-92
4655652,4,-128
4655652,5,-93
4655652,6,-89
4655652,7,-94
4675673,0,-94
4675673,1,-128
4675673,2,-94
4675673,3,-128
4675673,4,-128
4675673,5,-94
4675673,6,-93
4675673,7,-91
4695694,0,-94
4695694,1,-93
4695694,2,-94
4695694,3,-128
4695694,4,-128
4695694,5,-94
4695694,6,-94
4695694,7,-94
4715715,0,-128
4715715,1,-128
4715715,2,-94
4715715,3,-128
4715715,4,-128
4715715,5,-92
4715715,6,-94
4715715,7,-128
4735736,0,-94
4735736,1,-128
4735736,2,-94
4735736,3,-128
4735736,4,-128
4735736,5,-93
4735736,6,-94
4735736,7,-128
4755757,0,-94
4755757,1,-128
4755757,2,-94
4755757,3,-128
4755757,4,-128
4755757,5,-94
4755757,6,-91
4755757,7,-94
4775778,0,-94
4775778,1,-93
4775778,2,-128
4775778,3,-128
4775778,4,-128
4775778,5,-94
4775778,6,-128
4775778,7,-128
4795799,0,-128
4795799,1,-94
4795799,2,-94
4795799,3,-128
4795799,4,-128
4795799,5,-94
4795799,6,-94
4795799,7,-128
226
4815854,0,-128
4815854,1,-94
4815854,2,-94
4815854,3,-94
4815854,4,-128
4815854,5,-93
4815854,6,-94
4815854,7,-128
4835875,0,-94
4835875,1,-93
4835875,2,-94
4835875,3,-128
4835875,4,-128
4835875,5,-93
4835875,6,-94
4835875,7,-128
4855896,0,-128
4855896,1,-94
4855896,2,-94
4855896,3,-128
4855896,4,-128
4855896,5,-93
4855896,6,-94
4855896,7,-128
4875917,0,-94
4875917,1,-94
4875917,2,-94
4875917,3,-128
4875917,4,-128
4875917,5,-93
4875917,6,-93
4875917,7,-90
4895938,0,-94
4895938,1,-94
4895938,2,-94
4895938,3,-128
4895938,4,-94
4895938,5,-128
4895938,6,-128
4895938,7,-93
4915959,0,-91
4915959,1,-94
4915959,2,-93
4915959,3,-128
4915959,4,-92
4915959,5,-94
4915959,6,-94
4915959,7,-87
4935980,0,-91
4935980,1,-94
4935980,2,-128
4935980,3,-128
4935980,4,-93
4935980,5,-93
4935980,6,-94
4935980,7,-89
4956001,0,-93
4956001,1,-93
4956001,2,-128
4956001,3,-128
4956001,4,-94
4956001,5,-128
4956001,6,-94
4956001,7,-93
4976022,0,-90
4976022,1,-94
4976022,2,-128
4976022,3,-93
4976022,4,-128
4976022,5,-94
4976022,6,-94
4976022,7,-128
4996043,0,-94
4996043,1,-94
4996043,2,-94
4996043,3,-90
4996043,4,-128
4996043,5,-94
4996043,6,-93
4996043,7,-94
225
5016098,0,-94
5016098,1,-94
5016098,2,-94
5016098,3,-94
5016098,4,-128
5016098,5,-93
5016098,6,-93
5016098,7,-93
5036119,0,-93
5036119,1,-128
5036119,2,-94
5036119,3,-94
5036119,4,-128
5036119,5,-93
5036119,6,-93
5036119,7,-94
5056140,0,-94
5056140,1,-94
5056140,2,-94
5056140,3,-93
5056140,4,-128
5056140,5,-94
5056140,6,-93
5056140,7,-128
5076161,0,-94
5076161,1,-94
5076161,2,-128
5076161,3,-92
5076161,4,-128
5076161,5,-92
5076161,6,-94
5076161,7,-128
5096182,0,-93
5096182,1,-94
5096182,2,-128
5096182,3,-93
5096182,4,-128
5096182,5,-94
5096182,6,-94
5096182,7,-94
5116203,0,-93
5116203,1,-94
5116203,2,-128
5116203,3,-92
5116203,4,-128
5116203,5,-128
5116203,6,-88
5116203,7,-94
5136224,0,-93
5136224,1,-94
5136224,2,-128
5136224,3,-128
5136224,4,-128
5136224,5,-128
5136224,6,-94
5136224,7,-94
5156245,0,-94
5156245,1,-128
5156245,2,-128
5156245,3,-128
5156245,4,-128
5156245,5,-128
5156245,6,-93
5156245,7,-94
5176266,0,-93
5176266,1,-94
5176266,2,-128
5176266,3,-128
5176266,4,-128
5176266,5,-128
5176266,6,-94
5176266,7,-94
5196287,0,-94
5196287,1,-128
5196287,2,-128
5196287,3,-128
5196287,4,-128
5196287,5,-128
5196287,6,-94
5196287,7,-128
224
5216342,0,-94
5216342,1,-94
5216342,2,-128
5216342,3,-94
5216342,4,-128
5216342,5,-128
5216342,6,-128
5216342,7,-94
5236363,0,-93
5236363,1,-128
5236363,2,-128
5236363,3,-94
5236363,4,-128
5236363,5,-94
5236363,6,-90
5236363,7,-94
5256384,0,-128
5256384,1,-85
5256384,2,-128
5256384,3,-93
5256384,4,-128
5256384,5,-94
5256384,6,-94
5256384,7,-94
5276405,0,-93
5276405,1,-82
5276405,2,-128
5276405,3,-93
5276405,4,-128
5276405,5,-94
5276405,6,-94
5276405,7,-94
5296426,0,-94
5296426,1,-93
5296426,2,-128
5296426,3,-94
5296426,4,-128
5296426,5,-94
5296426,6,-128
5296426,7,-94
5316447,0,-93
5316447,1,-94
5316447,2,-128
5316447,3,-93
5316447,4,-128
5316447,5,-94
5316447,6,-94
5316447,7,-128
5336468,0,-93
5336468,1,-94
5336468,2,-94
5336468,3,-128
5336468,4,-128
5336468,5,-94
5336468,6,-93
5336468,7,-93
5356489,0,-94
5356489,1,-94
5356489,2,-90
5356489,3,-128
5356489,4,-128
5356489,5,-128
5356489,6,-90
5356489,7,-128
5376510,0,-128
5376510,1,-94
5376510,2,-87
5376510,3,-128
5376510,4,-128
5376510,5,-128
5376510,6,-94
5376510,7,-91
5396531,0,-93
5396531,1,-94
5396531,2,-94
5396531,3,-128
5396531,4,-128
5396531,5,-128
5396531,6,-93
5396531,7,-94
223
5416586,0,-93
5416586,1,-94
5416586,2,-128
5416586,3,-128
5416586,4,-128
5416586,5,-94
5416586,6,-94
5416586,7,-93
5436607,0,-128
5436607,1,-94
5436607,2,-94
5436607,3,-128
5436607,4,-128
5436607,5,-90
5436607,6,-94
5436607,7,-128
5456628,0,-128
5456628,1,-94
5456628,2,-93
5456628,3,-128
5456628,4,-128
5456628,5,-128
5456628,6,-93
5456628,7,-128
5476649,0,-93
5476649,1,-94
5476649,2,-128
5476649,3,-128
5476649,4,-128
5476649,5,-94
5476649,6,-93
5476649,7,-94
5496670,0,-94
5496670,1,-94
5496670,2,-94
5496670,3,-128
5496670,4,-128
5496670,5,-128
5496670,6,-94
5496670,7,-94
5516691,0,-94
5516691,1,-94
5516691,2,-128
5516691,3,-128
5516691,4,-128
5516691,5,-128
5516691,6,-94
5516691,7,-94
5536712,0,-94
5536712,1,-94
5536712,2,-94
5536712,3,-128
5536712,4,-128
5536712,5,-128
5536712,6,-94
5536712,7,-94
5556733,0,-128
5556733,1,-94
5556733,2,-128
5556733,3,-128
5556733,4,-128
5556733,5,-128
5556733,6,-93
5556733,7,-94
5576754,0,-93
5576754,1,-128
5576754,2,-128
5576754,3,-128
5576754,4,-128
5576754,5,-128
5576754,6,-94
5576754,7,-94
5596775,0,-94
5596775,1,-94
5596775,2,-128
5596775,3,-128
5596775,4,-128
5596775,5,-128
5596775,6,-88
5596775,7,-94
222
5616830,0,-94
5616830,1,-94
5616830,2,-128
5616830,3,-128
5616830,4,-128
5616830,5,-128
5616830,6,-89
5616830,7,-128
5636851,0,-128
5636851,1,-94
5636851,2,-128
5636851,3,-128
5636851,4,-128
5636851,5,-128
5636851,6,-91
5636851,7,-128
5656872,0,-94
5656872,1,-94
5656872,2,-128
5656872,3,-128
5656872,4,-128
5656872,5,-94
5656872,6,-92
5656872,7,-128
5676893,0,-94
5676893,1,-128
5676893,2,-128
5676893,3,-128
5676893,4,-128
5676893,5,-128
5676893,6,-94
5676893,7,-128
5696914,0,-94
5696914,1,-94
5696914,2,-128
5696914,3,-128
5696914,4,-128
5696914,5,-128
5696914,6,-94
5696914,7,-128
5716935,0,-94
5716935,1,-128
5716935,2,-128
5716935,3,-128
5716935,4,-128
5716935,5,-128
5716935,6,-94
5716935,7,-128
5736956,0,-93
5736956,1,-128
5736956,2,-128
5736956,3,-128
5736956,4,-128
5736956,5,-128
5736956,6,-94
5736956,7,-128
5756977,0,-93
5756977,1,-128
5756977,2,-94
5756977,3,-128
5756977,4,-128
5756977,5,-128
5756977,6,-128
5756977,7,-94
5776998,0,-93
5776998,1,-94
5776998,2,-128
5776998,3,-94
5776998,4,-128
5776998,5,-128
5776998,6,-128
5776998,7,-128
5797019,0,-92
5797019,1,-94
5797019,2,-93
5797019,3,-94
5797019,4,-128
5797019,5,-128
5797019,6,-128
5797019,7,-128
221
5817073,0,-90
5817073,1,-93
5817073,2,-92
5817073,3,-94
5817073,4,-128
5817073,5,-128
5817073,6,-128
5817073,7,-94
5837094,0,-93
5837094,1,-94
5837094,2,-94
5837094,3,-128
5837094,4,-128
5837094,5,-128
5837094,6,-128
5837094,7,-94
5857115,0,-93
5857115,1,-94
5857115,2,-94
5857115,3,-128
5857115,4,-128
5857115,5,-93
5857115,6,-128
5857115,7,-94
5877136,0,-91
5877136,1,-94
5877136,2,-94
5877136,3,-94
5877136,4,-128
5877136,5,-93
5877136,6,-128
5877136,7,-94
5897157,0,-92
5897157,1,-94
5897157,2,-91
5897157,3,-94
5897157,4,-128
5897157,5,-128
5897157,6,-128
5897157,7,-128
5917178,0,-86
5917178,1,-94
5917178,2,-94
5917178,3,-128
5917178,4,-88
5917178,5,-94
5917178,6,-128
5917178,7,-94
5937199,0,-86
5937199,1,-128
5937199,2,-94
5937199,3,-128
5937199,4,-128
5937199,5,-94
5937199,6,-128
5937199,7,-94
5957220,0,-84
5957220,1,-94
5957220,2,-94
5957220,3,-93
5957220,4,-128
5957220,5,-94
5957220,6,-128
5957220,7,-94
5977241,0,-89
5977241,1,-94
5977241,2,-128
5977241,3,-94
5977241,4,-128
5977241,5,-94
5977241,6,-128
5977241,7,-87
5997262,0,-88
5997262,1,-94
5997262,2,-93
5997262,3,-128
5997262,4,-128
5997262,5,-93
5997262,6,-128
5997262,7,-93
220
6017317,0,-84
6017317,1,-94
6017317,2,-128
6017317,3,-128
6017317,4,-128
6017317,5,-94
6017317,6,-128
6017317,7,-92
6037338,0,-86
6037338,1,-94
6037338,2,-93
6037338,3,-128
6037338,4,-128
6037338,5,-94
6037338,6,-128
6037338,7,-94
6057359,0,-91
6057359,1,-94
6057359,2,-128
6057359,3,-128
6057359,4,-128
6057359,5,-128
6057359,6,-128
6057359,7,-93
6077380,0,-89
6077380,1,-94
6077380,2,-94
6077380,3,-128
6077380,4,-128
6077380,5,-94
6077380,6,-128
6077380,7,-128
6097401,0,-84
6097401,1,-94
6097401,2,-128
6097401,3,-128
6097401,4,-128
6097401,5,-94
6097401,6,-128
6097401,7,-128
6117422,0,-83
6117422,1,-128
6117422,2,-94
6117422,3,-128
6117422,4,-128
6117422,5,-94
6117422,6,-128
6117422,7,-128
6137443,0,-83
6137443,1,-94
6137443,2,-128
6137443,3,-128
6137443,4,-91
6137443,5,-93
6137443,6,-128
6137443,7,-94
6157464,0,-83
6157464,1,-94
6157464,2,-94
6157464,3,-128
6157464,4,-128
6157464,5,-94
6157464,6,-128
6157464,7,-94
6177485,0,-83
6177485,1,-128
6177485,2,-128
6177485,3,-128
6177485,4,-128
6177485,5,-94
6177485,6,-128
6177485,7,-94
6197506,0,-90
6197506,1,-94
6197506,2,-128
6197506,3,-128
6197506,4,-93
6197506,5,-128
6197506,6,-128
6197506,7,-94
219
6217561,0,-85
6217561,1,-94
6217561,2,-128
6217561,3,-128
6217561,4,-128
6217561,5,-128
6217561,6,-128
6217561,7,-94
6237582,0,-90
6237582,1,-94
6237582,2,-94
6237582,3,-128
6237582,4,-128
6237582,5,-128
6237582,6,-128
6237582,7,-94
6257603,0,-93
6257603,1,-128
6257603,2,-128
6257603,3,-128
6257603,4,-128
6257603,5,-128
6257603,6,-128
6257603,7,-94
6277624,0,-93
6277624,1,-94
6277624,2,-128
6277624,3,-128
6277624,4,-128
6277624,5,-94
6277624,6,-89
6277624,7,-92
6297645,0,-85
6297645,1,-128
6297645,2,-128
6297645,3,-128
6297645,4,-128
6297645,5,-94
6297645,6,-94
6297645,7,-128
6317666,0,-92
6317666,1,-128
6317666,2,-94
6317666,3,-128
6317666,4,-128
6317666,5,-94
6317666,6,-128
6317666,7,-94
6337687,0,-89
6337687,1,-94
6337687,2,-93
6337687,3,-128
6337687,4,-93
6337687,5,-94
6337687,6,-93
6337687,7,-94
6357708,0,-90
6357708,1,-128
6357708,2,-94
6357708,3,-128
6357708,4,-128
6357708,5,-93
6357708,6,-128
6357708,7,-94
6377729,0,-88
6377729,1,-128
6377729,2,-92
6377729,3,-128
6377729,4,-128
6377729,5,-94
6377729,6,-128
6377729,7,-94
6397750,0,-93
6397750,1,-128
6397750,2,-128
6397750,3,-128
6397750,4,-128
6397750,5,-128
6397750,6,-128
6397750,7,-94
218
6417805,0,-88
6417805,1,-128
6417805,2,-128
6417805,3,-128
6417805,4,-128
6417805,5,-94
6417805,6,-128
6417805,7,-94
6437826,0,-88
6437826,1,-128
6437826,2,-94
6437826,3,-94
6437826,4,-128
6437826,5,-94
6437826,6,-128
6437826,7,-93
6457847,0,-87
6457847,1,-94
6457847,2,-92
6457847,3,-94
6457847,4,-128
6457847,5,-94
6457847,6,-128
6457847,7,-94
6477868,0,-94
6477868,1,-128
6477868,2,-94
6477868,3,-94
6477868,4,-94
6477868,5,-94
6477868,6,-94
6477868,7,-128
6497889,0,-128
6497889,1,-128
6497889,2,-128
6497889,3,-128
6497889,4,-94
6497889,5,-94
6497889,6,-128
6497889,7,-128
6517910,0,-128
6517910,1,-128
6517910,2,-128
6517910,3,-94
6517910,4,-94
6517910,5,-128
6517910,6,-128
6517910,7,-94
6537931,0,-94
6537931,1,-94
6537931,2,-128
6537931,3,-94
6537931,4,-94
6537931,5,-94
6537931,6,-128
6537931,7,-128
6557952,0,-128
6557952,1,-128
6557952,2,-128
6557952,3,-128
6557952,4,-128
6557952,5,-94
6557952,6,-128
6557952,7,-128
6577973,0,-128
6577973,1,-94
6577973,2,-128
6577973,3,-128
6577973,4,-94
6577973,5,-94
6577973,6,-128
6577973,7,-94
6597994,0,-93
6597994,1,-128
6597994,2,-128
6597994,3,-128
6597994,4,-94
6597994,5,-128
6597994,6,-128
6597994,7,-128
217
6618049,0,-92
6618049,1,-94
6618049,2,-128
6618049,3,-128
6618049,4,-128
6618049,5,-94
6618049,6,-128
6618049,7,-128
6638070,0,-93
6638070,1,-94
6638070,2,-128
6638070,3,-128
6638070,4,-94
6638070,5,-128
6638070,6,-128
6638070,7,-128
6656000,0,-94
6656000,1,-94
6656000,2,-94
6656000,3,-94
6656000,4,-94
6656000,5,-128
6656000,6,-94
6656000,7,-128
6676021,0,-94
6676021,1,-128
6676021,2,-94
6676021,3,-128
6676021,4,-128
6676021,5,-128
6676021,6,-128
6676021,7,-94
6696042,0,-128
6696042,1,-94
6696042,2,-128
6696042,3,-128
6696042,4,-128
6696042,5,-128
6696042,6,-128
6696042,7,-128
6716063,0,-94
6716063,1,-94
6716063,2,-128
6716063,3,-128
6716063,4,-128
6716063,5,-128
6716063,6,-128
6716063,7,-94
6736084,0,-90
6736084,1,-94
6736084,2,-128
6736084,3,-128
6736084,4,-128
6736084,5,-128
6736084,6,-128
6736084,7,-94
6756105,0,-94
6756105,1,-94
6756105,2,-128
6756105,3,-128
6756105,4,-128
6756105,5,-128
6756105,6,-128
6756105,7,-128
6776126,0,-94
6776126,1,-128
6776126,2,-128
6776126,3,-94
6776126,4,-128
6776126,5,-94
6776126,6,-94
6776126,7,-94
6796147,0,-128
6796147,1,-128
6796147,2,-128
6796147,3,-128
6796147,4,-128
6796147,5,-128
6796147,6,-128
6796147,7,-94
216
6816202,0,-93
6816202,1,-128
6816202,2,-128
6816202,3,-128
6816202,4,-128
6816202,5,-128
6816202,6,-128
6816202,7,-128
6836223,0,-94
6836223,1,-128
6836223,2,-128
6836223,3,-128
6836223,4,-128
6836223,5,-128
6836223,6,-128
6836223,7,-128
6856244,0,-94
6856244,1,-128
6856244,2,-128
6856244,3,-128
6856244,4,-128
6856244,5,-128
6856244,6,-128
6856244,7,-128
6876265,0,-94
6876265,1,-128
6876265,2,-128
6876265,3,-128
6876265,4,-128
6876265,5,-128
6876265,6,-128
6876265,7,-128
6896286,0,-93
6896286,1,-128
6896286,2,-128
6896286,3,-128
6896286,4,-128
6896286,5,-128
6896286,6,-128
6896286,7,-128
6916307,0,-94
6916307,1,-128
6916307,2,-128
6916307,3,-128
6916307,4,-128
6916307,5,-128
6916307,6,-128
6916307,7,-128
6936328,0,-94
6936328,1,-128
6936328,2,-128
6936328,3,-128
6936328,4,-128
6936328,5,-128
6936328,6,-128
6936328,7,-128
6956349,0,-93
6956349,1,-128
6956349,2,-128
6956349,3,-128
6956349,4,-128
6956349,5,-128
6956349,6,-94
6956349,7,-128
6976370,0,-94
6976370,1,-94
6976370,2,-128
6976370,3,-128
6976370,4,-128
6976370,5,-94
6976370,6,-128
6976370,7,-128
6996391,0,-94
6996391,1,-128
6996391,2,-128
6996391,3,-128
6996391,4,-94
6996391,5,-128
6996391,6,-128
6996391,7,-128
215
7016446,0,-128
7016446,1,-128
7016446,2,-128
7016446,3,-128
7016446,4,-128
7016446,5,-128
7016446,6,-128
7016446,7,-128
7036467,0,-94
7036467,1,-128
7036467,2,-128
7036467,3,-128
7036467,4,-128
7036467,5,-128
7036467,6,-128
7036467,7,-128
7056488,0,-128
7056488,1,-128
7056488,2,-128
7056488,3,-128
7056488,4,-128
7056488,5,-128
7056488,6,-128
7056488,7,-128
7076509,0,-128
7076509,1,-128
7076509,2,-128
7076509,3,-128
7076509,4,-128
7076509,5,-128
7076509,6,-128
7076509,7,-128
7096530,0,-128
7096530,1,-128
7096530,2,-128
7096530,3,-128
7096530,4,-128
7096530,5,-128
7096530,6,-128
7096530,7,-128
7116551,0,-128
7116551,1,-128
7116551,2,-128
7116551,3,-128
7116551,4,-128
7116551,5,-128
7116551,6,-128
7116551,7,-128
7136572,0,-128
7136572,1,-128
7136572,2,-128
7136572,3,-128
7136572,4,-128
7136572,5,-128
7136572,6,-128
7136572,7,-128
7156593,0,-128
7156593,1,-128
7156593,2,-128
7156593,3,-128
7156593,4,-94
7156593,5,-94
7156593,6,-128
7156593,7,-128
7176614,0,-128
7176614,1,-128
7176614,2,-128
7176614,3,-128
7176614,4,-128
7176614,5,-128
7176614,6,-128
7176614,7,-128
7196635,0,-128
7196635,1,-128
7196635,2,-128
7196635,3,-128
7196635,4,-128
7196635,5,-128
7196635,6,-128
7196635,7,-128
214
7216690,0,-128
7216690,1,-128
7216690,2,-128
7216690,3,-128
7216690,4,-128
7216690,5,-128
7216690,6,-128
7216690,7,-128
7236711,0,-128
7236711,1,-128
7236711,2,-128
7236711,3,-128
7236711,4,-128
7236711,5,-128
7236711,6,-128
7236711,7,-128
7256732,0,-128
7256732,1,-128
7256732,2,-128
7256732,3,-128
7256732,4,-128
7256732,5,-128
7256732,6,-128
7256732,7,-128
7276753,0,-128
7276753,1,-128
7276753,2,-128
7276753,3,-128
7276753,4,-128
7276753,5,-128
7276753,6,-128
7276753,7,-128
7296774,0,-128
7296774,1,-128
7296774,2,-128
7296774,3,-128
7296774,4,-128
7296774,5,-128
7296774,6,-128
7296774,7,-128
7316795,0,-128
7316795,1,-128
7316795,2,-128
7316795,3,-128
7316795,4,-128
7316795,5,-128
7316795,6,-128
7316795,7,-128
7336816,0,-128
7336816,1,-128
7336816,2,-128
7336816,3,-128
7336816,4,-128
7336816,5,-128
7336816,6,-128
7336816,7,-128
7356837,0,-128
7356837,1,-128
7356837,2,-128
7356837,3,-128
7356837,4,-128
7356837,5,-128
7356837,6,-128
7356837,7,-128
7376858,0,-128
7376858,1,-128
7376858,2,-128
7376858,3,-128
7376858,4,-128
7376858,5,-128
7376858,6,-128
7376858,7,-128
7396879,0,-128
7396879,1,-128
7396879,2,-128
7396879,3,-128
7396879,4,-128
7396879,5,-128
7396879,6,-128
7396879,7,-128
213
7416933,0,-128
7416933,1,-128
7416933,2,-128
7416933,3,-94
7416933,4,-128
7416933,5,-94
7416933,6,-128
7416933,7,-128
7436954,0,-128
7436954,1,-128
7436954,2,-128
7436954,3,-128
7436954,4,-94
7436954,5,-128
7436954,6,-128
7436954,7,-94
7456975,0,-128
7456975,1,-128
7456975,2,-128
7456975,3,-128
7456975,4,-128
7456975,5,-128
7456975,6,-128
7456975,7,-128
7476996,0,-128
7476996,1,-128
7476996,2,-128
7476996,3,-128
7476996,4,-94
7476996,5,-128
7476996,6,-94
7476996,7,-94
7497017,0,-128
7497017,1,-128
7497017,2,-94
7497017,3,-128
7497017,4,-128
7497017,5,-128
7497017,6,-128
7497017,7,-128
7517038,0,-128
7517038,1,-128
7517038,2,-128
7517038,3,-128
7517038,4,-128
7517038,5,-128
7517038,6,-128
7517038,7,-128
7537059,0,-128
7537059,1,-128
7537059,2,-128
7537059,3,-128
7537059,4,-128
7537059,5,-128
7537059,6,-94
7537059,7,-94
7557080,0,-94
7557080,1,-128
7557080,2,-128
7557080,3,-128
7557080,4,-128
7557080,5,-128
7557080,6,-128
7557080,7,-128
7577101,0,-128
7577101,1,-128
7577101,2,-128
7577101,3,-94
7577101,4,-128
7577101,5,-128
7577101,6,-94
7577101,7,-128
7597122,0,-128
7597122,1,-128
7597122,2,-128
7597122,3,-128
7597122,4,-128
7597122,5,-128
7597122,6,-128
7597122,7,-128
212
7617177,0,-128
7617177,1,-128
7617177,2,-128
7617177,3,-128
7617177,4,-128
7617177,5,-128
7617177,6,-128
7617177,7,-128
7637198,0,-128
7637198,1,-128
7637198,2,-128
7637198,3,-128
7637198,4,-128
7637198,5,-128
7637198,6,-128
7637198,7,-128
7657219,0,-128
7657219,1,-128
7657219,2,-128
7657219,3,-128
7657219,4,-128
7657219,5,-128
7657219,6,-128
7657219,7,-128
7677240,0,-128
7677240,1,-128
7677240,2,-128
7677240,3,-128
7677240,4,-128
7677240,5,-128
7677240,6,-128
7677240,7,-128
7697261,0,-128
7697261,1,-128
7697261,2,-128
7697261,3,-128
7697261,4,-128
7697261,5,-128
7697261,6,-128
7697261,7,-128
7717282,0,-128
7717282,1,-128
7717282,2,-128
7717282,3,-128
7717282,4,-128
7717282,5,-128
7717282,6,-128
7717282,7,-128
7737303,0,-128
7737303,1,-128
7737303,2,-128
7737303,3,-128
7737303,4,-128
7737303,5,-128
7737303,6,-128
7737303,7,-128
7757324,0,-128
7757324,1,-128
7757324,2,-128
7757324,3,-94
7757324,4,-94
7757324,5,-128
7757324,6,-94
7757324,7,-94
7777345,0,-128
7777345,1,-128
7777345,2,-128
7777345,3,-128
7777345,4,-94
7777345,5,-128
7777345,6,-128
7777345,7,-94
7797366,0,-128
7797366,1,-128
7797366,2,-128
7797366,3,-94
7797366,4,-94
7797366,5,-128
7797366,6,-94
7797366,7,-94
211
7817420,0,-128
7817420,1,-128
7817420,2,-128
7817420,3,-128
7817420,4,-128
7817420,5,-128
7817420,6,-128
7817420,7,-128
7837441,0,-128
7837441,1,-128
7837441,2,-128
7837441,3,-128
7837441,4,-128
7837441,5,-128
7837441,6,-128
7837441,7,-128
7857462,0,-128
7857462,1,-128
7857462,2,-128
7857462,3,-94
7857462,4,-94
7857462,5,-128
7857462,6,-94
7857462,7,-94
7877483,0,-128
7877483,1,-128
7877483,2,-128
7877483,3,-128
7877483,4,-128
7877483,5,-128
7877483,6,-128
7877483,7,-128
7897504,0,-128
7897504,1,-94
7897504,2,-128
7897504,3,-94
7897504,4,-94
7897504,5,-128
7897504,6,-94
7897504,7,-128
7917525,0,-128
7917525,1,-128
7917525,2,-94
7917525,3,-128
7917525,4,-128
7917525,5,-128
7917525,6,-128
7917525,7,-94
7937546,0,-128
7937546,1,-128
7937546,2,-94
7937546,3,-128
7937546,4,-128
7937546,5,-128
7937546,6,-128
7937546,7,-128
7957567,0,-128
7957567,1,-128
7957567,2,-128
7957567,3,-128
7957567,4,-128
7957567,5,-128
7957567,6,-128
7957567,7,-128
7977588,0,-128
7977588,1,-128
7977588,2,-128
7977588,3,-128
7977588,4,-128
7977588,5,-128
7977588,6,-128
7977588,7,-128
7997609,0,-128
7997609,1,-128
7997609,2,-128
7997609,3,-128
7997609,4,-128
7997609,5,-128
7997609,6,-128
7997609,7,-128
210
8017664,0,-128
8017664,1,-128
8017664,2,-94
8017664,3,-128
8017664,4,-94
8017664,5,-128
8017664,6,-94
8017664,7,-128
8037685,0,-128
8037685,1,-128
8037685,2,-128
8037685,3,-128
8037685,4,-94
8037685,5,-128
8037685,6,-128
8037685,7,-128
8057706,0,-128
8057706,1,-128
8057706,2,-128
8057706,3,-128
8057706,4,-128
8057706,5,-128
8057706,6,-128
8057706,7,-128
8077727,0,-128
8077727,1,-128
8077727,2,-128
8077727,3,-94
8077727,4,-94
8077727,5,-128
8077727,6,-94
8077727,7,-128
8097748,0,-128
8097748,1,-128
8097748,2,-128
8097748,3,-128
8097748,4,-94
8097748,5,-128
8097748,6,-94
8097748,7,-128
8117769,0,-128
8117769,1,-128
8117769,2,-128
8117769,3,-94
8117769,4,-128
8117769,5,-128
8117769,6,-128
8117769,7,-128
8137790,0,-128
8137790,1,-128
8137790,2,-128
8137790,3,-94
8137790,4,-94
8137790,5,-128
8137790,6,-94
8137790,7,-94
8157811,0,-128
8157811,1,-128
8157811,2,-128
8157811,3,-128
8157811,4,-128
8157811,5,-128
8157811,6,-128
8157811,7,-128
8177832,0,-128
8177832,1,-128
8177832,2,-128
8177832,3,-128
8177832,4,-128
8177832,5,-128
8177832,6,-128
8177832,7,-128
8197853,0,-128
8197853,1,-128
8197853,2,-128
8197853,3,-128
8197853,4,-128
8197853,5,-128
8197853,6,-128
8197853,7,-128
209
8217908,0,-128
8217908,1,-128
8217908,2,-128
8217908,3,-128
8217908,4,-94
8217908,5,-128
8217908,6,-94
8217908,7,-94
8237929,0,-128
8237929,1,-128
8237929,2,-128
8237929,3,-94
8237929,4,-94
8237929,5,-128
8237929,6,-94
8237929,7,-128
8257950,0,-128
8257950,1,-128
8257950,2,-128
8257950,3,-94
8257950,4,-94
8257950,5,-128
8257950,6,-94
8257950,7,-94
8277971,0,-128
8277971,1,-128
8277971,2,-128
8277971,3,-128
8277971,4,-94
8277971,5,-128
8277971,6,-94
8277971,7,-128
8297992,0,-128
8297992,1,-128
8297992,2,-128
8297992,3,-94
8297992,4,-94
8297992,5,-128
8297992,6,-128
8297992,7,-128
8318013,0,-128
8318013,1,-128
8318013,2,-94
8318013,3,-128
8318013,4,-94
8318013,5,-128
8318013,6,-128
8318013,7,-128
8338034,0,-128
8338034,1,-128
8338034,2,-94
8338034,3,-128
8338034,4,-94
8338034,5,-128
8338034,6,-128
8338034,7,-94
8358055,0,-128
8358055,1,-128
8358055,2,-128
8358055,3,-128
8358055,4,-128
8358055,5,-128
8358055,6,-128
8358055,7,-128
8378076,0,-128
8378076,1,-128
8378076,2,-128
8378076,3,-128
8378076,4,-128
8378076,5,-128
8378076,6,-128
8378076,7,-128
8398097,0,-128
8398097,1,-128
8398097,2,-128
8398097,3,-128
8398097,4,-128
8398097,5,-128
8398097,6,-128
8398097,7,-128
208
8418151,0,-128
8418151,1,-128
8418151,2,-128
8418151,3,-128
8418151,4,-128
8418151,5,-128
8418151,6,-128
8418151,7,-128
8438172,0,-94
8438172,1,-128
8438172,2,-128
8438172,3,-128
8438172,4,-128
8438172,5,-128
8438172,6,-128
8438172,7,-128
8458193,0,-128
8458193,1,-128
8458193,2,-128
8458193,3,-128
8458193,4,-128
8458193,5,-128
8458193,6,-128
8458193,7,-128
8478214,0,-128
8478214,1,-128
8478214,2,-128
8478214,3,-128
8478214,4,-128
8478214,5,-128
8478214,6,-128
8478214,7,-128
8498235,0,-128
8498235,1,-128
8498235,2,-128
8498235,3,-128
8498235,4,-128
8498235,5,-128
8498235,6,-128
8498235,7,-128
8518256,0,-128
8518256,1,-128
8518256,2,-128
8518256,3,-128
8518256,4,-128
8518256,5,-128
8518256,6,-128
8518256,7,-128
8538277,0,-128
8538277,1,-128
8538277,2,-128
8538277,3,-128
8538277,4,-128
8538277,5,-128
8538277,6,-128
8538277,7,-128
8558298,0,-128
8558298,1,-128
8558298,2,-128
8558298,3,-128
8558298,4,-128
8558298,5,-128
8558298,6,-128
8558298,7,-128
8578319,0,-128
8578319,1,-128
8578319,2,-128
8578319,3,-94
8578319,4,-94
8578319,5,-94
8578319,6,-128
8578319,7,-94
8598340,0,-128
8598340,1,-128
8598340,2,-128
8598340,3,-128
8598340,4,-128
8598340,5,-94
8598340,6,-128
8598340,7,-128
207
8618395,0,-128
8618395,1,-128
8618395,2,-128
8618395,3,-128
8618395,4,-128
8618395,5,-128
8618395,6,-128
8618395,7,-128
8638416,0,-128
8638416,1,-128
8638416,2,-128
8638416,3,-128
8638416,4,-128
8638416,5,-128
8638416,6,-128
8638416,7,-128
8658437,0,-128
8658437,1,-128
8658437,2,-128
8658437,3,-128
8658437,4,-128
8658437,5,-128
8658437,6,-128
8658437,7,-128
8678458,0,-128
8678458,1,-128
8678458,2,-128
8678458,3,-128
8678458,4,-128
8678458,5,-128
8678458,6,-128
8678458,7,-128
8698479,0,-128
8698479,1,-128
8698479,2,-128
8698479,3,-128
8698479,4,-128
8698479,5,-128
8698479,6,-128
8698479,7,-128
8718500,0,-128
8718500,1,-128
8718500,2,-128
8718500,3,-128
8718500,4,-128
8718500,5,-128
8718500,6,-128
8718500,7,-128
8738521,0,-128
8738521,1,-128
8738521,2,-128
8738521,3,-128
8738521,4,-128
8738521,5,-128
8738521,6,-128
8738521,7,-128
8758542,0,-128
8758542,1,-128
8758542,2,-94
8758542,3,-128
8758542,4,-128
8758542,5,-94
8758542,6,-94
8758542,7,-128
8778563,0,-128
8778563,1,-128
8778563,2,-128
8778563,3,-128
8778563,4,-128
8778563,5,-128
8778563,6,-128
8778563,7,-128
8798584,0,-128
8798584,1,-128
8798584,2,-128
8798584,3,-128
8798584,4,-128
8798584,5,-128
8798584,6,-128
8798584,7,-128
206
8818639,0,-128
8818639,1,-128
8818639,2,-128
8818639,3,-128
8818639,4,-128
8818639,5,-128
8818639,6,-128
8818639,7,-128
8838660,0,-128
8838660,1,-128
8838660,2,-128
8838660,3,-128
8838660,4,-128
8838660,5,-128
8838660,6,-128
8838660,7,-128
8858681,0,-128
8858681,1,-94
8858681,2,-128
8858681,3,-128
8858681,4,-128
8858681,5,-128
8858681,6,-128
8858681,7,-128
8878702,0,-128
8878702,1,-128
8878702,2,-128
8878702,3,-128
8878702,4,-128
8878702,5,-128
8878702,6,-128
8878702,7,-128
8898723,0,-128
8898723,1,-128
8898723,2,-128
8898723,3,-94
8898723,4,-128
8898723,5,-128
8898723,6,-94
8898723,7,-128
8918744,0,-128
8918744,1,-94
8918744,2,-128
8918744,3,-94
8918744,4,-128
8918744,5,-94
8918744,6,-128
8918744,7,-128
8938765,0,-128
8938765,1,-93
8938765,2,-128
8938765,3,-94
8938765,4,-128
8938765,5,-128
8938765,6,-94
8938765,7,-128
8958786,0,-128
8958786,1,-94
8958786,2,-128
8958786,3,-128
8958786,4,-128
8958786,5,-128
8958786,6,-128
8958786,7,-128
8978807,0,-128
8978807,1,-128
8978807,2,-128
8978807,3,-94
8978807,4,-128
8978807,5,-128
8978807,6,-128
8978807,7,-128
8998828,0,-128
8998828,1,-94
8998828,2,-128
8998828,3,-94
8998828,4,-128
8998828,5,-94
8998828,6,-128
8998828,7,-128
205
9018883,0,-128
9018883,1,-92
9018883,2,-128
9018883,3,-128
9018883,4,-128
9018883,5,-94
9018883,6,-128
9018883,7,-128
9038904,0,-128
9038904,1,-128
9038904,2,-128
9038904,3,-128
9038904,4,-128
9038904,5,-128
9038904,6,-128
9038904,7,-128
9058925,0,-128
9058925,1,-94
9058925,2,-128
9058925,3,-128
9058925,4,-128
9058925,5,-128
9058925,6,-128
9058925,7,-128
9078946,0,-128
9078946,1,-87
9078946,2,-128
9078946,3,-128
9078946,4,-128
9078946,5,-128
9078946,6,-128
9078946,7,-128
9098967,0,-128
9098967,1,-94
9098967,2,-128
9098967,3,-128
9098967,4,-128
9098967,5,-128
9098967,6,-128
9098967,7,-128
9118988,0,-128
9118988,1,-94
9118988,2,-128
9118988,3,-128
9118988,4,-128
9118988,5,-128
9118988,6,-128
9118988,7,-128
9139009,0,-128
9139009,1,-94
9139009,2,-128
9139009,3,-128
9139009,4,-128
9139009,5,-94
9139009,6,-128
9139009,7,-128
9159030,0,-128
9159030,1,-89
9159030,2,-128
9159030,3,-128
9159030,4,-128
9159030,5,-91
9159030,6,-128
9159030,7,-128
9179051,0,-94
9179051,1,-94
9179051,2,-128
9179051,3,-128
9179051,4,-128
9179051,5,-94
9179051,6,-128
9179051,7,-128
9199072,0,-128
9199072,1,-89
9199072,2,-128
9199072,3,-128
9199072,4,-93
9199072,5,-128
9199072,6,-128
9199072,7,-128
204
9216000,0,-128
9216000,1,-128
9216000,2,-128
9216000,3,-128
9216000,4,-93
9216000,5,-128
9216000,6,-128
9216000,7,-128
9236021,0,-128
9236021,1,-94
9236021,2,-128
9236021,3,-128
9236021,4,-128
9236021,5,-94
9236021,6,-128
9236021,7,-94
9256042,0,-128
9256042,1,-94
9256042,2,-128
9256042,3,-128
9256042,4,-128
9256042,5,-93
9256042,6,-94
9256042,7,-94
9276063,0,-94
9276063,1,-128
9276063,2,-128
9276063,3,-128
9276063,4,-128
9276063,5,-93
9276063,6,-128
9276063,7,-94
9296084,0,-128
9296084,1,-128
9296084,2,-128
9296084,3,-128
9296084,4,-128
9296084,5,-128
9296084,6,-128
9296084,7,-128
9316105,0,-128
9316105,1,-128
9316105,2,-128
9316105,3,-128
9316105,4,-128
9316105,5,-91
9316105,6,-128
9316105,7,-94
9336126,0,-128
9336126,1,-128
9336126,2,-128
9336126,3,-128
9336126,4,-128
9336126,5,-94
9336126,6,-128
9336126,7,-94
9356147,0,-128
9356147,1,-128
9356147,2,-128
9356147,3,-128
9356147,4,-128
9356147,5,-94
9356147,6,-128
9356147,7,-128
9376168,0,-128
9376168,1,-128
9376168,2,-128
9376168,3,-128
9376168,4,-128
9376168,5,-128
9376168,6,-93
9376168,7,-128
9396189,0,-94
9396189,1,-128
9396189,2,-128
9396189,3,-128
9396189,4,-128
9396189,5,-94
9396189,6,-94
9396189,7,-128
203
9416244,0,-128
9416244,1,-128
9416244,2,-128
9416244,3,-94
9416244,4,-128
9416244,5,-94
9416244,6,-94
9416244,7,-94
9436265,0,-128
9436265,1,-93
9436265,2,-128
9436265,3,-128
9436265,4,-128
9436265,5,-89
9436265,6,-94
9436265,7,-94
9456286,0,-128
9456286,1,-93
9456286,2,-128
9456286,3,-128
9456286,4,-128
9456286,5,-94
9456286,6,-94
9456286,7,-94
9476307,0,-128
9476307,1,-94
9476307,2,-128
9476307,3,-128
9476307,4,-128
9476307,5,-128
9476307,6,-94
9476307,7,-94
9496328,0,-128
9496328,1,-94
9496328,2,-128
9496328,3,-128
9496328,4,-128
9496328,5,-94
9496328,6,-128
9496328,7,-94
9516349,0,-128
9516349,1,-94
9516349,2,-128
9516349,3,-128
9516349,4,-94
9516349,5,-128
9516349,6,-94
9516349,7,-128
9536370,0,-128
9536370,1,-92
9536370,2,-128
9536370,3,-128
9536370,4,-128
9536370,5,-128
9536370,6,-94
9536370,7,-128
9556391,0,-128
9556391,1,-91
9556391,2,-128
9556391,3,-128
9556391,4,-128
9556391,5,-128
9556391,6,-94
9556391,7,-128
9576412,0,-128
9576412,1,-128
9576412,2,-128
9576412,3,-128
9576412,4,-128
9576412,5,-128
9576412,6,-128
9576412,7,-128
9596433,0,-128
9596433,1,-128
9596433,2,-128
9596433,3,-128
9596433,4,-128
9596433,5,-128
9596433,6,-128
9596433,7,-128
202
9616488,0,-128
9616488,1,-128
9616488,2,-128
9616488,3,-128
9616488,4,-128
9616488,5,-94
9616488,6,-128
9616488,7,-128
9636509,0,-128
9636509,1,-128
9636509,2,-128
9636509,3,-128
9636509,4,-128
9636509,5,-128
9636509,6,-94
9636509,7,-128
9656530,0,-128
9656530,1,-94
9656530,2,-128
9656530,3,-128
9656530,4,-128
9656530,5,-94
9656530,6,-128
9656530,7,-128
9676551,0,-128
9676551,1,-93
9676551,2,-128
9676551,3,-90
9676551,4,-128
9676551,5,-94
9676551,6,-93
9676551,7,-128
9696572,0,-90
9696572,1,-128
9696572,2,-128
9696572,3,-94
9696572,4,-128
9696572,5,-94
9696572,6,-94
9696572,7,-128
9716593,0,-93
9716593,1,-92
9716593,2,-128
9716593,3,-128
9716593,4,-94
9716593,5,-128
9716593,6,-94
9716593,7,-128
9736614,0,-93
9736614,1,-128
9736614,2,-128
9736614,3,-128
9736614,4,-94
9736614,5,-128
9736614,6,-93
9736614,7,-128
9756635,0,-93
9756635,1,-128
9756635,2,-128
9756635,3,-128
9756635,4,-128
9756635,5,-128
9756635,6,-94
9756635,7,-128
9776656,0,-94
9776656,1,-128
9776656,2,-128
9776656,3,-128
9776656,4,-94
9776656,5,-94
9776656,6,-94
9776656,7,-94
9796677,0,-94
9796677,1,-93
9796677,2,-128
9796677,3,-128
9796677,4,-128
9796677,5,-93
9796677,6,-94
9796677,7,-128
201
9816732,0,-91
9816732,1,-128
9816732,2,-128
9816732,3,-128
9816732,4,-128
9816732,5,-94
9816732,6,-128
9816732,7,-94
9836753,0,-94
9836753,1,-128
9836753,2,-128
9836753,3,-94
9836753,4,-91
9836753,5,-92
9836753,6,-94
9836753,7,-94
9856774,0,-128
9856774,1,-128
9856774,2,-128
9856774,3,-93
9856774,4,-94
9856774,5,-94
9856774,6,-128
9856774,7,-94
9876795,0,-94
9876795,1,-91
9876795,2,-128
9876795,3,-94
9876795,4,-128
9876795,5,-94
9876795,6,-128
9876795,7,-128
9896816,0,-128
9896816,1,-128
9896816,2,-128
9896816,3,-94
9896816,4,-128
9896816,5,-94
9896816,6,-128
9896816,7,-128
9916837,0,-93
9916837,1,-94
9916837,2,-93
9916837,3,-93
9916837,4,-89
9916837,5,-94
9916837,6,-128
9916837,7,-128
9936858,0,-128
9936858,1,-94
9936858,2,-128
9936858,3,-94
9936858,4,-94
9936858,5,-94
9936858,6,-128
9936858,7,-94
9956879,0,-128
9956879,1,-91
9956879,2,-128
9956879,3,-94
9956879,4,-128
9956879,5,-94
9956879,6,-94
9956879,7,-93
9976900,0,-94
9976900,1,-94
9976900,2,-91
9976900,3,-128
9976900,4,-87
9976900,5,-94
9976900,6,-128
9976900,7,-94
9996921,0,-94
9996921,1,-94
9996921,2,-92
9996921,3,-94
9996921,4,-91
9996921,5,-94
9996921,6,-128
9996921,7,-93
200
10016976,0,-128
10016976,1,-94
10016976,2,-93
10016976,3,-94
10016976,4,-94
10016976,5,-94
10016976,6,-128
10016976,7,-94
10036997,0,-128
10036997,1,-94
10036997,2,-93
10036997,3,-128
10036997,4,-128
10036997,5,-94
10036997,6,-128
10036997,7,-93
10057018,0,-128
10057018,1,-128
10057018,2,-93
10057018,3,-94
10057018,4,-128
10057018,5,-94
10057018,6,-128
10057018,7,-89
10077039,0,-128
10077039,1,-128
10077039,2,-93
10077039,3,-94
10077039,4,-128
10077039,5,-94
10077039,6,-128
10077039,7,-88
10097060,0,-128
10097060,1,-94
10097060,2,-93
10097060,3,-94
10097060,4,-128
10097060,5,-93
10097060,6,-94
10097060,7,-87
10117081,0,-94
10117081,1,-128
10117081,2,-94
10117081,3,-94
10117081,4,-128
10117081,5,-93
10117081,6,-128
10117081,7,-91
10137102,0,-92
10137102,1,-128
10137102,2,-94
10137102,3,-94
10137102,4,-128
10137102,5,-94
10137102,6,-94
10137102,7,-91
10157123,0,-128
10157123,1,-128
10157123,2,-128
10157123,3,-94
10157123,4,-94
10157123,5,-94
10157123,6,-128
10157123,7,-91
10177144,0,-128
10177144,1,-93
10177144,2,-128
10177144,3,-128
10177144,4,-94
10177144,5,-94
10177144,6,-128
10177144,7,-91
10197165,0,-128
10197165,1,-94
10197165,2,-128
10197165,3,-94
10197165,4,-94
10197165,5,-94
10197165,6,-128
10197165,7,-91
199
10217220,0,-128
10217220,1,-94
10217220,2,-128
10217220,3,-94
10217220,4,-128
10217220,5,-94
10217220,6,-128
10217220,7,-93
10237241,0,-128
10237241,1,-94
10237241,2,-128
10237241,3,-94
10237241,4,-128
10237241,5,-128
10237241,6,-128
10237241,7,-90
10257262,0,-128
10257262,1,-94
10257262,2,-128
10257262,3,-93
10257262,4,-94
10257262,5,-93
10257262,6,-128
10257262,7,-93
10277283,0,-128
10277283,1,-93
10277283,2,-128
10277283,3,-94
10277283,4,-128
10277283,5,-94
10277283,6,-128
10277283,7,-91
10297304,0,-128
10297304,1,-93
10297304,2,-128
10297304,3,-93
10297304,4,-128
10297304,5,-92
10297304,6,-94
10297304,7,-85
10317325,0,-94
10317325,1,-94
10317325,2,-128
10317325,3,-93
10317325,4,-91
10317325,5,-94
10317325,6,-94
10317325,7,-93
10337346,0,-128
10337346,1,-128
10337346,2,-128
10337346,3,-94
10337346,4,-94
10337346,5,-128
10337346,6,-128
10337346,7,-94
10357367,0,-128
10357367,1,-91
10357367,2,-128
10357367,3,-94
10357367,4,-94
10357367,5,-94
10357367,6,-128
10357367,7,-94
10377388,0,-128
10377388,1,-93
10377388,2,-128
10377388,3,-93
10377388,4,-94
10377388,5,-93
10377388,6,-128
10377388,7,-93
10397409,0,-128
10397409,1,-128
10397409,2,-128
10397409,3,-94
10397409,4,-92
10397409,5,-94
10397409,6,-128
10397409,7,-90
198
10417464,0,-128
10417464,1,-128
10417464,2,-128
10417464,3,-94
10417464,4,-128
10417464,5,-94
10417464,6,-128
10417464,7,-89
10437485,0,-128
10437485,1,-128
10437485,2,-128
10437485,3,-94
10437485,4,-128
10437485,5,-93
10437485,6,-128
10437485,7,-84
10457506,0,-128
10457506,1,-94
10457506,2,-128
10457506,3,-92
10457506,4,-94
10457506,5,-94
10457506,6,-128
10457506,7,-88
10477527,0,-128
10477527,1,-94
10477527,2,-128
10477527,3,-93
10477527,4,-128
10477527,5,-94
10477527,6,-128
10477527,7,-86
10497548,0,-128
10497548,1,-94
10497548,2,-128
10497548,3,-94
10497548,4,-94
10497548,5,-94
10497548,6,-128
10497548,7,-93
10517569,0,-128
10517569,1,-94
10517569,2,-128
10517569,3,-93
10517569,4,-128
10517569,5,-94
10517569,6,-128
10517569,7,-94
10537590,0,-128
10537590,1,-94
10537590,2,-128
10537590,3,-94
10537590,4,-93
10537590,5,-94
10537590,6,-128
10537590,7,-94
10557611,0,-128
10557611,1,-94
10557611,2,-128
10557611,3,-93
10557611,4,-128
10557611,5,-94
10557611,6,-128
10557611,7,-92
10577632,0,-128
10577632,1,-94
10577632,2,-128
10577632,3,-94
10577632,4,-93
10577632,5,-128
10577632,6,-128
10577632,7,-88
10597653,0,-128
10597653,1,-94
10597653,2,-128
10597653,3,-93
10597653,4,-93
10597653,5,-94
10597653,6,-128
10597653,7,-87
197
10617708,0,-128
10617708,1,-128
10617708,2,-128
10617708,3,-94
10617708,4,-93
10617708,5,-94
10617708,6,-128
10617708,7,-93
10637729,0,-128
10637729,1,-128
10637729,2,-128
10637729,3,-94
10637729,4,-91
10637729,5,-128
10637729,6,-128
10637729,7,-88
10657750,0,-128
10657750,1,-128
10657750,2,-128
10657750,3,-94
10657750,4,-128
10657750,5,-128
10657750,6,-128
10657750,7,-87
10677771,0,-128
10677771,1,-128
10677771,2,-128
10677771,3,-93
10677771,4,-94
10677771,5,-128
10677771,6,-128
10677771,7,-92
10697792,0,-128
10697792,1,-128
10697792,2,-128
10697792,3,-94
10697792,4,-93
10697792,5,-94
10697792,6,-128
10697792,7,-92
10717813,0,-128
10717813,1,-128
10717813,2,-128
10717813,3,-94
10717813,4,-94
10717813,5,-94
10717813,6,-128
10717813,7,-94
10737834,0,-128
10737834,1,-94
10737834,2,-128
10737834,3,-94
10737834,4,-128
10737834,5,-94
10737834,6,-128
10737834,7,-84
10757855,0,-128
10757855,1,-94
10757855,2,-128
10757855,3,-94
10757855,4,-128
10757855,5,-94
10757855,6,-128
10757855,7,-83
10777876,0,-128
10777876,1,-94
10777876,2,-128
10777876,3,-93
10777876,4,-89
10777876,5,-94
10777876,6,-128
10777876,7,-87
10797897,0,-128
10797897,1,-128
10797897,2,-128
10797897,3,-93
10797897,4,-94
10797897,5,-94
10797897,6,-128
10797897,7,-92
196
10817952,0,-128
10817952,1,-128
10817952,2,-128
10817952,3,-93
10817952,4,-94
10817952,5,-94
10817952,6,-128
10817952,7,-93
10837973,0,-128
10837973,1,-128
10837973,2,-128
10837973,3,-94
10837973,4,-128
10837973,5,-128
10837973,6,-128
10837973,7,-94
10857994,0,-128
10857994,1,-128
10857994,2,-128
10857994,3,-94
10857994,4,-128
10857994,5,-128
10857994,6,-128
10857994,7,-89
10878015,0,-128
10878015,1,-128
10878015,2,-128
10878015,3,-94
10878015,4,-128
10878015,5,-94
10878015,6,-128
10878015,7,-92
10898036,0,-128
10898036,1,-128
10898036,2,-128
10898036,3,-94
10898036,4,-128
10898036,5,-94
10898036,6,-128
10898036,7,-86
10918057,0,-128
10918057,1,-128
10918057,2,-128
10918057,3,-94
10918057,4,-128
10918057,5,-94
10918057,6,-128
10918057,7,-82
10938078,0,-128
10938078,1,-128
10938078,2,-128
10938078,3,-93
10938078,4,-128
10938078,5,-128
10938078,6,-128
10938078,7,-93
10958099,0,-128
10958099,1,-94
10958099,2,-128
10958099,3,-94
10958099,4,-128
10958099,5,-128
10958099,6,-128
10958099,7,-93
10978120,0,-128
10978120,1,-128
10978120,2,-128
10978120,3,-94
10978120,4,-128
10978120,5,-94
10978120,6,-128
10978120,7,-94
10998141,0,-128
10998141,1,-128
10998141,2,-128
10998141,3,-94
10998141,4,-128
10998141,5,-94
10998141,6,-128
10998141,7,-94
195
11018196,0,-128
11018196,1,-128
11018196,2,-128
11018196,3,-93
11018196,4,-128
11018196,5,-88
11018196,6,-128
11018196,7,-94
11038217,0,-128
11038217,1,-94
11038217,2,-128
11038217,3,-93
11038217,4,-128
11038217,5,-92
11038217,6,-128
11038217,7,-94
11058238,0,-128
11058238,1,-128
11058238,2,-128
11058238,3,-94
11058238,4,-128
11058238,5,-93
11058238,6,-128
11058238,7,-128
11078259,0,-128
11078259,1,-128
11078259,2,-128
11078259,3,-93
11078259,4,-92
11078259,5,-93
11078259,6,-128
11078259,7,-92
11098280,0,-128
11098280,1,-94
11098280,2,-128
11098280,3,-94
11098280,4,-128
11098280,5,-91
11098280,6,-128
11098280,7,-90
11118301,0,-128
11118301,1,-128
11118301,2,-128
11118301,3,-94
11118301,4,-128
11118301,5,-93
11118301,6,-128
11118301,7,-94
11138322,0,-128
11138322,1,-90
11138322,2,-128
11138322,3,-94
11138322,4,-128
11138322,5,-94
11138322,6,-128
11138322,7,-94
11158343,0,-128
11158343,1,-94
11158343,2,-128
11158343,3,-94
11158343,4,-128
11158343,5,-94
11158343,6,-128
11158343,7,-94
11178364,0,-128
11178364,1,-94
11178364,2,-128
11178364,3,-94
11178364,4,-94
11178364,5,-94
11178364,6,-128
11178364,7,-94
11198385,0,-128
11198385,1,-94
11198385,2,-128
11198385,3,-94
11198385,4,-128
11198385,5,-94
11198385,6,-128
11198385,7,-94
194
11218439,0,-128
11218439,1,-93
11218439,2,-128
11218439,3,-128
11218439,4,-128
11218439,5,-92
11218439,6,-128
11218439,7,-93
11238460,0,-128
11238460,1,-94
11238460,2,-128
11238460,3,-128
11238460,4,-128
11238460,5,-90
11238460,6,-128
11238460,7,-94
11258481,0,-128
11258481,1,-94
11258481,2,-128
11258481,3,-128
11258481,4,-128
11258481,5,-91
11258481,6,-128
11258481,7,-93
11278502,0,-128
11278502,1,-94
11278502,2,-128
11278502,3,-128
11278502,4,-128
11278502,5,-93
11278502,6,-128
11278502,7,-89
11298523,0,-128
11298523,1,-94
11298523,2,-128
11298523,3,-128
11298523,4,-128
11298523,5,-128
11298523,6,-128
11298523,7,-94
11318544,0,-128
11318544,1,-93
11318544,2,-128
11318544,3,-128
11318544,4,-128
11318544,5,-94
11318544,6,-128
11318544,7,-93
11338565,0,-128
11338565,1,-94
11338565,2,-128
11338565,3,-128
11338565,4,-128
11338565,5,-94
11338565,6,-128
11338565,7,-88
11358586,0,-128
11358586,1,-94
11358586,2,-128
11358586,3,-93
11358586,4,-128
11358586,5,-128
11358586,6,-128
11358586,7,-93
11378607,0,-128
11378607,1,-93
11378607,2,-128
11378607,3,-94
11378607,4,-128
11378607,5,-128
11378607,6,-128
11378607,7,-90
11398628,0,-128
11398628,1,-94
11398628,2,-128
11398628,3,-94
11398628,4,-128
11398628,5,-94
11398628,6,-128
11398628,7,-92
193
11418683,0,-128
11418683,1,-94
11418683,2,-128
11418683,3,-94
11418683,4,-128
11418683,5,-128
11418683,6,-128
11418683,7,-94
11438704,0,-128
11438704,1,-94
11438704,2,-128
11438704,3,-94
11438704,4,-128
11438704,5,-93
11438704,6,-128
11438704,7,-89
11458725,0,-128
11458725,1,-94
11458725,2,-128
11458725,3,-94
11458725,4,-128
11458725,5,-89
11458725,6,-128
11458725,7,-92
11478746,0,-128
11478746,1,-94
11478746,2,-128
11478746,3,-94
11478746,4,-128
11478746,5,-94
11478746,6,-128
11478746,7,-92
11498767,0,-128
11498767,1,-94
11498767,2,-128
11498767,3,-94
11498767,4,-128
11498767,5,-93
11498767,6,-128
11498767,7,-91
11518788,0,-128
11518788,1,-94
11518788,2,-128
11518788,3,-94
11518788,4,-128
11518788,5,-128
11518788,6,-128
11518788,7,-86
11538809,0,-128
11538809,1,-128
11538809,2,-128
11538809,3,-94
11538809,4,-128
11538809,5,-94
11538809,6,-128
11538809,7,-93
11558830,0,-128
11558830,1,-94
11558830,2,-128
11558830,3,-94
11558830,4,-94
11558830,5,-94
11558830,6,-128
11558830,7,-75
11578851,0,-128
11578851,1,-93
11578851,2,-128
11578851,3,-94
11578851,4,-128
11578851,5,-128
11578851,6,-128
11578851,7,-88
11598872,0,-128
11598872,1,-94
11598872,2,-128
11598872,3,-94
11598872,4,-128
11598872,5,-128
11598872,6,-128
11598872,7,-89
192
11618926,0,-128
11618926,1,-94
11618926,2,-128
11618926,3,-94
11618926,4,-128
11618926,5,-128
11618926,6,-128
11618926,7,-86
11638947,0,-128
11638947,1,-94
11638947,2,-128
11638947,3,-94
11638947,4,-128
11638947,5,-94
11638947,6,-128
11638947,7,-93
11658968,0,-128
11658968,1,-93
11658968,2,-128
11658968,3,-94
11658968,4,-128
11658968,5,-128
11658968,6,-128
11658968,7,-87
11678989,0,-128
11678989,1,-94
11678989,2,-128
11678989,3,-94
11678989,4,-128
11678989,5,-94
11678989,6,-128
11678989,7,-83
11699010,0,-128
11699010,1,-94
11699010,2,-128
11699010,3,-94
11699010,4,-128
11699010,5,-94
11699010,6,-128
11699010,7,-93
11719031,0,-128
11719031,1,-93
11719031,2,-128
11719031,3,-94
11719031,4,-128
11719031,5,-94
11719031,6,-128
11719031,7,-89
11739052,0,-128
11739052,1,-94
11739052,2,-128
11739052,3,-94
11739052,4,-128
11739052,5,-128
11739052,6,-128
11739052,7,-90
11759073,0,-94
11759073,1,-93
11759073,2,-128
11759073,3,-94
11759073,4,-128
11759073,5,-94
11759073,6,-128
11759073,7,-92
11776000,0,-128
11776000,1,-93
11776000,2,-128
11776000,3,-94
11776000,4,-128
11776000,5,-94
11776000,6,-128
11776000,7,-92
11796021,0,-128
11796021,1,-94
11796021,2,-128
11796021,3,-94
11796021,4,-128
11796021,5,-92
11796021,6,-128
11796021,7,-93
191
11816076,0,-94
11816076,1,-94
11816076,2,-128
11816076,3,-94
11816076,4,-128
11816076,5,-94
11816076,6,-128
11816076,7,-92
11836097,0,-94
11836097,1,-94
11836097,2,-128
11836097,3,-94
11836097,4,-128
11836097,5,-94
11836097,6,-128
11836097,7,-93
11856118,0,-94
11856118,1,-94
11856118,2,-128
11856118,3,-94
11856118,4,-128
11856118,5,-94
11856118,6,-128
11856118,7,-89
11876139,0,-128
11876139,1,-94
11876139,2,-128
11876139,3,-94
11876139,4,-128
11876139,5,-93
11876139,6,-128
11876139,7,-92
11896160,0,-128
11896160,1,-91
11896160,2,-128
11896160,3,-94
11896160,4,-128
11896160,5,-94
11896160,6,-128
11896160,7,-91
11916181,0,-94
11916181,1,-90
11916181,2,-128
11916181,3,-94
11916181,4,-128
11916181,5,-94
11916181,6,-128
11916181,7,-90
11936203,0,-128
11936203,1,-89
11936203,2,-128
11936203,3,-94
11936203,4,-128
11936203,5,-94
11936203,6,-128
11936203,7,-86
11956224,0,-92
11956224,1,-89
11956224,2,-128
11956224,3,-94
11956224,4,-128
11956224,5,-94
11956224,6,-128
11956224,7,-90
11976245,0,-128
11976245,1,-93
11976245,2,-128
11976245,3,-94
11976245,4,-128
11976245,5,-128
11976245,6,-128
11976245,7,-79
11996266,0,-91
11996266,1,-94
11996266,2,-128
11996266,3,-94
11996266,4,-128
11996266,5,-94
11996266,6,-128
11996266,7,-88
190
12016321,0,-128
12016321,1,-94
12016321,2,-128
12016321,3,-93
12016321,4,-128
12016321,5,-92
12016321,6,-128
12016321,7,-90
12036342,0,-88
12036342,1,-94
12036342,2,-128
12036342,3,-92
12036342,4,-128
12036342,5,-128
12036342,6,-128
12036342,7,-90
12056363,0,-88
12056363,1,-93
12056363,2,-128
12056363,3,-94
12056363,4,-128
12056363,5,-94
12056363,6,-128
12056363,7,-92
12076384,0,-94
12076384,1,-94
12076384,2,-128
12076384,3,-94
12076384,4,-128
12076384,5,-94
12076384,6,-128
12076384,7,-92
12096405,0,-128
12096405,1,-128
12096405,2,-128
12096405,3,-93
12096405,4,-128
12096405,5,-94
12096405,6,-128
12096405,7,-86
12116426,0,-128
12116426,1,-94
12116426,2,-128
12116426,3,-94
12116426,4,-128
12116426,5,-94
12116426,6,-128
12116426,7,-86
12136447,0,-128
12136447,1,-94
12136447,2,-128
12136447,3,-94
12136447,4,-128
12136447,5,-94
12136447,6,-128
12136447,7,-87
12156468,0,-87
12156468,1,-92
12156468,2,-128
12156468,3,-94
12156468,4,-94
12156468,5,-94
12156468,6,-128
12156468,7,-88
12176489,0,-128
12176489,1,-88
12176489,2,-128
12176489,3,-94
12176489,4,-128
12176489,5,-93
12176489,6,-128
12176489,7,-80
12196510,0,-94
12196510,1,-93
12196510,2,-128
12196510,3,-94
12196510,4,-128
12196510,5,-94
12196510,6,-128
12196510,7,-90
189
12216565,0,-94
12216565,1,-92
12216565,2,-128
12216565,3,-89
12216565,4,-128
12216565,5,-94
12216565,6,-128
12216565,7,-88
12236586,0,-94
12236586,1,-94
12236586,2,-128
12236586,3,-94
12236586,4,-128
12236586,5,-128
12236586,6,-128
12236586,7,-91
12256607,0,-94
12256607,1,-94
12256607,2,-128
12256607,3,-94
12256607,4,-128
12256607,5,-94
12256607,6,-128
12256607,7,-90
12276628,0,-94
12276628,1,-91
12276628,2,-128
12276628,3,-92
12276628,4,-128
12276628,5,-94
12276628,6,-128
12276628,7,-88
12296649,0,-94
12296649,1,-94
12296649,2,-128
12296649,3,-94
12296649,4,-93
12296649,5,-94
12296649,6,-128
12296649,7,-88
12316670,0,-94
12316670,1,-92
12316670,2,-128
12316670,3,-94
12316670,4,-94
12316670,5,-128
12316670,6,-128
12316670,7,-92
12336691,0,-94
12336691,1,-92
12336691,2,-128
12336691,3,-94
12336691,4,-128
12336691,5,-128
12336691,6,-128
12336691,7,-93
12356712,0,-93
12356712,1,-91
12356712,2,-128
12356712,3,-94
12356712,4,-128
12356712,5,-128
12356712,6,-128
12356712,7,-94
12376733,0,-94
12376733,1,-93
12376733,2,-128
12376733,3,-94
12376733,4,-128
12376733,5,-94
12376733,6,-128
12376733,7,-93
12396754,0,-94
12396754,1,-93
12396754,2,-128
12396754,3,-93
12396754,4,-128
12396754,5,-93
12396754,6,-128
12396754,7,-94
188
12416808,0,-91
12416808,1,-94
12416808,2,-128
12416808,3,-94
12416808,4,-128
12416808,5,-94
12416808,6,-128
12416808,7,-93
12436829,0,-94
12436829,1,-92
12436829,2,-128
12436829,3,-94
12436829,4,-128
12436829,5,-94
12436829,6,-128
12436829,7,-93
12456850,0,-87
12456850,1,-92
12456850,2,-128
12456850,3,-94
12456850,4,-128
12456850,5,-94
12456850,6,-128
12456850,7,-94
12476871,0,-85
12476871,1,-88
12476871,2,-128
12476871,3,-94
12476871,4,-128
12476871,5,-93
12476871,6,-128
12476871,7,-93
12496892,0,-81
12496892,1,-91
12496892,2,-128
12496892,3,-94
12496892,4,-128
12496892,5,-93
12496892,6,-128
12496892,7,-93
12516913,0,-81
12516913,1,-91
12516913,2,-128
12516913,3,-94
12516913,4,-94
12516913,5,-94
12516913,6,-128
12516913,7,-92
12536934,0,-91
12536934,1,-92
12536934,2,-128
12536934,3,-94
12536934,4,-94
12536934,5,-94
12536934,6,-128
12536934,7,-92
12556955,0,-82
12556955,1,-128
12556955,2,-128
12556955,3,-94
12556955,4,-128
12556955,5,-128
12556955,6,-128
12556955,7,-93
12576976,0,-81
12576976,1,-128
12576976,2,-128
12576976,3,-94
12576976,4,-128
12576976,5,-128
12576976,6,-128
12576976,7,-128
12596997,0,-81
12596997,1,-94
12596997,2,-128
12596997,3,-94
12596997,4,-94
12596997,5,-128
12596997,6,-128
12596997,7,-128
187
12617052,0,-91
12617052,1,-94
12617052,2,-128
12617052,3,-94
12617052,4,-128
12617052,5,-128
12617052,6,-128
12617052,7,-86
12637073,0,-81
12637073,1,-93
12637073,2,-128
12637073,3,-94
12637073,4,-128
12637073,5,-94
12637073,6,-128
12637073,7,-93
12657094,0,-81
12657094,1,-93
12657094,2,-128
12657094,3,-94
12657094,4,-128
12657094,5,-94
12657094,6,-128
12657094,7,-94
12677115,0,-84
12677115,1,-93
12677115,2,-128
12677115,3,-94
12677115,4,-94
12677115,5,-128
12677115,6,-128
12677115,7,-128
12697136,0,-87
12697136,1,-93
12697136,2,-128
12697136,3,-94
12697136,4,-128
12697136,5,-128
12697136,6,-94
12697136,7,-128
12717157,0,-89
12717157,1,-93
12717157,2,-128
12717157,3,-94
12717157,4,-93
12717157,5,-128
12717157,6,-94
12717157,7,-128
12737178,0,-90
12737178,1,-90
12737178,2,-128
12737178,3,-94
12737178,4,-128
12737178,5,-128
12737178,6,-89
12737178,7,-128
12757199,0,-87
12757199,1,-93
12757199,2,-128
12757199,3,-94
12757199,4,-94
12757199,5,-128
12757199,6,-94
12757199,7,-128
12777220,0,-87
12777220,1,-93
12777220,2,-128
12777220,3,-128
12777220,4,-94
12777220,5,-128
12777220,6,-94
12777220,7,-128
12797241,0,-84
12797241,1,-94
12797241,2,-128
12797241,3,-128
12797241,4,-92
12797241,5,-128
12797241,6,-128
12797241,7,-128
186
12817296,0,-81
12817296,1,-94
12817296,2,-128
12817296,3,-128
12817296,4,-94
12817296,5,-128
12817296,6,-94
12817296,7,-128
12837317,0,-82
12837317,1,-93
12837317,2,-128
12837317,3,-128
12837317,4,-93
12837317,5,-128
12837317,6,-94
12837317,7,-128
12857338,0,-84
12857338,1,-92
12857338,2,-128
12857338,3,-128
12857338,4,-128
12857338,5,-128
12857338,6,-93
12857338,7,-128
12877359,0,-81
12877359,1,-88
12877359,2,-128
12877359,3,-128
12877359,4,-128
12877359,5,-128
12877359,6,-128
12877359,7,-128
12897380,0,-84
12897380,1,-88
12897380,2,-128
12897380,3,-128
12897380,4,-128
12897380,5,-128
12897380,6,-128
12897380,7,-128
12917401,0,-81
12917401,1,-89
12917401,2,-128
12917401,3,-128
12917401,4,-128
12917401,5,-128
12917401,6,-85
12917401,7,-128
12937422,0,-81
12937422,1,-88
12937422,2,-128
12937422,3,-128
12937422,4,-128
12937422,5,-128
12937422,6,-94
12937422,7,-128
12957443,0,-88
12957443,1,-87
12957443,2,-128
12957443,3,-128
12957443,4,-128
12957443,5,-128
12957443,6,-94
12957443,7,-128
12977464,0,-92
12977464,1,-88
12977464,2,-128
12977464,3,-94
12977464,4,-94
12977464,5,-128
12977464,6,-94
12977464,7,-128
12997485,0,-84
12997485,1,-88
12997485,2,-128
12997485,3,-128
12997485,4,-128
12997485,5,-128
12997485,6,-128
12997485,7,-128
185
13017540,0,-83
13017540,1,-88
13017540,2,-128
13017540,3,-128
13017540,4,-128
13017540,5,-128
13017540,6,-128
13017540,7,-128
13037561,0,-81
13037561,1,-88
13037561,2,-128
13037561,3,-128
13037561,4,-128
13037561,5,-128
13037561,6,-128
13037561,7,-128
13057582,0,-81
13057582,1,-88
13057582,2,-128
13057582,3,-128
13057582,4,-128
13057582,5,-128
13057582,6,-128
13057582,7,-128
13077603,0,-81
13077603,1,-88
13077603,2,-128
13077603,3,-128
13077603,4,-128
13077603,5,-128
13077603,6,-128
13077603,7,-128
13097624,0,-81
13097624,1,-88
13097624,2,-128
13097624,3,-128
13097624,4,-128
13097624,5,-128
13097624,6,-128
13097624,7,-128
13117645,0,-81
13117645,1,-88
13117645,2,-128
13117645,3,-128
13117645,4,-128
13117645,5,-128
13117645,6,-128
13117645,7,-128
13137666,0,-81
13137666,1,-88
13137666,2,-128
13137666,3,-128
13137666,4,-128
13137666,5,-128
13137666,6,-128
13137666,7,-128
13157687,0,-92
13157687,1,-88
13157687,2,-128
13157687,3,-128
13157687,4,-128
13157687,5,-128
13157687,6,-128
13157687,7,-128
13177708,0,-90
13177708,1,-88
13177708,2,-128
13177708,3,-128
13177708,4,-128
13177708,5,-128
13177708,6,-128
13177708,7,-128
13197729,0,-83
13197729,1,-88
13197729,2,-128
13197729,3,-94
13197729,4,-128
13197729,5,-128
13197729,6,-128
13197729,7,-128
184
13217784,0,-83
13217784,1,-88
13217784,2,-128
13217784,3,-128
13217784,4,-94
13217784,5,-128
13217784,6,-128
13217784,7,-128
13237805,0,-83
13237805,1,-88
13237805,2,-128
13237805,3,-94
13237805,4,-128
13237805,5,-128
13237805,6,-128
13237805,7,-128
13257826,0,-88
13257826,1,-88
13257826,2,-128
13257826,3,-128
13257826,4,-128
13257826,5,-128
13257826,6,-128
13257826,7,-128
13277847,0,-81
13277847,1,-90
13277847,2,-128
13277847,3,-128
13277847,4,-94
13277847,5,-128
13277847,6,-128
13277847,7,-128
13297868,0,-84
13297868,1,-92
13297868,2,-128
13297868,3,-128
13297868,4,-128
13297868,5,-128
13297868,6,-128
13297868,7,-128
13317889,0,-83
13317889,1,-92
13317889,2,-128
13317889,3,-128
13317889,4,-128
13317889,5,-128
13317889,6,-128
13317889,7,-128
13337910,0,-81
13337910,1,-91
13337910,2,-128
13337910,3,-128
13337910,4,-128
13337910,5,-128
13337910,6,-128
13337910,7,-128
13357931,0,-87
13357931,1,-91
13357931,2,-128
13357931,3,-128
13357931,4,-128
13357931,5,-128
13357931,6,-128
13357931,7,-128
13377952,0,-86
13377952,1,-92
13377952,2,-128
13377952,3,-128
13377952,4,-128
13377952,5,-128
13377952,6,-128
13377952,7,-128
13397973,0,-82
13397973,1,-92
13397973,2,-128
13397973,3,-128
13397973,4,-128
13397973,5,-128
13397973,6,-128
13397973,7,-128
183
13418027,0,-88
13418027,1,-93
13418027,2,-128
13418027,3,-128
13418027,4,-128
13418027,5,-128
13418027,6,-128
13418027,7,-128
13438048,0,-90
13438048,1,-92
13438048,2,-128
13438048,3,-128
13438048,4,-128
13438048,5,-128
13438048,6,-128
13438048,7,-128
13458069,0,-90
13458069,1,-92
13458069,2,-128
13458069,3,-128
13458069,4,-128
13458069,5,-128
13458069,6,-128
13458069,7,-128
13478090,0,-86
13478090,1,-93
13478090,2,-128
13478090,3,-128
13478090,4,-128
13478090,5,-128
13478090,6,-128
13478090,7,-128
13498112,0,-88
13498112,1,-93
13498112,2,-128
13498112,3,-128
13498112,4,-128
13498112,5,-128
13498112,6,-128
13498112,7,-128
13518133,0,-86
13518133,1,-92
13518133,2,-128
13518133,3,-128
13518133,4,-128
13518133,5,-128
13518133,6,-128
13518133,7,-128
13538154,0,-89
13538154,1,-92
13538154,2,-128
13538154,3,-128
13538154,4,-128
13538154,5,-128
13538154,6,-128
13538154,7,-128
13558175,0,-88
13558175,1,-92
13558175,2,-128
13558175,3,-128
13558175,4,-128
13558175,5,-128
13558175,6,-128
13558175,7,-128
13578196,0,-86
13578196,1,-92
13578196,2,-128
13578196,3,-94
13578196,4,-128
13578196,5,-128
13578196,6,-128
13578196,7,-128
13598217,0,-87
13598217,1,-92
13598217,2,-128
13598217,3,-128
13598217,4,-128
13598217,5,-128
13598217,6,-128
13598217,7,-128
182
13618272,0,-85
13618272,1,-92
13618272,2,-128
13618272,3,-94
13618272,4,-128
13618272,5,-128
13618272,6,-128
13618272,7,-128
13638293,0,-85
13638293,1,-92
13638293,2,-128
13638293,3,-94
13638293,4,-128
13638293,5,-128
13638293,6,-128
13638293,7,-128
13658314,0,-86
13658314,1,-93
13658314,2,-128
13658314,3,-128
13658314,4,-128
13658314,5,-128
13658314,6,-128
13658314,7,-128
13678335,0,-88
13678335,1,-92
13678335,2,-128
13678335,3,-128
13678335,4,-128
13678335,5,-128
13678335,6,-128
13678335,7,-128
13698356,0,-83
13698356,1,-92
13698356,2,-128
13698356,3,-94
13698356,4,-128
13698356,5,-128
13698356,6,-128
13698356,7,-128
13718377,0,-90
13718377,1,-92
13718377,2,-128
13718377,3,-128
13718377,4,-128
13718377,5,-128
13718377,6,-128
13718377,7,-128
13738398,0,-83
13738398,1,-93
13738398,2,-128
13738398,3,-128
13738398,4,-128
13738398,5,-128
13738398,6,-128
13738398,7,-128
13758419,0,-89
13758419,1,-92
13758419,2,-128
13758419,3,-128
13758419,4,-128
13758419,5,-128
13758419,6,-128
13758419,7,-128
13778440,0,-89
13778440,1,-93
13778440,2,-128
13778440,3,-128
13778440,4,-128
13778440,5,-128
13778440,6,-128
13778440,7,-128
13798461,0,-90
13798461,1,-92
13798461,2,-128
13798461,3,-128
13798461,4,-128
13798461,5,-128
13798461,6,-128
13798461,7,-128
181
13818516,0,-88
13818516,1,-92
13818516,2,-128
13818516,3,-128
13818516,4,-128
13818516,5,-128
13818516,6,-128
13818516,7,-128
13838537,0,-87
13838537,1,-92
13838537,2,-128
13838537,3,-128
13838537,4,-128
13838537,5,-128
13838537,6,-128
13838537,7,-128
13858558,0,-81
13858558,1,-92
13858558,2,-128
13858558,3,-94
13858558,4,-128
13858558,5,-128
13858558,6,-128
13858558,7,-128
13878579,0,-93
13878579,1,-93
13878579,2,-128
13878579,3,-94
13878579,4,-128
13878579,5,-128
13878579,6,-128
13878579,7,-128
13898600,0,-89
13898600,1,-92
13898600,2,-128
13898600,3,-128
13898600,4,-128
13898600,5,-128
13898600,6,-128
13898600,7,-128
13918621,0,-86
13918621,1,-92
13918621,2,-128
13918621,3,-128
13918621,4,-128
13918621,5,-128
13918621,6,-128
13918621,7,-128
13938642,0,-89
13938642,1,-92
13938642,2,-128
13938642,3,-128
13938642,4,-128
13938642,5,-128
13938642,6,-128
13938642,7,-128
13958663,0,-92
13958663,1,-92
13958663,2,-128
13958663,3,-128
13958663,4,-128
13958663,5,-128
13958663,6,-128
13958663,7,-128
13978684,0,-89
13978684,1,-92
13978684,2,-128
13978684,3,-128
13978684,4,-128
13978684,5,-128
13978684,6,-128
13978684,7,-128
13998705,0,-84
13998705,1,-92
13998705,2,-128
13998705,3,-128
13998705,4,-128
13998705,5,-128
13998705,6,-128
13998705,7,-128
