250
10000,0,-94
10000,1,-94
10000,2,-94
10000,3,-94
10000,4,-92
10000,5,-94
10000,6,-94
10000,7,-94
30021,0,-94
30021,1,-94
30021,2,-128
30021,3,-128
30021,4,-128
30021,5,-128
30021,6,-94
30021,7,-94
50042,0,-94
50042,1,-94
50042,2,-128
50042,3,-128
50042,4,-128
50042,5,-94
50042,6,-128
50042,7,-94
70063,0,-94
70063,1,-128
70063,2,-128
70063,3,-93
70063,4,-128
70063,5,-94
70063,6,-128
70063,7,-94
90084,0,-94
90084,1,-128
90084,2,-128
90084,3,-128
90084,4,-94
90084,5,-128
90084,6,-128
90084,7,-94
110105,0,-94
110105,1,-94
110105,2,-128
110105,3,-128
110105,4,-128
110105,5,-128
110105,6,-128
110105,7,-94
130126,0,-94
130126,1,-128
130126,2,-128
130126,3,-128
130126,4,-128
130126,5,-128
130126,6,-128
130126,7,-94
150147,0,-94
150147,1,-94
150147,2,-128
150147,3,-94
150147,4,-94
150147,5,-128
150147,6,-128
150147,7,-94
170168,0,-94
170168,1,-128
170168,2,-128
170168,3,-94
170168,4,-128
170168,5,-128
170168,6,-128
170168,7,-128
190189,0,-94
190189,1,-128
190189,2,-128
190189,3,-128
190189,4,-128
190189,5,-128
190189,6,-128
190189,7,-94
249
210244,0,-94
210244,1,-128
210244,2,-94
210244,3,-94
210244,4,-94
210244,5,-94
210244,6,-94
210244,7,-94
230265,0,-94
230265,1,-94
230265,2,-128
230265,3,-128
230265,4,-128
230265,5,-128
230265,6,-128
230265,7,-94
250286,0,-94
250286,1,-128
250286,2,-128
250286,3,-94
250286,4,-128
250286,5,-128
250286,6,-128
250286,7,-94
270307,0,-94
270307,1,-94
270307,2,-128
270307,3,-128
270307,4,-128
270307,5,-128
270307,6,-128
270307,7,-128
290328,0,-94
290328,1,-128
290328,2,-128
290328,3,-128
290328,4,-128
290328,5,-128
290328,6,-128
290328,7,-94
310349,0,-94
310349,1,-94
310349,2,-128
310349,3,-128
310349,4,-128
310349,5,-128
310349,6,-128
310349,7,-128
330370,0,-94
330370,1,-94
330370,2,-128
330370,3,-128
330370,4,-128
330370,5,-128
330370,6,-128
330370,7,-128
350391,0,-94
350391,1,-94
350391,2,-128
350391,3,-128
350391,4,-128
350391,5,-128
350391,6,-128
350391,7,-94
370412,0,-94
370412,1,-128
370412,2,-128
370412,3,-128
370412,4,-128
370412,5,-128
370412,6,-128
370412,7,-94
390433,0,-94
390433,1,-94
390433,2,-128
390433,3,-128
390433,4,-128
390433,5,-128
390433,6,-128
390433,7,-94
248
410488,0,-128
410488,1,-94
410488,2,-128
410488,3,-128
410488,4,-128
410488,5,-128
410488,6,-128
410488,7,-128
430509,0,-128
430509,1,-94
430509,2,-128
430509,3,-128
430509,4,-128
430509,5,-128
430509,6,-128
430509,7,-128
450530,0,-128
450530,1,-94
450530,2,-128
450530,3,-128
450530,4,-94
450530,5,-128
450530,6,-128
450530,7,-128
470551,0,-94
470551,1,-94
470551,2,-128
470551,3,-128
470551,4,-128
470551,5,-128
470551,6,-128
470551,7,-128
490572,0,-128
490572,1,-94
490572,2,-128
490572,3,-128
490572,4,-128
490572,5,-128
490572,6,-128
490572,7,-128
510593,0,-94
510593,1,-94
510593,2,-128
510593,3,-128
510593,4,-128
510593,5,-128
510593,6,-128
510593,7,-128
530614,0,-94
530614,1,-94
530614,2,-128
530614,3,-128
530614,4,-128
530614,5,-128
530614,6,-128
530614,7,-94
550635,0,-94
550635,1,-94
550635,2,-128
550635,3,-128
550635,4,-128
550635,5,-128
550635,6,-128
550635,7,-94
570656,0,-94
570656,1,-128
570656,2,-128
570656,3,-128
570656,4,-128
570656,5,-128
570656,6,-128
570656,7,-128
590677,0,-128
590677,1,-94
590677,2,-128
590677,3,-128
590677,4,-128
590677,5,-128
590677,6,-128
590677,7,-128
247
610732,0,-128
610732,1,-128
610732,2,-128
610732,3,-128
610732,4,-128
610732,5,-128
610732,6,-128
610732,7,-128
630753,0,-94
630753,1,-94
630753,2,-128
630753,3,-128
630753,4,-128
630753,5,-128
630753,6,-128
630753,7,-94
650774,0,-128
650774,1,-94
650774,2,-128
650774,3,-128
650774,4,-128
650774,5,-128
650774,6,-128
650774,7,-128
670795,0,-94
670795,1,-94
670795,2,-128
670795,3,-128
670795,4,-128
670795,5,-128
670795,6,-128
670795,7,-94
690816,0,-94
690816,1,-94
690816,2,-128
690816,3,-128
690816,4,-128
690816,5,-128
690816,6,-128
690816,7,-94
710837,0,-94
710837,1,-94
710837,2,-128
710837,3,-128
710837,4,-128
710837,5,-128
710837,6,-128
710837,7,-128
730858,0,-94
730858,1,-94
730858,2,-128
730858,3,-128
730858,4,-128
730858,5,-128
730858,6,-128
730858,7,-128
750879,0,-94
750879,1,-94
750879,2,-128
750879,3,-128
750879,4,-94
750879,5,-128
750879,6,-128
750879,7,-128
770900,0,-94
770900,1,-94
770900,2,-128
770900,3,-128
770900,4,-94
770900,5,-128
770900,6,-128
770900,7,-128
790921,0,-94
790921,1,-94
790921,2,-128
790921,3,-128
790921,4,-128
790921,5,-128
790921,6,-94
790921,7,-128
246
810976,0,-128
810976,1,-94
810976,2,-128
810976,3,-94
810976,4,-94
810976,5,-128
810976,6,-94
810976,7,-94
830997,0,-94
830997,1,-94
830997,2,-128
830997,3,-94
830997,4,-128
830997,5,-94
830997,6,-94
830997,7,-128
851018,0,-94
851018,1,-94
851018,2,-128
851018,3,-128
851018,4,-94
851018,5,-94
851018,6,-128
851018,7,-94
871039,0,-94
871039,1,-94
871039,2,-94
871039,3,-128
871039,4,-128
871039,5,-128
871039,6,-94
871039,7,-94
891060,0,-94
891060,1,-94
891060,2,-94
891060,3,-94
891060,4,-128
891060,5,-94
891060,6,-94
891060,7,-128
911081,0,-94
911081,1,-94
911081,2,-128
911081,3,-94
911081,4,-128
911081,5,-94
911081,6,-128
911081,7,-128
931102,0,-128
931102,1,-94
931102,2,-128
931102,3,-128
931102,4,-91
931102,5,-94
931102,6,-128
931102,7,-90
951123,0,-94
951123,1,-94
951123,2,-128
951123,3,-128
951123,4,-93
951123,5,-128
951123,6,-128
951123,7,-128
971144,0,-94
971144,1,-94
971144,2,-128
971144,3,-128
971144,4,-128
971144,5,-128
971144,6,-128
971144,7,-128
991165,0,-94
991165,1,-94
991165,2,-128
991165,3,-128
991165,4,-94
991165,5,-128
991165,6,-128
991165,7,-94
245
1011220,0,-128
1011220,1,-94
1011220,2,-128
1011220,3,-128
1011220,4,-128
1011220,5,-128
1011220,6,-128
1011220,7,-94
1031241,0,-94
1031241,1,-94
1031241,2,-94
1031241,3,-94
1031241,4,-128
1031241,5,-94
1031241,6,-94
1031241,7,-93
1051262,0,-94
1051262,1,-94
1051262,2,-128
1051262,3,-94
1051262,4,-94
1051262,5,-94
1051262,6,-128
1051262,7,-93
1071283,0,-94
1071283,1,-94
1071283,2,-128
1071283,3,-128
1071283,4,-128
1071283,5,-94
1071283,6,-128
1071283,7,-93
1091304,0,-94
1091304,1,-94
1091304,2,-128
1091304,3,-128
1091304,4,-128
1091304,5,-94
1091304,6,-94
1091304,7,-94
1111325,0,-128
1111325,1,-94
1111325,2,-94
1111325,3,-128
1111325,4,-94
1111325,5,-128
1111325,6,-94
1111325,7,-94
1131346,0,-94
1131346,1,-94
1131346,2,-128
1131346,3,-128
1131346,4,-128
1131346,5,-128
1131346,6,-128
1131346,7,-94
1151367,0,-94
1151367,1,-128
1151367,2,-128
1151367,3,-128
1151367,4,-128
1151367,5,-128
1151367,6,-128
1151367,7,-94
1171388,0,-128
1171388,1,-94
1171388,2,-128
1171388,3,-128
1171388,4,-128
1171388,5,-128
1171388,6,-128
1171388,7,-94
1191409,0,-94
1191409,1,-94
1191409,2,-128
1191409,3,-128
1191409,4,-128
1191409,5,-128
1191409,6,-128
1191409,7,-93
244
1211464,0,-128
1211464,1,-94
1211464,2,-128
1211464,3,-128
1211464,4,-128
1211464,5,-128
1211464,6,-128
1211464,7,-128
1231485,0,-94
1231485,1,-128
1231485,2,-128
1231485,3,-128
1231485,4,-128
1231485,5,-94
1231485,6,-128
1231485,7,-92
1251506,0,-94
1251506,1,-94
1251506,2,-128
1251506,3,-128
1251506,4,-128
1251506,5,-128
1251506,6,-128
1251506,7,-94
1271527,0,-128
1271527,1,-128
1271527,2,-128
1271527,3,-128
1271527,4,-128
1271527,5,-128
1271527,6,-128
1271527,7,-93
1291548,0,-128
1291548,1,-128
1291548,2,-128
1291548,3,-128
1291548,4,-128
1291548,5,-128
1291548,6,-128
1291548,7,-92
1311569,0,-128
1311569,1,-128
1311569,2,-128
1311569,3,-128
1311569,4,-128
1311569,5,-128
1311569,6,-128
1311569,7,-94
1331590,0,-94
1331590,1,-94
1331590,2,-128
1331590,3,-128
1331590,4,-128
1331590,5,-94
1331590,6,-128
1331590,7,-128
1351611,0,-128
1351611,1,-94
1351611,2,-128
1351611,3,-128
1351611,4,-128
1351611,5,-128
1351611,6,-128
1351611,7,-94
1371632,0,-128
1371632,1,-94
1371632,2,-128
1371632,3,-128
1371632,4,-128
1371632,5,-128
1371632,6,-128
1371632,7,-94
1391653,0,-94
1391653,1,-94
1391653,2,-128
1391653,3,-128
1391653,4,-128
1391653,5,-128
1391653,6,-128
1391653,7,-92
243
1411707,0,-94
1411707,1,-94
1411707,2,-128
1411707,3,-128
1411707,4,-128
1411707,5,-128
1411707,6,-128
1411707,7,-94
1431728,0,-94
1431728,1,-128
1431728,2,-128
1431728,3,-128
1431728,4,-128
1431728,5,-94
1431728,6,-128
1431728,7,-93
1451749,0,-128
1451749,1,-94
1451749,2,-128
1451749,3,-128
1451749,4,-128
1451749,5,-128
1451749,6,-128
1451749,7,-91
1471770,0,-128
1471770,1,-94
1471770,2,-128
1471770,3,-128
1471770,4,-128
1471770,5,-94
1471770,6,-128
1471770,7,-128
1491791,0,-94
1491791,1,-94
1491791,2,-128
1491791,3,-128
1491791,4,-128
1491791,5,-93
1491791,6,-128
1491791,7,-92
1511812,0,-94
1511812,1,-94
1511812,2,-128
1511812,3,-128
1511812,4,-128
1511812,5,-94
1511812,6,-128
1511812,7,-128
1531833,0,-94
1531833,1,-94
1531833,2,-128
1531833,3,-128
1531833,4,-128
1531833,5,-94
1531833,6,-128
1531833,7,-94
1551854,0,-94
1551854,1,-94
1551854,2,-128
1551854,3,-128
1551854,4,-128
1551854,5,-128
1551854,6,-128
1551854,7,-93
1571875,0,-94
1571875,1,-128
1571875,2,-128
1571875,3,-128
1571875,4,-128
1571875,5,-88
1571875,6,-128
1571875,7,-94
1591896,0,-94
1591896,1,-128
1591896,2,-128
1591896,3,-94
1591896,4,-128
1591896,5,-90
1591896,6,-128
1591896,7,-94
242
1611951,0,-94
1611951,1,-94
1611951,2,-128
1611951,3,-94
1611951,4,-128
1611951,5,-92
1611951,6,-94
1611951,7,-93
1631972,0,-94
1631972,1,-94
1631972,2,-128
1631972,3,-94
1631972,4,-128
1631972,5,-94
1631972,6,-94
1631972,7,-92
1651993,0,-94
1651993,1,-94
1651993,2,-128
1651993,3,-128
1651993,4,-128
1651993,5,-94
1651993,6,-128
1651993,7,-91
1672014,0,-93
1672014,1,-94
1672014,2,-128
1672014,3,-94
1672014,4,-94
1672014,5,-94
1672014,6,-128
1672014,7,-94
1692035,0,-94
1692035,1,-94
1692035,2,-128
1692035,3,-94
1692035,4,-128
1692035,5,-94
1692035,6,-128
1692035,7,-94
1712056,0,-94
1712056,1,-94
1712056,2,-128
1712056,3,-128
1712056,4,-128
1712056,5,-93
1712056,6,-128
1712056,7,-94
1732077,0,-93
1732077,1,-94
1732077,2,-128
1732077,3,-128
1732077,4,-94
1732077,5,-92
1732077,6,-94
1732077,7,-128
1752098,0,-94
1752098,1,-94
1752098,2,-128
1752098,3,-94
1752098,4,-93
1752098,5,-94
1752098,6,-128
1752098,7,-128
1772119,0,-92
1772119,1,-128
1772119,2,-128
1772119,3,-94
1772119,4,-93
1772119,5,-94
1772119,6,-128
1772119,7,-128
1792140,0,-94
1792140,1,-128
1792140,2,-128
1792140,3,-128
1792140,4,-94
1792140,5,-94
1792140,6,-94
1792140,7,-89
241
1812194,0,-93
1812194,1,-94
1812194,2,-128
1812194,3,-128
1812194,4,-94
1812194,5,-94
1812194,6,-128
1812194,7,-93
1832215,0,-93
1832215,1,-128
1832215,2,-128
1832215,3,-94
1832215,4,-94
1832215,5,-92
1832215,6,-128
1832215,7,-94
1852236,0,-86
1852236,1,-128
1852236,2,-128
1852236,3,-128
1852236,4,-94
1852236,5,-93
1852236,6,-128
1852236,7,-94
1872257,0,-92
1872257,1,-128
1872257,2,-128
1872257,3,-94
1872257,4,-94
1872257,5,-92
1872257,6,-128
1872257,7,-92
1892279,0,-93
1892279,1,-128
1892279,2,-128
1892279,3,-94
1892279,4,-94
1892279,5,-93
1892279,6,-128
1892279,7,-93
1912300,0,-93
1912300,1,-128
1912300,2,-128
1912300,3,-128
1912300,4,-91
1912300,5,-94
1912300,6,-128
1912300,7,-128
1932321,0,-94
1932321,1,-128
1932321,2,-128
1932321,3,-94
1932321,4,-80
1932321,5,-94
1932321,6,-94
1932321,7,-93
1952342,0,-93
1952342,1,-128
1952342,2,-128
1952342,3,-94
1952342,4,-94
1952342,5,-94
1952342,6,-128
1952342,7,-128
1972363,0,-94
1972363,1,-128
1972363,2,-128
1972363,3,-94
1972363,4,-92
1972363,5,-92
1972363,6,-94
1972363,7,-128
1992384,0,-94
1992384,1,-128
1992384,2,-128
1992384,3,-94
1992384,4,-85
1992384,5,-94
1992384,6,-128
1992384,7,-128
240
2012439,0,-92
2012439,1,-128
2012439,2,-128
2012439,3,-94
2012439,4,-83
2012439,5,-92
2012439,6,-128
2012439,7,-128
2032460,0,-94
2032460,1,-128
2032460,2,-94
2032460,3,-94
2032460,4,-87
2032460,5,-91
2032460,6,-128
2032460,7,-128
2052481,0,-94
2052481,1,-94
2052481,2,-128
2052481,3,-94
2052481,4,-92
2052481,5,-93
2052481,6,-128
2052481,7,-128
2072502,0,-94
2072502,1,-128
2072502,2,-128
2072502,3,-94
2072502,4,-94
2072502,5,-93
2072502,6,-94
2072502,7,-128
2092523,0,-94
2092523,1,-94
2092523,2,-94
2092523,3,-94
2092523,4,-94
2092523,5,-92
2092523,6,-94
2092523,7,-128
2112544,0,-94
2112544,1,-128
2112544,2,-128
2112544,3,-94
2112544,4,-94
2112544,5,-85
2112544,6,-128
2112544,7,-128
2132565,0,-91
2132565,1,-128
2132565,2,-128
2132565,3,-94
2132565,4,-93
2132565,5,-85
2132565,6,-128
2132565,7,-128
2152586,0,-93
2152586,1,-128
2152586,2,-128
2152586,3,-92
2152586,4,-91
2152586,5,-81
2152586,6,-94
2152586,7,-128
2172607,0,-93
2172607,1,-128
2172607,2,-94
2172607,3,-94
2172607,4,-94
2172607,5,-93
2172607,6,-128
2172607,7,-128
2192628,0,-94
2192628,1,-128
2192628,2,-128
2192628,3,-94
2192628,4,-94
2192628,5,-128
2192628,6,-128
2192628,7,-128
239
2212682,0,-93
2212682,1,-94
2212682,2,-94
2212682,3,-94
2212682,4,-94
2212682,5,-90
2212682,6,-128
2212682,7,-93
2232703,0,-93
2232703,1,-78
2232703,2,-94
2232703,3,-93
2232703,4,-128
2232703,5,-128
2232703,6,-128
2232703,7,-83
2252724,0,-94
2252724,1,-94
2252724,2,-128
2252724,3,-94
2252724,4,-94
2252724,5,-94
2252724,6,-128
2252724,7,-87
2272745,0,-94
2272745,1,-94
2272745,2,-128
2272745,3,-93
2272745,4,-93
2272745,5,-128
2272745,6,-94
2272745,7,-84
2292766,0,-94
2292766,1,-94
2292766,2,-94
2292766,3,-94
2292766,4,-94
2292766,5,-128
2292766,6,-128
2292766,7,-93
2312787,0,-93
2312787,1,-128
2312787,2,-94
2312787,3,-94
2312787,4,-93
2312787,5,-94
2312787,6,-128
2312787,7,-92
2332808,0,-92
2332808,1,-128
2332808,2,-128
2332808,3,-93
2332808,4,-88
2332808,5,-94
2332808,6,-128
2332808,7,-90
2352829,0,-92
2352829,1,-128
2352829,2,-93
2352829,3,-94
2352829,4,-94
2352829,5,-94
2352829,6,-128
2352829,7,-89
2372850,0,-93
2372850,1,-128
2372850,2,-94
2372850,3,-94
2372850,4,-94
2372850,5,-94
2372850,6,-128
2372850,7,-89
2392871,0,-92
2392871,1,-128
2392871,2,-94
2392871,3,-94
2392871,4,-94
2392871,5,-128
2392871,6,-128
2392871,7,-92
238
2412926,0,-93
2412926,1,-128
2412926,2,-128
2412926,3,-94
2412926,4,-94
2412926,5,-94
2412926,6,-128
2412926,7,-94
2432947,0,-93
2432947,1,-128
2432947,2,-128
2432947,3,-128
2432947,4,-94
2432947,5,-94
2432947,6,-128
2432947,7,-93
2452968,0,-93
2452968,1,-128
2452968,2,-128
2452968,3,-128
2452968,4,-91
2452968,5,-94
2452968,6,-128
2452968,7,-87
2472989,0,-93
2472989,1,-128
2472989,2,-128
2472989,3,-94
2472989,4,-94
2472989,5,-128
2472989,6,-128
2472989,7,-84
2493010,0,-92
2493010,1,-128
2493010,2,-128
2493010,3,-94
2493010,4,-94
2493010,5,-94
2493010,6,-128
2493010,7,-92
2513031,0,-93
2513031,1,-128
2513031,2,-94
2513031,3,-94
2513031,4,-94
2513031,5,-94
2513031,6,-128
2513031,7,-93
2533052,0,-93
2533052,1,-128
2533052,2,-94
2533052,3,-94
2533052,4,-128
2533052,5,-94
2533052,6,-128
2533052,7,-93
2553073,0,-92
2553073,1,-128
2553073,2,-94
2553073,3,-94
2553073,4,-94
2553073,5,-94
2553073,6,-128
2553073,7,-94
2573094,0,-83
2573094,1,-128
2573094,2,-94
2573094,3,-94
2573094,4,-94
2573094,5,-94
2573094,6,-128
2573094,7,-128
2593115,0,-88
2593115,1,-128
2593115,2,-94
2593115,3,-94
2593115,4,-93
2593115,5,-128
2593115,6,-128
2593115,7,-128
237
2613170,0,-92
2613170,1,-128
2613170,2,-93
2613170,3,-94
2613170,4,-128
2613170,5,-128
2613170,6,-128
2613170,7,-94
2633191,0,-93
2633191,1,-128
2633191,2,-128
2633191,3,-94
2633191,4,-93
2633191,5,-128
2633191,6,-128
2633191,7,-94
2653212,0,-93
2653212,1,-128
2653212,2,-94
2653212,3,-94
2653212,4,-92
2653212,5,-128
2653212,6,-128
2653212,7,-94
2673233,0,-93
2673233,1,-128
2673233,2,-94
2673233,3,-94
2673233,4,-94
2673233,5,-128
2673233,6,-128
2673233,7,-88
2693254,0,-94
2693254,1,-128
2693254,2,-94
2693254,3,-94
2693254,4,-94
2693254,5,-128
2693254,6,-94
2693254,7,-94
2713275,0,-94
2713275,1,-128
2713275,2,-94
2713275,3,-94
2713275,4,-94
2713275,5,-94
2713275,6,-94
2713275,7,-88
2733296,0,-93
2733296,1,-128
2733296,2,-94
2733296,3,-128
2733296,4,-94
2733296,5,-94
2733296,6,-94
2733296,7,-128
2753317,0,-93
2753317,1,-128
2753317,2,-94
2753317,3,-128
2753317,4,-94
2753317,5,-94
2753317,6,-128
2753317,7,-94
2773338,0,-93
2773338,1,-128
2773338,2,-94
2773338,3,-128
2773338,4,-94
2773338,5,-94
2773338,6,-128
2773338,7,-94
2793359,0,-93
2793359,1,-128
2793359,2,-94
2793359,3,-128
2793359,4,-94
2793359,5,-94
2793359,6,-128
2793359,7,-128
236
2813414,0,-93
2813414,1,-128
2813414,2,-94
2813414,3,-128
2813414,4,-94
2813414,5,-94
2813414,6,-128
2813414,7,-94
2833435,0,-92
2833435,1,-128
2833435,2,-94
2833435,3,-128
2833435,4,-128
2833435,5,-94
2833435,6,-128
2833435,7,-128
2853456,0,-94
2853456,1,-128
2853456,2,-94
2853456,3,-128
2853456,4,-94
2853456,5,-94
2853456,6,-128
2853456,7,-94
2873477,0,-94
2873477,1,-128
2873477,2,-94
2873477,3,-94
2873477,4,-94
2873477,5,-94
2873477,6,-128
2873477,7,-90
2893498,0,-94
2893498,1,-128
2893498,2,-94
2893498,3,-94
2893498,4,-91
2893498,5,-93
2893498,6,-128
2893498,7,-94
2913519,0,-94
2913519,1,-94
2913519,2,-94
2913519,3,-94
2913519,4,-83
2913519,5,-128
2913519,6,-128
2913519,7,-94
2933540,0,-94
2933540,1,-128
2933540,2,-93
2933540,3,-128
2933540,4,-93
2933540,5,-93
2933540,6,-128
2933540,7,-93
2953561,0,-93
2953561,1,-94
2953561,2,-128
2953561,3,-94
2953561,4,-92
2953561,5,-128
2953561,6,-128
2953561,7,-93
2973582,0,-93
2973582,1,-94
2973582,2,-128
2973582,3,-94
2973582,4,-92
2973582,5,-94
2973582,6,-128
2973582,7,-89
2993603,0,-94
2993603,1,-128
2993603,2,-94
2993603,3,-94
2993603,4,-93
2993603,5,-94
2993603,6,-128
2993603,7,-93
235
3013658,0,-94
3013658,1,-128
3013658,2,-128
3013658,3,-93
3013658,4,-92
3013658,5,-94
3013658,6,-128
3013658,7,-94
3033679,0,-94
3033679,1,-128
3033679,2,-94
3033679,3,-128
3033679,4,-84
3033679,5,-94
3033679,6,-128
3033679,7,-87
3053700,0,-94
3053700,1,-128
3053700,2,-94
3053700,3,-128
3053700,4,-89
3053700,5,-94
3053700,6,-128
3053700,7,-90
3073721,0,-92
3073721,1,-128
3073721,2,-94
3073721,3,-94
3073721,4,-89
3073721,5,-92
3073721,6,-128
3073721,7,-89
3093742,0,-94
3093742,1,-94
3093742,2,-94
3093742,3,-94
3093742,4,-87
3093742,5,-93
3093742,6,-128
3093742,7,-89
3113763,0,-93
3113763,1,-128
3113763,2,-93
3113763,3,-128
3113763,4,-89
3113763,5,-84
3113763,6,-128
3113763,7,-90
3133784,0,-93
3133784,1,-94
3133784,2,-92
3133784,3,-94
3133784,4,-86
3133784,5,-78
3133784,6,-128
3133784,7,-90
3153805,0,-93
3153805,1,-94
3153805,2,-94
3153805,3,-128
3153805,4,-82
3153805,5,-76
3153805,6,-128
3153805,7,-90
3173826,0,-92
3173826,1,-94
3173826,2,-94
3173826,3,-128
3173826,4,-89
3173826,5,-76
3173826,6,-128
3173826,7,-93
3193847,0,-93
3193847,1,-94
3193847,2,-94
3193847,3,-128
3193847,4,-88
3193847,5,-87
3193847,6,-128
3193847,7,-94
234
3213902,0,-94
3213902,1,-128
3213902,2,-94
3213902,3,-94
3213902,4,-91
3213902,5,-92
3213902,6,-128
3213902,7,-93
3233923,0,-94
3233923,1,-128
3233923,2,-94
3233923,3,-94
3233923,4,-82
3233923,5,-92
3233923,6,-128
3233923,7,-87
3253944,0,-94
3253944,1,-94
3253944,2,-128
3253944,3,-128
3253944,4,-86
3253944,5,-94
3253944,6,-128
3253944,7,-84
3273965,0,-128
3273965,1,-94
3273965,2,-128
3273965,3,-128
3273965,4,-87
3273965,5,-94
3273965,6,-94
3273965,7,-86
3293986,0,-128
3293986,1,-94
3293986,2,-128
3293986,3,-94
3293986,4,-94
3293986,5,-94
3293986,6,-128
3293986,7,-83
3314007,0,-128
3314007,1,-128
3314007,2,-93
3314007,3,-94
3314007,4,-93
3314007,5,-94
3314007,6,-94
3314007,7,-84
3334028,0,-128
3334028,1,-128
3334028,2,-94
3334028,3,-128
3334028,4,-87
3334028,5,-94
3334028,6,-94
3334028,7,-94
3354049,0,-128
3354049,1,-94
3354049,2,-93
3354049,3,-94
3354049,4,-90
3354049,5,-86
3354049,6,-94
3354049,7,-83
3374070,0,-128
3374070,1,-128
3374070,2,-94
3374070,3,-94
3374070,4,-87
3374070,5,-94
3374070,6,-94
3374070,7,-84
3394091,0,-93
3394091,1,-94
3394091,2,-94
3394091,3,-128
3394091,4,-89
3394091,5,-94
3394091,6,-94
3394091,7,-90
233
3414146,0,-128
3414146,1,-94
3414146,2,-92
3414146,3,-128
3414146,4,-94
3414146,5,-94
3414146,6,-94
3414146,7,-93
3434167,0,-94
3434167,1,-128
3434167,2,-94
3434167,3,-94
3434167,4,-89
3434167,5,-87
3434167,6,-94
3434167,7,-94
3454188,0,-128
3454188,1,-128
3454188,2,-93
3454188,3,-128
3454188,4,-89
3454188,5,-93
3454188,6,-94
3454188,7,-128
3474209,0,-94
3474209,1,-128
3474209,2,-94
3474209,3,-128
3474209,4,-88
3474209,5,-93
3474209,6,-94
3474209,7,-94
3494230,0,-128
3494230,1,-128
3494230,2,-94
3494230,3,-92
3494230,4,-93
3494230,5,-94
3494230,6,-128
3494230,7,-82
3514251,0,-128
3514251,1,-94
3514251,2,-94
3514251,3,-89
3514251,4,-93
3514251,5,-128
3514251,6,-128
3514251,7,-86
3534272,0,-128
3534272,1,-128
3534272,2,-128
3534272,3,-90
3534272,4,-128
3534272,5,-94
3534272,6,-128
3534272,7,-80
3554293,0,-128
3554293,1,-94
3554293,2,-94
3554293,3,-89
3554293,4,-128
3554293,5,-94
3554293,6,-128
3554293,7,-89
3574314,0,-128
3574314,1,-94
3574314,2,-94
3574314,3,-88
3574314,4,-128
3574314,5,-94
3574314,6,-128
3574314,7,-85
3594335,0,-128
3594335,1,-94
3594335,2,-94
3594335,3,-94
3594335,4,-94
3594335,5,-94
3594335,6,-128
3594335,7,-81
232
3614390,0,-128
3614390,1,-94
3614390,2,-94
3614390,3,-92
3614390,4,-94
3614390,5,-94
3614390,6,-128
3614390,7,-94
3634411,0,-128
3634411,1,-94
3634411,2,-94
3634411,3,-87
3634411,4,-128
3634411,5,-94
3634411,6,-128
3634411,7,-93
3654432,0,-128
3654432,1,-128
3654432,2,-94
3654432,3,-89
3654432,4,-94
3654432,5,-94
3654432,6,-128
3654432,7,-90
3674453,0,-128
3674453,1,-92
3674453,2,-94
3674453,3,-92
3674453,4,-94
3674453,5,-94
3674453,6,-128
3674453,7,-84
3694474,0,-128
3694474,1,-94
3694474,2,-94
3694474,3,-91
3694474,4,-94
3694474,5,-94
3694474,6,-128
3694474,7,-90
3714495,0,-128
3714495,1,-128
3714495,2,-128
3714495,3,-93
3714495,4,-94
3714495,5,-94
3714495,6,-128
3714495,7,-86
3734516,0,-128
3734516,1,-128
3734516,2,-94
3734516,3,-90
3734516,4,-94
3734516,5,-94
3734516,6,-128
3734516,7,-93
3754537,0,-128
3754537,1,-128
3754537,2,-94
3754537,3,-89
3754537,4,-128
3754537,5,-94
3754537,6,-128
3754537,7,-87
3774558,0,-128
3774558,1,-128
3774558,2,-94
3774558,3,-88
3774558,4,-94
3774558,5,-94
3774558,6,-128
3774558,7,-128
3794579,0,-94
3794579,1,-128
3794579,2,-94
3794579,3,-90
3794579,4,-94
3794579,5,-94
3794579,6,-128
3794579,7,-93
231
3814634,0,-128
3814634,1,-128
3814634,2,-94
3814634,3,-90
3814634,4,-128
3814634,5,-94
3814634,6,-128
3814634,7,-94
3834655,0,-94
3834655,1,-128
3834655,2,-94
3834655,3,-89
3834655,4,-128
3834655,5,-94
3834655,6,-128
3834655,7,-94
3854676,0,-128
3854676,1,-128
3854676,2,-94
3854676,3,-90
3854676,4,-128
3854676,5,-94
3854676,6,-128
3854676,7,-85
3874697,0,-128
3874697,1,-128
3874697,2,-94
3874697,3,-84
3874697,4,-128
3874697,5,-128
3874697,6,-128
3874697,7,-86
3894718,0,-128
3894718,1,-128
3894718,2,-94
3894718,3,-84
3894718,4,-128
3894718,5,-94
3894718,6,-128
3894718,7,-94
3914739,0,-128
3914739,1,-128
3914739,2,-94
3914739,3,-89
3914739,4,-94
3914739,5,-94
3914739,6,-128
3914739,7,-93
3934760,0,-128
3934760,1,-128
3934760,2,-94
3934760,3,-81
3934760,4,-128
3934760,5,-94
3934760,6,-128
3934760,7,-128
3954781,0,-128
3954781,1,-128
3954781,2,-94
3954781,3,-94
3954781,4,-128
3954781,5,-94
3954781,6,-128
3954781,7,-128
3974802,0,-128
3974802,1,-128
3974802,2,-94
3974802,3,-94
3974802,4,-128
3974802,5,-94
3974802,6,-128
3974802,7,-94
3994823,0,-128
3994823,1,-128
3994823,2,-94
3994823,3,-92
3994823,4,-94
3994823,5,-93
3994823,6,-128
3994823,7,-128
230
4014878,0,-128
4014878,1,-128
4014878,2,-93
4014878,3,-128
4014878,4,-94
4014878,5,-94
4014878,6,-128
4014878,7,-128
4034899,0,-128
4034899,1,-128
4034899,2,-93
4034899,3,-94
4034899,4,-94
4034899,5,-90
4034899,6,-128
4034899,7,-128
4054920,0,-128
4054920,1,-128
4054920,2,-91
4054920,3,-128
4054920,4,-128
4054920,5,-94
4054920,6,-128
4054920,7,-93
4074941,0,-94
4074941,1,-128
4074941,2,-94
4074941,3,-128
4074941,4,-94
4074941,5,-94
4074941,6,-128
4074941,7,-128
4094962,0,-94
4094962,1,-128
4094962,2,-94
4094962,3,-94
4094962,4,-94
4094962,5,-94
4094962,6,-128
4094962,7,-94
4114983,0,-94
4114983,1,-128
4114983,2,-93
4114983,3,-128
4114983,4,-128
4114983,5,-87
4114983,6,-128
4114983,7,-93
4135004,0,-94
4135004,1,-128
4135004,2,-128
4135004,3,-128
4135004,4,-128
4135004,5,-128
4135004,6,-128
4135004,7,-94
4155025,0,-94
4155025,1,-128
4155025,2,-94
4155025,3,-128
4155025,4,-94
4155025,5,-94
4155025,6,-128
4155025,7,-94
4175046,0,-94
4175046,1,-128
4175046,2,-94
4175046,3,-128
4175046,4,-94
4175046,5,-94
4175046,6,-128
4175046,7,-94
4195067,0,-94
4195067,1,-94
4195067,2,-128
4195067,3,-128
4195067,4,-94
4195067,5,-93
4195067,6,-128
4195067,7,-90
229
4215122,0,-94
4215122,1,-128
4215122,2,-128
4215122,3,-128
4215122,4,-94
4215122,5,-128
4215122,6,-128
4215122,7,-94
4235143,0,-90
4235143,1,-128
4235143,2,-128
4235143,3,-94
4235143,4,-94
4235143,5,-94
4235143,6,-128
4235143,7,-89
4255164,0,-94
4255164,1,-128
4255164,2,-94
4255164,3,-128
4255164,4,-128
4255164,5,-94
4255164,6,-128
4255164,7,-128
4275185,0,-94
4275185,1,-128
4275185,2,-94
4275185,3,-94
4275185,4,-128
4275185,5,-93
4275185,6,-94
4275185,7,-94
4295206,0,-94
4295206,1,-128
4295206,2,-93
4295206,3,-94
4295206,4,-128
4295206,5,-93
4295206,6,-94
4295206,7,-94
4315227,0,-94
4315227,1,-94
4315227,2,-93
4315227,3,-94
4315227,4,-94
4315227,5,-91
4315227,6,-128
4315227,7,-94
4335248,0,-94
4335248,1,-93
4335248,2,-94
4335248,3,-94
4335248,4,-94
4335248,5,-94
4335248,6,-94
4335248,7,-93
4355269,0,-128
4355269,1,-128
4355269,2,-94
4355269,3,-94
4355269,4,-128
4355269,5,-93
4355269,6,-128
4355269,7,-92
4375290,0,-128
4375290,1,-128
4375290,2,-94
4375290,3,-128
4375290,4,-94
4375290,5,-94
4375290,6,-128
4375290,7,-94
4395311,0,-94
4395311,1,-128
4395311,2,-94
4395311,3,-128
4395311,4,-94
4395311,5,-93
4395311,6,-94
4395311,7,-86
228
4415366,0,-94
4415366,1,-128
4415366,2,-94
4415366,3,-128
4415366,4,-94
4415366,5,-93
4415366,6,-128
4415366,7,-94
4435387,0,-94
4435387,1,-128
4435387,2,-94
4435387,3,-94
4435387,4,-128
4435387,5,-93
4435387,6,-94
4435387,7,-128
4455408,0,-128
4455408,1,-128
4455408,2,-94
4455408,3,-94
4455408,4,-94
4455408,5,-94
4455408,6,-128
4455408,7,-128
4475429,0,-94
4475429,1,-128
4475429,2,-94
4475429,3,-128
4475429,4,-128
4475429,5,-94
4475429,6,-128
4475429,7,-94
4495450,0,-94
4495450,1,-128
4495450,2,-94
4495450,3,-94
4495450,4,-93
4495450,5,-94
4495450,6,-128
4495450,7,-93
4515471,0,-94
4515471,1,-128
4515471,2,-94
4515471,3,-128
4515471,4,-128
4515471,5,-94
4515471,6,-94
4515471,7,-94
4535492,0,-94
4535492,1,-128
4535492,2,-94
4535492,3,-128
4535492,4,-128
4535492,5,-93
4535492,6,-94
4535492,7,-94
4555513,0,-128
4555513,1,-128
4555513,2,-128
4555513,3,-94
4555513,4,-128
4555513,5,-94
4555513,6,-128
4555513,7,-93
4575534,0,-128
4575534,1,-94
4575534,2,-94
4575534,3,-128
4575534,4,-128
4575534,5,-94
4575534,6,-93
4575534,7,-87
4595555,0,-94
4595555,1,-94
4595555,2,-93
4595555,3,-94
4595555,4,-128
4595555,5,-94
4595555,6,-93
4595555,7,-94
227
4615610,0,-94
4615610,1,-128
4615610,2,-93
4615610,3,-94
4615610,4,-128
4615610,5,-93
4615610,6,-92
4615610,7,-92
4635631,0,-94
4635631,1,-128
4635631,2,-92
4635631,3,-94
4635631,4,-128
4635631,5,-93
4635631,6,-94
4635631,7,-94
4655652,0,-94
4655652,1,-128
4655652,2,-93
4655652,3,-92
4655652,4,-128
4655652,5,-93
4655652,6,-89
4655652,7,-94
4675673,0,-94
4675673,1,-128
4675673,2,-94
4675673,3,-128
4675673,4,-128
4675673,5,-94
4675673,6,-93
4675673,7,-91
4695694,0,-94
4695694,1,-93
4695694,2,-94
4695694,3,-128
4695694,4,-128
4695694,5,-94
4695694,6,-94
4695694,7,-94
4715715,0,-128
4715715,1,-128
4715715,2,-94
4715715,3,-128
4715715,4,-128
4715715,5,-92
4715715,6,-94
4715715,7,-128
4735736,0,-94
4735736,1,-128
4735736,2,-94
4735736,3,-128
4735736,4,-128
4735736,5,-93
4735736,6,-94
4735736,7,-128
4755757,0,-94
4755757,1,-128
4755757,2,-94
4755757,3,-128
4755757,4,-128
4755757,5,-94
4755757,6,-91
4755757,7,-94
4775778,0,-94
4775778,1,-93
4775778,2,-128
4775778,3,-128
4775778,4,-128
4775778,5,-94
4775778,6,-128
4775778,7,-128
4795799,0,-128
4795799,1,-94
4795799,2,-94
4795799,3,-128
4795799,4,-128
4795799,5,-94
4795799,6,-94
4795799,7,-128
226
4815854,0,-128
4815854,1,-94
4815854,2,-94
4815854,3,-94
4815854,4,-128
4815854,5,-93
4815854,6,-94
4815854,7,-128
4835875,0,-94
4835875,1,-93
4835875,2,-94
4835875,3,-128
4835875,4,-128
4835875,5,-93
4835875,6,-94
4835875,7,-128
4855896,0,-128
4855896,1,-94
4855896,2,-94
4855896,3,-128
4855896,4,-128
4855896,5,-93
4855896,6,-94
4855896,7,-128
4875917,0,-94
4875917,1,-94
4875917,2,-94
4875917,3,-128
4875917,4,-128
4875917,5,-93
4875917,6,-93
4875917,7,-90
4895938,0,-94
4895938,1,-94
4895938,2,-94
4895938,3,-128
4895938,4,-94
4895938,5,-128
4895938,6,-128
4895938,7,-93
4915959,0,-91
4915959,1,-94
4915959,2,-93
4915959,3,-128
4915959,4,-92
4915959,5,-94
4915959,6,-94
4915959,7,-87
4935980,0,-91
4935980,1,-94
4935980,2,-128
4935980,3,-128
4935980,4,-93
4935980,5,-93
4935980,6,-94
4935980,7,-89
4956001,0,-93
4956001,1,-93
4956001,2,-128
4956001,3,-128
4956001,4,-94
4956001,5,-128
4956001,6,-94
4956001,7,-93
4976022,0,-90
4976022,1,-94
4976022,2,-128
4976022,3,-93
4976022,4,-128
4976022,5,-94
4976022,6,-94
4976022,7,-128
4996043,0,-94
4996043,1,-94
4996043,2,-94
4996043,3,-90
4996043,4,-128
4996043,5,-94
4996043,6,-93
4996043,7,-94
225
5016098,0,-94
5016098,1,-94
5016098,2,-94
5016098,3,-94
5016098,4,-128
5016098,5,-93
5016098,6,-93
5016098,7,-93
5036119,0,-93
5036119,1,-128
5036119,2,-94
5036119,3,-94
5036119,4,-128
5036119,5,-93
5036119,6,-93
5036119,7,-94
5056140,0,-94
5056140,1,-94
5056140,2,-94
5056140,3,-93
5056140,4,-128
5056140,5,-94
5056140,6,-93
5056140,7,-128
5076161,0,-94
5076161,1,-94
5076161,2,-128
5076161,3,-92
5076161,4,-128
5076161,5,-92
5076161,6,-94
5076161,7,-128
5096182,0,-93
5096182,1,-94
5096182,2,-128
5096182,3,-93
5096182,4,-128
5096182,5,-94
5096182,6,-94
5096182,7,-94
5116203,0,-93
5116203,1,-94
5116203,2,-128
5116203,3,-92
5116203,4,-128
5116203,5,-128
5116203,6,-88
5116203,7,-94
5136224,0,-93
5136224,1,-94
5136224,2,-128
5136224,3,-128
5136224,4,-128
5136224,5,-128
5136224,6,-94
5136224,7,-94
5156245,0,-94
5156245,1,-128
5156245,2,-128
5156245,3,-128
5156245,4,-128
5156245,5,-128
5156245,6,-93
5156245,7,-94
5176266,0,-93
5176266,1,-94
5176266,2,-128
5176266,3,-128
5176266,4,-128
5176266,5,-128
5176266,6,-94
5176266,7,-94
5196287,0,-94
5196287,1,-128
5196287,2,-128
5196287,3,-128
5196287,4,-128
5196287,5,-128
5196287,6,-94
5196287,7,-128
224
5216342,0,-94
5216342,1,-94
5216342,2,-128
5216342,3,-94
5216342,4,-128
5216342,5,-128
5216342,6,-128
5216342,7,-94
5236363,0,-93
5236363,1,-128
5236363,2,-128
5236363,3,-94
5236363,4,-128
5236363,5,-94
5236363,6,-90
5236363,7,-94
5256384,0,-128
5256384,1,-85
5256384,2,-128
5256384,3,-93
5256384,4,-128
5256384,5,-94
5256384,6,-94
5256384,7,-94
5276405,0,-93
5276405,1,-82
5276405,2,-128
5276405,3,-93
5276405,4,-128
5276405,5,-94
5276405,6,-94
5276405,7,-94
5296426,0,-94
5296426,1,-93
5296426,2,-128
5296426,3,-94
5296426,4,-128
5296426,5,-94
5296426,6,-128
5296426,7,-94
5316447,0,-93
5316447,1,-94
5316447,2,-128
5316447,3,-93
5316447,4,-128
5316447,5,-94
5316447,6,-94
5316447,7,-128
5336468,0,-93
5336468,1,-94
5336468,2,-94
5336468,3,-128
5336468,4,-128
5336468,5,-94
5336468,6,-93
5336468,7,-93
5356489,0,-94
5356489,1,-94
5356489,2,-90
5356489,3,-128
5356489,4,-128
5356489,5,-128
5356489,6,-90
5356489,7,-128
5376510,0,-128
5376510,1,-94
5376510,2,-87
5376510,3,-128
5376510,4,-128
5376510,5,-128
5376510,6,-94
5376510,7,-91
5396531,0,-93
5396531,1,-94
5396531,2,-94
5396531,3,-128
5396531,4,-128
5396531,5,-128
5396531,6,-93
5396531,7,-94
223
5416586,0,-93
5416586,1,-94
5416586,2,-128
5416586,3,-128
5416586,4,-128
5416586,5,-94
5416586,6,-94
5416586,7,-93
5436607,0,-128
5436607,1,-94
5436607,2,-94
5436607,3,-128
5436607,4,-128
5436607,5,-90
5436607,6,-94
5436607,7,-128
5456628,0,-128
5456628,1,-94
5456628,2,-93
5456628,3,-128
5456628,4,-128
5456628,5,-128
5456628,6,-93
5456628,7,-128
5476649,0,-93
5476649,1,-94
5476649,2,-128
5476649,3,-128
5476649,4,-128
5476649,5,-94
5476649,6,-93
5476649,7,-94
5496670,0,-94
5496670,1,-94
5496670,2,-94
5496670,3,-128
5496670,4,-128
5496670,5,-128
5496670,6,-94
5496670,7,-94
5516691,0,-94
5516691,1,-94
5516691,2,-128
5516691,3,-128
5516691,4,-128
5516691,5,-128
5516691,6,-94
5516691,7,-94
5536712,0,-94
5536712,1,-94
5536712,2,-94
5536712,3,-128
5536712,4,-128
5536712,5,-128
5536712,6,-94
5536712,7,-94
5556733,0,-128
5556733,1,-94
5556733,2,-128
5556733,3,-128
5556733,4,-128
5556733,5,-128
5556733,6,-93
5556733,7,-94
5576754,0,-93
5576754,1,-128
5576754,2,-128
5576754,3,-128
5576754,4,-128
5576754,5,-128
5576754,6,-94
5576754,7,-94
5596775,0,-94
5596775,1,-94
5596775,2,-128
5596775,3,-128
5596775,4,-128
5596775,5,-128
5596775,6,-88
5596775,7,-94
222
5616830,0,-94
5616830,1,-94
5616830,2,-128
5616830,3,-128
5616830,4,-128
5616830,5,-128
5616830,6,-89
5616830,7,-128
5636851,0,-128
5636851,1,-94
5636851,2,-128
5636851,3,-128
5636851,4,-128
5636851,5,-128
5636851,6,-91
5636851,7,-128
5656872,0,-94
5656872,1,-94
5656872,2,-128
5656872,3,-128
5656872,4,-128
5656872,5,-94
5656872,6,-92
5656872,7,-128
5676893,0,-94
5676893,1,-128
5676893,2,-128
5676893,3,-128
5676893,4,-128
5676893,5,-128
5676893,6,-94
5676893,7,-128
5696914,0,-94
5696914,1,-94
5696914,2,-128
5696914,3,-128
5696914,4,-128
5696914,5,-128
5696914,6,-94
5696914,7,-128
5716935,0,-94
5716935,1,-128
5716935,2,-128
5716935,3,-128
5716935,4,-128
5716935,5,-128
5716935,6,-94
5716935,7,-128
5736956,0,-93
5736956,1,-128
5736956,2,-128
5736956,3,-128
5736956,4,-128
5736956,5,-128
5736956,6,-94
5736956,7,-128
5756977,0,-93
5756977,1,-128
5756977,2,-94
5756977,3,-128
5756977,4,-128
5756977,5,-128
5756977,6,-128
5756977,7,-94
5776998,0,-93
5776998,1,-94
5776998,2,-128
5776998,3,-94
5776998,4,-128
5776998,5,-128
5776998,6,-128
5776998,7,-128
5797019,0,-92
5797019,1,-94
5797019,2,-93
5797019,3,-94
5797019,4,-128
5797019,5,-128
5797019,6,-128
5797019,7,-128
221
5817073,0,-90
5817073,1,-93
5817073,2,-92
5817073,3,-94
5817073,4,-128
5817073,5,-128
5817073,6,-128
5817073,7,-94
5837094,0,-93
5837094,1,-94
5837094,2,-94
5837094,3,-128
5837094,4,-128
5837094,5,-128
5837094,6,-128
5837094,7,-94
5857115,0,-93
5857115,1,-94
5857115,2,-94
5857115,3,-128
5857115,4,-128
5857115,5,-93
5857115,6,-128
5857115,7,-94
5877136,0,-91
5877136,1,-94
5877136,2,-94
5877136,3,-94
5877136,4,-128
5877136,5,-93
5877136,6,-128
5877136,7,-94
5897157,0,-92
5897157,1,-94
5897157,2,-91
5897157,3,-94
5897157,4,-128
5897157,5,-128
5897157,6,-128
5897157,7,-128
5917178,0,-86
5917178,1,-94
5917178,2,-94
5917178,3,-128
5917178,4,-88
5917178,5,-94
5917178,6,-128
5917178,7,-94
5937199,0,-86
5937199,1,-128
5937199,2,-94
5937199,3,-128
5937199,4,-128
5937199,5,-94
5937199,6,-128
5937199,7,-94
5957220,0,-84
5957220,1,-94
5957220,2,-94
5957220,3,-93
5957220,4,-128
5957220,5,-94
5957220,6,-128
5957220,7,-94
5977241,0,-89
5977241,1,-94
5977241,2,-128
5977241,3,-94
5977241,4,-128
5977241,5,-94
5977241,6,-128
5977241,7,-87
5997262,0,-88
5997262,1,-94
5997262,2,-93
5997262,3,-128
5997262,4,-128
5997262,5,-93
5997262,6,-128
5997262,7,-93
220
6017317,0,-84
6017317,1,-94
6017317,2,-128
6017317,3,-128
6017317,4,-128
6017317,5,-94
6017317,6,-128
6017317,7,-92
6037338,0,-86
6037338,1,-94
6037338,2,-93
6037338,3,-128
6037338,4,-128
6037338,5,-94
6037338,6,-128
6037338,7,-94
6057359,0,-91
6057359,1,-94
6057359,2,-128
6057359,3,-128
6057359,4,-128
6057359,5,-128
6057359,6,-128
6057359,7,-93
6077380,0,-89
6077380,1,-94
6077380,2,-94
6077380,3,-128
6077380,4,-128
6077380,5,-94
6077380,6,-128
6077380,7,-128
6097401,0,-84
6097401,1,-94
6097401,2,-128
6097401,3,-128
6097401,4,-128
6097401,5,-94
6097401,6,-128
6097401,7,-128
6117422,0,-83
6117422,1,-128
6117422,2,-94
6117422,3,-128
6117422,4,-128
6117422,5,-94
6117422,6,-128
6117422,7,-128
6137443,0,-83
6137443,1,-94
6137443,2,-128
6137443,3,-128
6137443,4,-91
6137443,5,-93
6137443,6,-128
6137443,7,-94
6157464,0,-83
6157464,1,-94
6157464,2,-94
6157464,3,-128
6157464,4,-128
6157464,5,-94
6157464,6,-128
6157464,7,-94
6177485,0,-83
6177485,1,-128
6177485,2,-128
6177485,3,-128
6177485,4,-128
6177485,5,-94
6177485,6,-128
6177485,7,-94
6197506,0,-90
6197506,1,-94
6197506,2,-128
6197506,3,-128
6197506,4,-93
6197506,5,-128
6197506,6,-128
6197506,7,-94
219
6217561,0,-85
6217561,1,-94
6217561,2,-128
6217561,3,-128
6217561,4,-128
6217561,5,-128
6217561,6,-128
6217561,7,-94
6237582,0,-90
6237582,1,-94
6237582,2,-94
6237582,3,-128
6237582,4,-128
6237582,5,-128
6237582,6,-128
6237582,7,-94
6257603,0,-93
6257603,1,-128
6257603,2,-128
6257603,3,-128
6257603,4,-128
6257603,5,-128
6257603,6,-128
6257603,7,-94
6277624,0,-93
6277624,1,-94
6277624,2,-128
6277624,3,-128
6277624,4,-128
6277624,5,-94
6277624,6,-89
6277624,7,-92
6297645,0,-85
6297645,1,-128
6297645,2,-128
6297645,3,-128
6297645,4,-128
6297645,5,-94
6297645,6,-94
6297645,7,-128
6317666,0,-92
6317666,1,-128
6317666,2,-94
6317666,3,-128
6317666,4,-128
6317666,5,-94
6317666,6,-128
6317666,7,-94
6337687,0,-89
6337687,1,-94
6337687,2,-93
6337687,3,-128
6337687,4,-93
6337687,5,-94
6337687,6,-93
6337687,7,-94
6357708,0,-90
6357708,1,-128
6357708,2,-94
6357708,3,-128
6357708,4,-128
6357708,5,-93
6357708,6,-128
6357708,7,-94
6377729,0,-88
6377729,1,-128
6377729,2,-92
6377729,3,-128
6377729,4,-128
6377729,5,-94
6377729,6,-128
6377729,7,-94
6397750,0,-93
6397750,1,-128
6397750,2,-128
6397750,3,-128
6397750,4,-128
6397750,5,-128
6397750,6,-128
6397750,7,-94
218
6417805,0,-88
6417805,1,-128
6417805,2,-128
6417805,3,-128
6417805,4,-128
6417805,5,-94
6417805,6,-128
6417805,7,-94
6437826,0,-88
6437826,1,-128
6437826,2,-94
6437826,3,-94
6437826,4,-128
6437826,5,-94
6437826,6,-128
6437826,7,-93
6457847,0,-87
6457847,1,-94
6457847,2,-92
6457847,3,-94
6457847,4,-128
6457847,5,-94
6457847,6,-128
6457847,7,-94
6477868,0,-94
6477868,1,-128
6477868,2,-94
6477868,3,-94
6477868,4,-94
6477868,5,-94
6477868,6,-94
6477868,7,-128
6497889,0,-128
6497889,1,-128
6497889,2,-128
6497889,3,-128
6497889,4,-94
6497889,5,-94
6497889,6,-128
6497889,7,-128
6517910,0,-128
6517910,1,-128
6517910,2,-128
6517910,3,-94
6517910,4,-94
6517910,5,-128
6517910,6,-128
6517910,7,-94
6537931,0,-94
6537931,1,-94
6537931,2,-128
6537931,3,-94
6537931,4,-94
6537931,5,-94
6537931,6,-128
6537931,7,-128
6557952,0,-128
6557952,1,-128
6557952,2,-128
6557952,3,-128
6557952,4,-128
6557952,5,-94
6557952,6,-128
6557952,7,-128
6577973,0,-128
6577973,1,-94
6577973,2,-128
6577973,3,-128
6577973,4,-94
6577973,5,-94
6577973,6,-128
6577973,7,-94
6597994,0,-93
6597994,1,-128
6597994,2,-128
6597994,3,-128
6597994,4,-94
6597994,5,-128
6597994,6,-128
6597994,7,-128
217
6618049,0,-92
6618049,1,-94
6618049,2,-128
6618049,3,-128
6618049,4,-128
6618049,5,-94
6618049,6,-128
6618049,7,-128
6638070,0,-93
6638070,1,-94
6638070,2,-128
6638070,3,-128
6638070,4,-94
6638070,5,-128
6638070,6,-128
6638070,7,-128
6656000,0,-94
6656000,1,-94
6656000,2,-94
6656000,3,-94
6656000,4,-94
6656000,5,-128
6656000,6,-94
6656000,7,-128
6676021,0,-94
6676021,1,-128
6676021,2,-94
6676021,3,-128
6676021,4,-128
6676021,5,-128
6676021,6,-128
6676021,7,-94
6696042,0,-128
6696042,1,-94
6696042,2,-128
6696042,3,-128
6696042,4,-128
6696042,5,-128
6696042,6,-128
6696042,7,-128
6716063,0,-94
6716063,1,-94
6716063,2,-128
6716063,3,-128
6716063,4,-128
6716063,5,-128
6716063,6,-128
6716063,7,-94
6736084,0,-90
6736084,1,-94
6736084,2,-128
6736084,3,-128
6736084,4,-128
6736084,5,-128
6736084,6,-128
6736084,7,-94
6756105,0,-94
6756105,1,-94
6756105,2,-128
6756105,3,-128
6756105,4,-128
6756105,5,-128
6756105,6,-128
6756105,7,-128
6776126,0,-94
6776126,1,-128
6776126,2,-128
6776126,3,-94
6776126,4,-128
6776126,5,-94
6776126,6,-94
6776126,7,-94
6796147,0,-128
6796147,1,-128
6796147,2,-128
6796147,3,-128
6796147,4,-128
6796147,5,-128
6796147,6,-128
6796147,7,-94
216
6816202,0,-93
6816202,1,-128
6816202,2,-128
6816202,3,-128
6816202,4,-128
6816202,5,-128
6816202,6,-128
6816202,7,-128
6836223,0,-94
6836223,1,-128
6836223,2,-128
6836223,3,-128
6836223,4,-128
6836223,5,-128
6836223,6,-128
6836223,7,-128
6856244,0,-94
6856244,1,-128
6856244,2,-128
6856244,3,-128
6856244,4,-128
6856244,5,-128
6856244,6,-128
6856244,7,-128
6876265,0,-94
6876265,1,-128
6876265,2,-128
6876265,3,-128
6876265,4,-128
6876265,5,-128
6876265,6,-128
6876265,7,-128
6896286,0,-93
6896286,1,-128
6896286,2,-128
6896286,3,-128
6896286,4,-128
6896286,5,-128
6896286,6,-128
6896286,7,-128
6916307,0,-94
6916307,1,-128
6916307,2,-128
6916307,3,-128
6916307,4,-128
6916307,5,-128
6916307,6,-128
6916307,7,-128
6936328,0,-94
6936328,1,-128
6936328,2,-128
6936328,3,-128
6936328,4,-128
6936328,5,-128
6936328,6,-128
6936328,7,-128
6956349,0,-93
6956349,1,-128
6956349,2,-128
6956349,3,-128
6956349,4,-128
6956349,5,-128
6956349,6,-94
6956349,7,-128
6976370,0,-94
6976370,1,-94
6976370,2,-128
6976370,3,-128
6976370,4,-128
6976370,5,-94
6976370,6,-128
6976370,7,-128
6996391,0,-94
6996391,1,-128
6996391,2,-128
6996391,3,-128
6996391,4,-94
6996391,5,-128
6996391,6,-128
6996391,7,-128
215
7016446,0,-128
7016446,1,-128
7016446,2,-128
7016446,3,-128
7016446,4,-128
7016446,5,-128
7016446,6,-128
7016446,7,-128
7036467,0,-94
7036467,1,-128
7036467,2,-128
7036467,3,-128
7036467,4,-128
7036467,5,-128
7036467,6,-128
7036467,7,-128
7056488,0,-128
7056488,1,-128
7056488,2,-128
7056488,3,-128
7056488,4,-128
7056488,5,-128
7056488,6,-128
7056488,7,-128
7076509,0,-128
7076509,1,-128
7076509,2,-128
7076509,3,-128
7076509,4,-128
7076509,5,-128
7076509,6,-128
7076509,7,-128
7096530,0,-128
7096530,1,-128
7096530,2,-128
7096530,3,-128
7096530,4,-128
7096530,5,-128
7096530,6,-128
7096530,7,-128
7116551,0,-128
7116551,1,-128
7116551,2,-128
7116551,3,-128
7116551,4,-128
7116551,5,-128
7116551,6,-128
7116551,7,-128
7136572,0,-128
7136572,1,-128
7136572,2,-128
7136572,3,-128
7136572,4,-128
7136572,5,-128
7136572,6,-128
7136572,7,-128
7156593,0,-128
7156593,1,-128
7156593,2,-128
7156593,3,-128
7156593,4,-94
7156593,5,-94
7156593,6,-128
7156593,7,-128
7176614,0,-128
7176614,1,-128
7176614,2,-128
7176614,3,-128
7176614,4,-128
7176614,5,-128
7176614,6,-128
7176614,7,-128
7196635,0,-128
7196635,1,-128
7196635,2,-128
7196635,3,-128
7196635,4,-128
7196635,5,-128
7196635,6,-128
7196635,7,-128
214
7216690,0,-128
7216690,1,-128
7216690,2,-128
7216690,3,-128
7216690,4,-128
7216690,5,-128
7216690,6,-128
7216690,7,-128
7236711,0,-128
7236711,1,-128
7236711,2,-128
7236711,3,-128
7236711,4,-128
7236711,5,-128
7236711,6,-128
7236711,7,-128
7256732,0,-128
7256732,1,-128
7256732,2,-128
7256732,3,-128
7256732,4,-128
7256732,5,-128
7256732,6,-128
7256732,7,-128
7276753,0,-128
7276753,1,-128
7276753,2,-128
7276753,3,-128
7276753,4,-128
7276753,5,-128
7276753,6,-128
7276753,7,-128
7296774,0,-128
7296774,1,-128
7296774,2,-128
7296774,3,-128
7296774,4,-128
7296774,5,-128
7296774,6,-128
7296774,7,-128
7316795,0,-128
7316795,1,-128
7316795,2,-128
7316795,3,-128
7316795,4,-128
7316795,5,-128
7316795,6,-128
7316795,7,-128
7336816,0,-128
7336816,1,-128
7336816,2,-128
7336816,3,-128
7336816,4,-128
7336816,5,-128
7336816,6,-128
7336816,7,-128
7356837,0,-128
7356837,1,-128
7356837,2,-128
7356837,3,-128
7356837,4,-128
7356837,5,-128
7356837,6,-128
7356837,7,-128
7376858,0,-128
7376858,1,-128
7376858,2,-128
7376858,3,-128
7376858,4,-128
7376858,5,-128
7376858,6,-128
7376858,7,-128
7396879,0,-128
7396879,1,-128
7396879,2,-128
7396879,3,-128
7396879,4,-128
7396879,5,-128
7396879,6,-128
7396879,7,-128
213
7416933,0,-128
7416933,1,-128
7416933,2,-128
7416933,3,-94
7416933,4,-128
7416933,5,-94
7416933,6,-128
7416933,7,-128
7436954,0,-128
7436954,1,-128
7436954,2,-128
7436954,3,-128
7436954,4,-94
7436954,5,-128
7436954,6,-128
7436954,7,-94
7456975,0,-128
7456975,1,-128
7456975,2,-128
7456975,3,-128
7456975,4,-128
7456975,5,-128
7456975,6,-128
7456975,7,-128
7476996,0,-128
7476996,1,-128
7476996,2,-128
7476996,3,-128
7476996,4,-94
7476996,5,-128
7476996,6,-94
7476996,7,-94
7497017,0,-128
7497017,1,-128
7497017,2,-94
7497017,3,-128
7497017,4,-128
7497017,5,-128
7497017,6,-128
7497017,7,-128
7517038,0,-128
7517038,1,-128
7517038,2,-128
7517038,3,-128
7517038,4,-128
7517038,5,-128
7517038,6,-128
7517038,7,-128
7537059,0,-128
7537059,1,-128
7537059,2,-128
7537059,3,-128
7537059,4,-128
7537059,5,-128
7537059,6,-94
7537059,7,-94
7557080,0,-94
7557080,1,-128
7557080,2,-128
7557080,3,-128
7557080,4,-128
7557080,5,-128
7557080,6,-128
7557080,7,-128
7577101,0,-128
7577101,1,-128
7577101,2,-128
7577101,3,-94
7577101,4,-128
7577101,5,-128
7577101,6,-94
7577101,7,-128
7597122,0,-128
7597122,1,-128
7597122,2,-128
7597122,3,-128
7597122,4,-128
7597122,5,-128
7597122,6,-128
7597122,7,-128
212
7617177,0,-128
7617177,1,-128
7617177,2,-128
7617177,3,-128
7617177,4,-128
7617177,5,-128
7617177,6,-128
7617177,7,-128
7637198,0,-128
7637198,1,-128
7637198,2,-128
7637198,3,-128
7637198,4,-128
7637198,5,-128
7637198,6,-128
7637198,7,-128
7657219,0,-128
7657219,1,-128
7657219,2,-128
7657219,3,-128
7657219,4,-128
7657219,5,-128
7657219,6,-128
7657219,7,-128
7677240,0,-128
7677240,1,-128
7677240,2,-128
7677240,3,-128
7677240,4,-128
7677240,5,-128
7677240,6,-128
7677240,7,-128
7697261,0,-128
7697261,1,-128
7697261,2,-128
7697261,3,-128
7697261,4,-128
7697261,5,-128
7697261,6,-128
7697261,7,-128
7717282,0,-128
7717282,1,-128
7717282,2,-128
7717282,3,-128
7717282,4,-128
7717282,5,-128
7717282,6,-128
7717282,7,-128
7737303,0,-128
7737303,1,-128
7737303,2,-128
7737303,3,-128
7737303,4,-128
7737303,5,-128
7737303,6,-128
7737303,7,-128
7757324,0,-128
7757324,1,-128
7757324,2,-128
7757324,3,-94
7757324,4,-94
7757324,5,-128
7757324,6,-94
7757324,7,-94
7777345,0,-128
7777345,1,-128
7777345,2,-128
7777345,3,-128
7777345,4,-94
7777345,5,-128
7777345,6,-128
7777345,7,-94
7797366,0,-128
7797366,1,-128
7797366,2,-128
7797366,3,-94
7797366,4,-94
7797366,5,-128
7797366,6,-94
7797366,7,-94
211
7817420,0,-128
7817420,1,-128
7817420,2,-128
7817420,3,-128
7817420,4,-128
7817420,5,-128
7817420,6,-128
7817420,7,-128
7837441,0,-128
7837441,1,-128
7837441,2,-128
7837441,3,-128
7837441,4,-128
7837441,5,-128
7837441,6,-128
7837441,7,-128
7857462,0,-128
7857462,1,-128
7857462,2,-128
7857462,3,-94
7857462,4,-94
7857462,5,-128
7857462,6,-94
7857462,7,-94
7877483,0,-128
7877483,1,-128
7877483,2,-128
7877483,3,-128
7877483,4,-128
7877483,5,-128
7877483,6,-128
7877483,7,-128
7897504,0,-128
7897504,1,-94
7897504,2,-128
7897504,3,-94
7897504,4,-94
7897504,5,-128
7897504,6,-94
7897504,7,-128
7917525,0,-128
7917525,1,-128
7917525,2,-94
7917525,3,-128
7917525,4,-128
7917525,5,-128
7917525,6,-128
7917525,7,-94
7937546,0,-128
7937546,1,-128
7937546,2,-94
7937546,3,-128
7937546,4,-128
7937546,5,-128
7937546,6,-128
7937546,7,-128
7957567,0,-128
7957567,1,-128
7957567,2,-128
7957567,3,-128
7957567,4,-128
7957567,5,-128
7957567,6,-128
7957567,7,-128
7977588,0,-128
7977588,1,-128
7977588,2,-128
7977588,3,-128
7977588,4,-128
7977588,5,-128
7977588,6,-128
7977588,7,-128
7997609,0,-128
7997609,1,-128
7997609,2,-128
7997609,3,-128
7997609,4,-128
7997609,5,-128
7997609,6,-128
7997609,7,-128
210
8017664,0,-128
8017664,1,-128
8017664,2,-94
8017664,3,-128
8017664,4,-94
8017664,5,-128
8017664,6,-94
8017664,7,-128
8037685,0,-128
8037685,1,-128
8037685,2,-128
8037685,3,-128
8037685,4,-94
8037685,5,-128
8037685,6,-128
8037685,7,-128
8057706,0,-128
8057706,1,-128
8057706,2,-128
8057706,3,-128
8057706,4,-128
8057706,5,-128
8057706,6,-128
8057706,7,-128
8077727,0,-128
8077727,1,-128
8077727,2,-128
8077727,3,-94
8077727,4,-94
8077727,5,-128
8077727,6,-94
8077727,7,-128
8097748,0,-128
8097748,1,-128
8097748,2,-128
8097748,3,-128
8097748,4,-94
8097748,5,-128
8097748,6,-94
8097748,7,-128
8117769,0,-128
8117769,1,-128
8117769,2,-128
8117769,3,-94
8117769,4,-128
8117769,5,-128
8117769,6,-128
8117769,7,-128
8137790,0,-128
8137790,1,-128
8137790,2,-128
8137790,3,-94
8137790,4,-94
8137790,5,-128
8137790,6,-94
8137790,7,-94
8157811,0,-128
8157811,1,-128
8157811,2,-128
8157811,3,-128
8157811,4,-128
8157811,5,-128
8157811,6,-128
8157811,7,-128
8177832,0,-128
8177832,1,-128
8177832,2,-128
8177832,3,-128
8177832,4,-128
8177832,5,-128
8177832,6,-128
8177832,7,-128
8197853,0,-128
8197853,1,-128
8197853,2,-128
8197853,3,-128
8197853,4,-128
8197853,5,-128
8197853,6,-128
8197853,7,-128
209
8217908,0,-128
8217908,1,-128
8217908,2,-128
8217908,3,-128
8217908,4,-94
8217908,5,-128
8217908,6,-94
8217908,7,-94
8237929,0,-128
8237929,1,-128
8237929,2,-128
8237929,3,-94
8237929,4,-94
8237929,5,-128
8237929,6,-94
8237929,7,-128
8257950,0,-128
8257950,1,-128
8257950,2,-128
8257950,3,-94
8257950,4,-94
8257950,5,-128
8257950,6,-94
8257950,7,-94
8277971,0,-128
8277971,1,-128
8277971,2,-128
8277971,3,-128
8277971,4,-94
8277971,5,-128
8277971,6,-94
8277971,7,-128
8297992,0,-128
8297992,1,-128
8297992,2,-128
8297992,3,-94
8297992,4,-94
8297992,5,-128
8297992,6,-128
8297992,7,-128
8318013,0,-128
8318013,1,-128
8318013,2,-94
8318013,3,-128
8318013,4,-94
8318013,5,-128
8318013,6,-128
8318013,7,-128
8338034,0,-128
8338034,1,-128
8338034,2,-94
8338034,3,-128
8338034,4,-94
8338034,5,-128
8338034,6,-128
8338034,7,-94
8358055,0,-128
8358055,1,-128
8358055,2,-128
8358055,3,-128
8358055,4,-128
8358055,5,-128
8358055,6,-128
8358055,7,-128
8378076,0,-128
8378076,1,-128
8378076,2,-128
8378076,3,-128
8378076,4,-128
8378076,5,-128
8378076,6,-128
8378076,7,-128
8398097,0,-128
8398097,1,-128
8398097,2,-128
8398097,3,-128
8398097,4,-128
8398097,5,-128
8398097,6,-128
8398097,7,-128
208
8418151,0,-128
8418151,1,-128
8418151,2,-128
8418151,3,-128
8418151,4,-128
8418151,5,-128
8418151,6,-128
8418151,7,-128
8438172,0,-94
8438172,1,-128
8438172,2,-128
8438172,3,-128
8438172,4,-128
8438172,5,-128
8438172,6,-128
8438172,7,-128
8458193,0,-128
8458193,1,-128
8458193,2,-128
8458193,3,-128
8458193,4,-128
8458193,5,-128
8458193,6,-128
8458193,7,-128
8478214,0,-128
8478214,1,-128
8478214,2,-128
8478214,3,-128
8478214,4,-128
8478214,5,-128
8478214,6,-128
8478214,7,-128
8498235,0,-128
8498235,1,-128
8498235,2,-128
8498235,3,-128
8498235,4,-128
8498235,5,-128
8498235,6,-128
8498235,7,-128
8518256,0,-128
8518256,1,-128
8518256,2,-128
8518256,3,-128
8518256,4,-128
8518256,5,-128
8518256,6,-128
8518256,7,-128
8538277,0,-128
8538277,1,-128
8538277,2,-128
8538277,3,-128
8538277,4,-128
8538277,5,-128
8538277,6,-128
8538277,7,-128
8558298,0,-128
8558298,1,-128
8558298,2,-128
8558298,3,-128
8558298,4,-128
8558298,5,-128
8558298,6,-128
8558298,7,-128
8578319,0,-128
8578319,1,-128
8578319,2,-128
8578319,3,-94
8578319,4,-94
8578319,5,-94
8578319,6,-128
8578319,7,-94
8598340,0,-128
8598340,1,-128
8598340,2,-128
8598340,3,-128
8598340,4,-128
8598340,5,-94
8598340,6,-128
8598340,7,-128
207
8618395,0,-128
8618395,1,-128
8618395,2,-128
8618395,3,-128
8618395,4,-128
8618395,5,-128
8618395,6,-128
8618395,7,-128
8638416,0,-128
8638416,1,-128
8638416,2,-128
8638416,3,-128
8638416,4,-128
8638416,5,-128
8638416,6,-128
8638416,7,-128
8658437,0,-128
8658437,1,-128
8658437,2,-128
8658437,3,-128
8658437,4,-128
8658437,5,-128
8658437,6,-128
8658437,7,-128
8678458,0,-128
8678458,1,-128
8678458,2,-128
8678458,3,-128
8678458,4,-128
8678458,5,-128
8678458,6,-128
8678458,7,-128
8698479,0,-128
8698479,1,-128
8698479,2,-128
8698479,3,-128
8698479,4,-128
8698479,5,-128
8698479,6,-128
8698479,7,-128
8718500,0,-128
8718500,1,-128
8718500,2,-128
8718500,3,-128
8718500,4,-128
8718500,5,-128
8718500,6,-128
8718500,7,-128
8738521,0,-128
8738521,1,-128
8738521,2,-128
8738521,3,-128
8738521,4,-128
8738521,5,-128
8738521,6,-128
8738521,7,-128
8758542,0,-128
8758542,1,-128
8758542,2,-94
8758542,3,-128
8758542,4,-128
8758542,5,-94
8758542,6,-94
8758542,7,-128
8778563,0,-128
8778563,1,-128
8778563,2,-128
8778563,3,-128
8778563,4,-128
8778563,5,-128
8778563,6,-128
8778563,7,-128
8798584,0,-128
8798584,1,-128
8798584,2,-128
8798584,3,-128
8798584,4,-128
8798584,5,-128
8798584,6,-128
8798584,7,-128
206
8818639,0,-128
8818639,1,-128
8818639,2,-128
8818639,3,-128
8818639,4,-128
8818639,5,-128
8818639,6,-128
8818639,7,-128
8838660,0,-128
8838660,1,-128
8838660,2,-128
8838660,3,-128
8838660,4,-128
8838660,5,-128
8838660,6,-128
8838660,7,-128
8858681,0,-128
8858681,1,-94
8858681,2,-128
8858681,3,-128
8858681,4,-128
8858681,5,-128
8858681,6,-128
8858681,7,-128
8878702,0,-128
8878702,1,-128
8878702,2,-128
8878702,3,-128
8878702,4,-128
8878702,5,-128
8878702,6,-128
8878702,7,-128
8898723,0,-128
8898723,1,-128
8898723,2,-128
8898723,3,-94
8898723,4,-128
8898723,5,-128
8898723,6,-94
8898723,7,-128
8918744,0,-128
8918744,1,-94
8918744,2,-128
8918744,3,-94
8918744,4,-128
8918744,5,-94
8918744,6,-128
8918744,7,-128
8938765,0,-128
8938765,1,-93
8938765,2,-128
8938765,3,-94
8938765,4,-128
8938765,5,-128
8938765,6,-94
8938765,7,-128
8958786,0,-128
8958786,1,-94
8958786,2,-128
8958786,3,-128
8958786,4,-128
8958786,5,-128
8958786,6,-128
8958786,7,-128
8978807,0,-128
8978807,1,-128
8978807,2,-128
8978807,3,-94
8978807,4,-128
8978807,5,-128
8978807,6,-128
8978807,7,-128
8998828,0,-128
8998828,1,-94
8998828,2,-128
8998828,3,-94
8998828,4,-128
8998828,5,-94
8998828,6,-128
8998828,7,-128
205
9018883,0,-128
9018883,1,-92
9018883,2,-128
9018883,3,-128
9018883,4,-128
9018883,5,-94
9018883,6,-128
9018883,7,-128
9038904,0,-128
9038904,1,-128
9038904,2,-128
9038904,3,-128
9038904,4,-128
9038904,5,-128
9038904,6,-128
9038904,7,-128
9058925,0,-128
9058925,1,-94
9058925,2,-128
9058925,3,-128
9058925,4,-128
9058925,5,-128
9058925,6,-128
9058925,7,-128
9078946,0,-128
9078946,1,-87
9078946,2,-128
9078946,3,-128
9078946,4,-128
9078946,5,-128
9078946,6,-128
9078946,7,-128
9098967,0,-128
9098967,1,-94
9098967,2,-128
9098967,3,-128
9098967,4,-128
9098967,5,-128
9098967,6,-128
9098967,7,-128
9118988,0,-128
9118988,1,-94
9118988,2,-128
9118988,3,-128
9118988,4,-128
9118988,5,-128
9118988,6,-128
9118988,7,-128
9139009,0,-128
9139009,1,-94
9139009,2,-128
9139009,3,-128
9139009,4,-128
9139009,5,-94
9139009,6,-128
9139009,7,-128
9159030,0,-128
9159030,1,-89
9159030,2,-128
9159030,3,-128
9159030,4,-128
9159030,5,-91
9159030,6,-128
9159030,7,-128
9179051,0,-94
9179051,1,-94
9179051,2,-128
9179051,3,-128
9179051,4,-128
9179051,5,-94
9179051,6,-128
9179051,7,-128
9199072,0,-128
9199072,1,-89
9199072,2,-128
9199072,3,-128
9199072,4,-93
9199072,5,-128
9199072,6,-128
9199072,7,-128
204
9216000,0,-128
9216000,1,-128
9216000,2,-128
9216000,3,-128
9216000,4,-93
9216000,5,-128
9216000,6,-128
9216000,7,-128
9236021,0,-128
9236021,1,-94
9236021,2,-128
9236021,3,-128
9236021,4,-128
9236021,5,-94
9236021,6,-128
9236021,7,-94
9256042,0,-128
9256042,1,-94
9256042,2,-128
9256042,3,-128
9256042,4,-128
9256042,5,-93
9256042,6,-94
9256042,7,-94
9276063,0,-94
9276063,1,-128
9276063,2,-128
9276063,3,-128
9276063,4,-128
9276063,5,-93
9276063,6,-128
9276063,7,-94
9296084,0,-128
9296084,1,-128
9296084,2,-128
9296084,3,-128
9296084,4,-128
9296084,5,-128
9296084,6,-128
9296084,7,-128
9316105,0,-128
9316105,1,-128
9316105,2,-128
9316105,3,-128
9316105,4,-128
9316105,5,-91
9316105,6,-128
9316105,7,-94
9336126,0,-128
9336126,1,-128
9336126,2,-128
9336126,3,-128
9336126,4,-128
9336126,5,-94
9336126,6,-128
9336126,7,-94
9356147,0,-128
9356147,1,-128
9356147,2,-128
9356147,3,-128
9356147,4,-128
9356147,5,-94
9356147,6,-128
9356147,7,-128
9376168,0,-128
9376168,1,-128
9376168,2,-128
9376168,3,-128
9376168,4,-128
9376168,5,-128
9376168,6,-93
9376168,7,-128
9396189,0,-94
9396189,1,-128
9396189,2,-128
9396189,3,-128
9396189,4,-128
9396189,5,-94
9396189,6,-94
9396189,7,-128
203
9416244,0,-128
9416244,1,-128
9416244,2,-128
9416244,3,-94
9416244,4,-128
9416244,5,-94
9416244,6,-94
9416244,7,-94
9436265,0,-128
9436265,1,-93
9436265,2,-128
9436265,3,-128
9436265,4,-128
9436265,5,-89
9436265,6,-94
9436265,7,-94
9456286,0,-128
9456286,1,-93
9456286,2,-128
9456286,3,-128
9456286,4,-128
9456286,5,-94
9456286,6,-94
9456286,7,-94
9476307,0,-128
9476307,1,-94
9476307,2,-128
9476307,3,-128
9476307,4,-128
9476307,5,-128
9476307,6,-94
9476307,7,-94
9496328,0,-128
9496328,1,-94
9496328,2,-128
9496328,3,-128
9496328,4,-128
9496328,5,-94
9496328,6,-128
9496328,7,-94
9516349,0,-128
9516349,1,-94
9516349,2,-128
9516349,3,-128
9516349,4,-94
9516349,5,-128
9516349,6,-94
9516349,7,-128
9536370,0,-128
9536370,1,-92
9536370,2,-128
9536370,3,-128
9536370,4,-128
9536370,5,-128
9536370,6,-94
9536370,7,-128
9556391,0,-128
9556391,1,-91
9556391,2,-128
9556391,3,-128
9556391,4,-128
9556391,5,-128
9556391,6,-94
9556391,7,-128
9576412,0,-128
9576412,1,-128
9576412,2,-128
9576412,3,-128
9576412,4,-128
9576412,5,-128
9576412,6,-128
9576412,7,-128
9596433,0,-128
9596433,1,-128
9596433,2,-128
9596433,3,-128
9596433,4,-128
9596433,5,-128
9596433,6,-128
9596433,7,-128
202
9616488,0,-128
9616488,1,-128
9616488,2,-128
9616488,3,-128
9616488,4,-128
9616488,5,-94
9616488,6,-128
9616488,7,-128
9636509,0,-128
9636509,1,-128
9636509,2,-128
9636509,3,-128
9636509,4,-128
9636509,5,-128
9636509,6,-94
9636509,7,-128
9656530,0,-128
9656530,1,-94
9656530,2,-128
9656530,3,-128
9656530,4,-128
9656530,5,-94
9656530,6,-128
9656530,7,-128
9676551,0,-128
9676551,1,-93
9676551,2,-128
9676551,3,-90
9676551,4,-128
9676551,5,-94
9676551,6,-93
9676551,7,-128
9696572,0,-90
9696572,1,-128
9696572,2,-128
9696572,3,-94
9696572,4,-128
9696572,5,-94
9696572,6,-94
9696572,7,-128
9716593,0,-93
9716593,1,-92
9716593,2,-128
9716593,3,-128
9716593,4,-94
9716593,5,-128
9716593,6,-94
9716593,7,-128
9736614,0,-93
9736614,1,-128
9736614,2,-128
9736614,3,-128
9736614,4,-94
9736614,5,-128
9736614,6,-93
9736614,7,-128
9756635,0,-93
9756635,1,-128
9756635,2,-128
9756635,3,-128
9756635,4,-128
9756635,5,-128
9756635,6,-94
9756635,7,-128
9776656,0,-94
9776656,1,-128
9776656,2,-128
9776656,3,-128
9776656,4,-94
9776656,5,-94
9776656,6,-94
9776656,7,-94
9796677,0,-94
9796677,1,-93
9796677,2,-128
9796677,3,-128
9796677,4,-128
9796677,5,-93
9796677,6,-94
9796677,7,-128
201
9816732,0,-91
9816732,1,-128
9816732,2,-128
9816732,3,-128
9816732,4,-128
9816732,5,-94
9816732,6,-128
9816732,7,-94
9836753,0,-94
9836753,1,-128
9836753,2,-128
9836753,3,-94
9836753,4,-91
9836753,5,-92
9836753,6,-94
9836753,7,-94
9856774,0,-128
9856774,1,-128
9856774,2,-128
9856774,3,-93
9856774,4,-94
9856774,5,-94
9856774,6,-128
9856774,7,-94
9876795,0,-94
9876795,1,-91
9876795,2,-128
9876795,3,-94
9876795,4,-128
9876795,5,-94
9876795,6,-128
9876795,7,-128
9896816,0,-128
9896816,1,-128
9896816,2,-128
9896816,3,-94
9896816,4,-128
9896816,5,-94
9896816,6,-128
9896816,7,-128
9916837,0,-93
9916837,1,-94
9916837,2,-93
9916837,3,-93
9916837,4,-89
9916837,5,-94
9916837,6,-128
9916837,7,-128
9936858,0,-128
9936858,1,-94
9936858,2,-128
9936858,3,-94
9936858,4,-94
9936858,5,-94
9936858,6,-128
9936858,7,-94
9956879,0,-128
9956879,1,-91
9956879,2,-128
9956879,3,-94
9956879,4,-128
9956879,5,-94
9956879,6,-94
9956879,7,-93
9976900,0,-94
9976900,1,-94
9976900,2,-91
9976900,3,-128
9976900,4,-87
9976900,5,-94
9976900,6,-128
9976900,7,-94
9996921,0,-94
9996921,1,-94
9996921,2,-92
9996921,3,-94
9996921,4,-91
9996921,5,-94
9996921,6,-128
9996921,7,-93
200
10016976,0,-128
10016976,1,-94
10016976,2,-93
10016976,3,-94
10016976,4,-94
10016976,5,-94
10016976,6,-128
10016976,7,-94
10036997,0,-128
10036997,1,-94
10036997,2,-93
10036997,3,-128
10036997,4,-128
10036997,5,-94
10036997,6,-128
10036997,7,-93
10057018,0,-128
10057018,1,-128
10057018,2,-93
10057018,3,-94
10057018,4,-128
10057018,5,-94
10057018,6,-128
10057018,7,-89
10077039,0,-128
10077039,1,-128
10077039,2,-93
10077039,3,-94
10077039,4,-128
10077039,5,-94
10077039,6,-128
10077039,7,-88
10097060,0,-128
10097060,1,-94
10097060,2,-93
10097060,3,-94
10097060,4,-128
10097060,5,-93
10097060,6,-94
10097060,7,-87
10117081,0,-94
10117081,1,-128
10117081,2,-94
10117081,3,-94
10117081,4,-128
10117081,5,-93
10117081,6,-128
10117081,7,-91
10137102,0,-92
10137102,1,-128
10137102,2,-94
10137102,3,-94
10137102,4,-128
10137102,5,-94
10137102,6,-94
10137102,7,-91
10157123,0,-128
10157123,1,-128
10157123,2,-128
10157123,3,-94
10157123,4,-94
10157123,5,-94
10157123,6,-128
10157123,7,-91
10177144,0,-128
10177144,1,-93
10177144,2,-128
10177144,3,-128
10177144,4,-94
10177144,5,-94
10177144,6,-128
10177144,7,-91
10197165,0,-128
10197165,1,-94
10197165,2,-128
10197165,3,-94
10197165,4,-94
10197165,5,-94
10197165,6,-128
10197165,7,-91
199
10217220,0,-128
10217220,1,-94
10217220,2,-128
10217220,3,-94
10217220,4,-128
10217220,5,-94
10217220,6,-128
10217220,7,-93
10237241,0,-128
10237241,1,-94
10237241,2,-128
10237241,3,-94
10237241,4,-128
10237241,5,-128
10237241,6,-128
10237241,7,-90
10257262,0,-128
10257262,1,-94
10257262,2,-128
10257262,3,-93
10257262,4,-94
10257262,5,-93
10257262,6,-128
10257262,7,-93
10277283,0,-128
10277283,1,-93
10277283,2,-128
10277283,3,-94
10277283,4,-128
10277283,5,-94
10277283,6,-128
10277283,7,-91
10297304,0,-128
10297304,1,-93
10297304,2,-128
10297304,3,-93
10297304,4,-128
10297304,5,-92
10297304,6,-94
10297304,7,-85
10317325,0,-94
10317325,1,-94
10317325,2,-128
10317325,3,-93
10317325,4,-91
10317325,5,-94
10317325,6,-94
10317325,7,-93
10337346,0,-128
10337346,1,-128
10337346,2,-128
10337346,3,-94
10337346,4,-94
10337346,5,-128
10337346,6,-128
10337346,7,-94
10357367,0,-128
10357367,1,-91
10357367,2,-128
10357367,3,-94
10357367,4,-94
10357367,5,-94
10357367,6,-128
10357367,7,-94
10377388,0,-128
10377388,1,-93
10377388,2,-128
10377388,3,-93
10377388,4,-94
10377388,5,-93
10377388,6,-128
10377388,7,-93
10397409,0,-128
10397409,1,-128
10397409,2,-128
10397409,3,-94
10397409,4,-92
10397409,5,-94
10397409,6,-128
10397409,7,-90
198
10417464,0,-128
10417464,1,-128
10417464,2,-128
10417464,3,-94
10417464,4,-128
10417464,5,-94
10417464,6,-128
10417464,7,-89
10437485,0,-128
10437485,1,-128
10437485,2,-128
10437485,3,-94
10437485,4,-128
10437485,5,-93
10437485,6,-128
10437485,7,-84
10457506,0,-128
10457506,1,-94
10457506,2,-128
10457506,3,-92
10457506,4,-94
10457506,5,-94
10457506,6,-128
10457506,7,-88
10477527,0,-128
10477527,1,-94
10477527,2,-128
10477527,3,-93
10477527,4,-128
10477527,5,-94
10477527,6,-128
10477527,7,-86
10497548,0,-128
10497548,1,-94
10497548,2,-128
10497548,3,-94
10497548,4,-94
10497548,5,-94
10497548,6,-128
10497548,7,-93
10517569,0,-128
10517569,1,-94
10517569,2,-128
10517569,3,-93
10517569,4,-128
10517569,5,-94
10517569,6,-128
10517569,7,-94
10537590,0,-128
10537590,1,-94
10537590,2,-128
10537590,3,-94
10537590,4,-93
10537590,5,-94
10537590,6,-128
10537590,7,-94
10557611,0,-128
10557611,1,-94
10557611,2,-128
10557611,3,-93
10557611,4,-128
10557611,5,-94
10557611,6,-128
10557611,7,-92
10577632,0,-128
10577632,1,-94
10577632,2,-128
10577632,3,-94
10577632,4,-93
10577632,5,-128
10577632,6,-128
10577632,7,-88
10597653,0,-128
10597653,1,-94
10597653,2,-128
10597653,3,-93
10597653,4,-93
10597653,5,-94
10597653,6,-128
10597653,7,-87
197
10617708,0,-128
10617708,1,-128
10617708,2,-128
10617708,3,-94
10617708,4,-93
10617708,5,-94
10617708,6,-128
10617708,7,-93
10637729,0,-128
10637729,1,-128
10637729,2,-128
10637729,3,-94
10637729,4,-91
10637729,5,-128
10637729,6,-128
10637729,7,-88
10657750,0,-128
10657750,1,-128
10657750,2,-128
10657750,3,-94
10657750,4,-128
10657750,5,-128
10657750,6,-128
10657750,7,-87
10677771,0,-128
10677771,1,-128
10677771,2,-128
10677771,3,-93
10677771,4,-94
10677771,5,-128
10677771,6,-128
10677771,7,-92
10697792,0,-128
10697792,1,-128
10697792,2,-128
10697792,3,-94
10697792,4,-93
10697792,5,-94
10697792,6,-128
10697792,7,-92
10717813,0,-128
10717813,1,-128
10717813,2,-128
10717813,3,-94
10717813,4,-94
10717813,5,-94
10717813,6,-128
10717813,7,-94
10737834,0,-128
10737834,1,-94
10737834,2,-128
10737834,3,-94
10737834,4,-128
10737834,5,-94
10737834,6,-128
10737834,7,-84
10757855,0,-128
10757855,1,-94
10757855,2,-128
10757855,3,-94
10757855,4,-128
10757855,5,-94
10757855,6,-128
10757855,7,-83
10777876,0,-128
10777876,1,-94
10777876,2,-128
10777876,3,-93
10777876,4,-89
10777876,5,-94
10777876,6,-128
10777876,7,-87
10797897,0,-128
10797897,1,-128
10797897,2,-128
10797897,3,-93
10797897,4,-94
10797897,5,-94
10797897,6,-128
10797897,7,-92
196
10817952,0,-128
10817952,1,-128
10817952,2,-128
10817952,3,-93
10817952,4,-94
10817952,5,-94
10817952,6,-128
10817952,7,-93
10837973,0,-128
10837973,1,-128
10837973,2,-128
10837973,3,-94
10837973,4,-128
10837973,5,-128
10837973,6,-128
10837973,7,-94
10857994,0,-128
10857994,1,-128
10857994,2,-128
10857994,3,-94
10857994,4,-128
10857994,5,-128
10857994,6,-128
10857994,7,-89
10878015,0,-128
10878015,1,-128
10878015,2,-128
10878015,3,-94
10878015,4,-128
10878015,5,-94
10878015,6,-128
10878015,7,-92
10898036,0,-128
10898036,1,-128
10898036,2,-128
10898036,3,-94
10898036,4,-128
10898036,5,-94
10898036,6,-128
10898036,7,-86
10918057,0,-128
10918057,1,-128
10918057,2,-128
10918057,3,-94
10918057,4,-128
10918057,5,-94
10918057,6,-128
10918057,7,-82
10938078,0,-128
10938078,1,-128
10938078,2,-128
10938078,3,-93
10938078,4,-128
10938078,5,-128
10938078,6,-128
10938078,7,-93
10958099,0,-128
10958099,1,-94
10958099,2,-128
10958099,3,-94
10958099,4,-128
10958099,5,-128
10958099,6,-128
10958099,7,-93
10978120,0,-128
10978120,1,-128
10978120,2,-128
10978120,3,-94
10978120,4,-128
10978120,5,-94
10978120,6,-128
10978120,7,-94
10998141,0,-128
10998141,1,-128
10998141,2,-128
10998141,3,-94
10998141,4,-128
10998141,5,-94
10998141,6,-128
10998141,7,-94
195
11018196,0,-128
11018196,1,-128
11018196,2,-128
11018196,3,-93
11018196,4,-128
11018196,5,-88
11018196,6,-128
11018196,7,-94
11038217,0,-128
11038217,1,-94
11038217,2,-128
11038217,3,-93
11038217,4,-128
11038217,5,-92
11038217,6,-128
11038217,7,-94
11058238,0,-128
11058238,1,-128
11058238,2,-128
11058238,3,-94
11058238,4,-128
11058238,5,-93
11058238,6,-128
11058238,7,-128
11078259,0,-128
11078259,1,-128
11078259,2,-128
11078259,3,-93
11078259,4,-92
11078259,5,-93
11078259,6,-128
11078259,7,-92
11098280,0,-128
11098280,1,-94
11098280,2,-128
11098280,3,-94
11098280,4,-128
11098280,5,-91
11098280,6,-128
11098280,7,-90
11118301,0,-128
11118301,1,-128
11118301,2,-128
11118301,3,-94
11118301,4,-128
11118301,5,-93
11118301,6,-128
11118301,7,-94
11138322,0,-128
11138322,1,-90
11138322,2,-128
11138322,3,-94
11138322,4,-128
11138322,5,-94
11138322,6,-128
11138322,7,-94
11158343,0,-128
11158343,1,-94
11158343,2,-128
11158343,3,-94
11158343,4,-128
11158343,5,-94
11158343,6,-128
11158343,7,-94
11178364,0,-128
11178364,1,-94
11178364,2,-128
11178364,3,-94
11178364,4,-94
11178364,5,-94
11178364,6,-128
11178364,7,-94
11198385,0,-128
11198385,1,-94
11198385,2,-128
11198385,3,-94
11198385,4,-128
11198385,5,-94
11198385,6,-128
11198385,7,-94
194
11218439,0,-128
11218439,1,-93
11218439,2,-128
11218439,3,-128
11218439,4,-128
11218439,5,-92
11218439,6,-128
11218439,7,-93
11238460,0,-128
11238460,1,-94
11238460,2,-128
11238460,3,-128
11238460,4,-128
11238460,5,-90
11238460,6,-128
11238460,7,-94
11258481,0,-128
11258481,1,-94
11258481,2,-128
11258481,3,-128
11258481,4,-128
11258481,5,-91
11258481,6,-128
11258481,7,-93
11278502,0,-128
11278502,1,-94
11278502,2,-128
11278502,3,-128
11278502,4,-128
11278502,5,-93
11278502,6,-128
11278502,7,-89
11298523,0,-128
11298523,1,-94
11298523,2,-128
11298523,3,-128
11298523,4,-128
11298523,5,-128
11298523,6,-128
11298523,7,-94
11318544,0,-128
11318544,1,-93
11318544,2,-128
11318544,3,-128
11318544,4,-128
11318544,5,-94
11318544,6,-128
11318544,7,-93
11338565,0,-128
11338565,1,-94
11338565,2,-128
11338565,3,-128
11338565,4,-128
11338565,5,-94
11338565,6,-128
11338565,7,-88
11358586,0,-128
11358586,1,-94
11358586,2,-128
11358586,3,-93
11358586,4,-128
11358586,5,-128
11358586,6,-128
11358586,7,-93
11378607,0,-128
11378607,1,-93
11378607,2,-128
11378607,3,-94
11378607,4,-128
11378607,5,-128
11378607,6,-128
11378607,7,-90
11398628,0,-128
11398628,1,-94
11398628,2,-128
11398628,3,-94
11398628,4,-128
11398628,5,-94
11398628,6,-128
11398628,7,-92
193
11418683,0,-128
11418683,1,-94
11418683,2,-128
11418683,3,-94
11418683,4,-128
11418683,5,-128
11418683,6,-128
11418683,7,-94
11438704,0,-128
11438704,1,-94
11438704,2,-128
11438704,3,-94
11438704,4,-128
11438704,5,-93
11438704,6,-128
11438704,7,-89
11458725,0,-128
11458725,1,-94
11458725,2,-128
11458725,3,-94
11458725,4,-128
11458725,5,-89
11458725,6,-128
11458725,7,-92
11478746,0,-128
11478746,1,-94
11478746,2,-128
11478746,3,-94
11478746,4,-128
11478746,5,-94
11478746,6,-128
11478746,7,-92
11498767,0,-128
11498767,1,-94
11498767,2,-128
11498767,3,-94
11498767,4,-128
11498767,5,-93
11498767,6,-128
11498767,7,-91
11518788,0,-128
11518788,1,-94
11518788,2,-128
11518788,3,-94
11518788,4,-128
11518788,5,-128
11518788,6,-128
11518788,7,-86
11538809,0,-128
11538809,1,-128
11538809,2,-128
11538809,3,-94
11538809,4,-128
11538809,5,-94
11538809,6,-128
11538809,7,-93
11558830,0,-128
11558830,1,-94
11558830,2,-128
11558830,3,-94
11558830,4,-94
11558830,5,-94
11558830,6,-128
11558830,7,-75
11578851,0,-128
11578851,1,-93
11578851,2,-128
11578851,3,-94
11578851,4,-128
11578851,5,-128
11578851,6,-128
11578851,7,-88
11598872,0,-128
11598872,1,-94
11598872,2,-128
11598872,3,-94
11598872,4,-128
11598872,5,-128
11598872,6,-128
11598872,7,-89
192
11618926,0,-128
11618926,1,-94
11618926,2,-128
11618926,3,-94
11618926,4,-128
11618926,5,-128
11618926,6,-128
11618926,7,-86
11638947,0,-128
11638947,1,-94
11638947,2,-128
11638947,3,-94
11638947,4,-128
11638947,5,-94
11638947,6,-128
11638947,7,-93
11658968,0,-128
11658968,1,-93
11658968,2,-128
11658968,3,-94
11658968,4,-128
11658968,5,-128
11658968,6,-128
11658968,7,-87
11678989,0,-128
11678989,1,-94
11678989,2,-128
11678989,3,-94
11678989,4,-128
11678989,5,-94
11678989,6,-128
11678989,7,-83
11699010,0,-128
11699010,1,-94
11699010,2,-128
11699010,3,-94
11699010,4,-128
11699010,5,-94
11699010,6,-128
11699010,7,-93
11719031,0,-128
11719031,1,-93
11719031,2,-128
11719031,3,-94
11719031,4,-128
11719031,5,-94
11719031,6,-128
11719031,7,-89
11739052,0,-128
11739052,1,-94
11739052,2,-128
11739052,3,-94
11739052,4,-128
11739052,5,-128
11739052,6,-128
11739052,7,-90
11759073,0,-94
11759073,1,-93
11759073,2,-128
11759073,3,-94
11759073,4,-128
11759073,5,-94
11759073,6,-128
11759073,7,-92
11776000,0,-128
11776000,1,-93
11776000,2,-128
11776000,3,-94
11776000,4,-128
11776000,5,-94
11776000,6,-128
11776000,7,-92
11796021,0,-128
11796021,1,-94
11796021,2,-128
11796021,3,-94
11796021,4,-128
11796021,5,-92
11796021,6,-128
11796021,7,-93
191
11816076,0,-94
11816076,1,-94
11816076,2,-128
11816076,3,-94
11816076,4,-128
11816076,5,-94
11816076,6,-128
11816076,7,-92
11836097,0,-94
11836097,1,-94
11836097,2,-128
11836097,3,-94
11836097,4,-128
11836097,5,-94
11836097,6,-128
11836097,7,-93
11856118,0,-94
11856118,1,-94
11856118,2,-128
11856118,3,-94
11856118,4,-128
11856118,5,-94
11856118,6,-128
11856118,7,-89
11876139,0,-128
11876139,1,-94
11876139,2,-128
11876139,3,-94
11876139,4,-128
11876139,5,-93
11876139,6,-128
11876139,7,-92
11896160,0,-128
11896160,1,-91
11896160,2,-128
11896160,3,-94
11896160,4,-128
11896160,5,-94
11896160,6,-128
11896160,7,-91
11916181,0,-94
11916181,1,-90
11916181,2,-128
11916181,3,-94
11916181,4,-128
11916181,5,-94
11916181,6,-128
11916181,7,-90
11936203,0,-128
11936203,1,-89
11936203,2,-128
11936203,3,-94
11936203,4,-128
11936203,5,-94
11936203,6,-128
11936203,7,-86
11956224,0,-92
11956224,1,-89
11956224,2,-128
11956224,3,-94
11956224,4,-128
11956224,5,-94
11956224,6,-128
11956224,7,-90
11976245,0,-128
11976245,1,-93
11976245,2,-128
11976245,3,-94
11976245,4,-128
11976245,5,-128
11976245,6,-128
11976245,7,-79
11996266,0,-91
11996266,1,-94
11996266,2,-128
11996266,3,-94
11996266,4,-128
11996266,5,-94
11996266,6,-128
11996266,7,-88
190
12016321,0,-128
12016321,1,-94
12016321,2,-128
12016321,3,-93
12016321,4,-128
12016321,5,-92
12016321,6,-128
12016321,7,-90
12036342,0,-88
12036342,1,-94
12036342,2,-128
12036342,3,-92
12036342,4,-128
12036342,5,-128
12036342,6,-128
12036342,7,-90
12056363,0,-88
12056363,1,-93
12056363,2,-128
12056363,3,-94
12056363,4,-128
12056363,5,-94
12056363,6,-128
12056363,7,-92
12076384,0,-94
12076384,1,-94
12076384,2,-128
12076384,3,-94
12076384,4,-128
12076384,5,-94
12076384,6,-128
12076384,7,-92
12096405,0,-128
12096405,1,-128
12096405,2,-128
12096405,3,-93
12096405,4,-128
12096405,5,-94
12096405,6,-128
12096405,7,-86
12116426,0,-128
12116426,1,-94
12116426,2,-128
12116426,3,-94
12116426,4,-128
12116426,5,-94
12116426,6,-128
12116426,7,-86
12136447,0,-128
12136447,1,-94
12136447,2,-128
12136447,3,-94
12136447,4,-128
12136447,5,-94
12136447,6,-128
12136447,7,-87
12156468,0,-87
12156468,1,-92
12156468,2,-128
12156468,3,-94
12156468,4,-94
12156468,5,-94
12156468,6,-128
12156468,7,-88
12176489,0,-128
12176489,1,-88
12176489,2,-128
12176489,3,-94
12176489,4,-128
12176489,5,-93
12176489,6,-128
12176489,7,-80
12196510,0,-94
12196510,1,-93
12196510,2,-128
12196510,3,-94
12196510,4,-128
12196510,5,-94
12196510,6,-128
12196510,7,-90
189
12216565,0,-94
12216565,1,-92
12216565,2,-128
12216565,3,-89
12216565,4,-128
12216565,5,-94
12216565,6,-128
12216565,7,-88
12236586,0,-94
12236586,1,-94
12236586,2,-128
12236586,3,-94
12236586,4,-128
12236586,5,-128
12236586,6,-128
12236586,7,-91
12256607,0,-94
12256607,1,-94
12256607,2,-128
12256607,3,-94
12256607,4,-128
12256607,5,-94
12256607,6,-128
12256607,7,-90
12276628,0,-94
12276628,1,-91
12276628,2,-128
12276628,3,-92
12276628,4,-128
12276628,5,-94
12276628,6,-128
12276628,7,-88
12296649,0,-94
12296649,1,-94
12296649,2,-128
12296649,3,-94
12296649,4,-93
12296649,5,-94
12296649,6,-128
12296649,7,-88
12316670,0,-94
12316670,1,-92
12316670,2,-128
12316670,3,-94
12316670,4,-94
12316670,5,-128
12316670,6,-128
12316670,7,-92
12336691,0,-94
12336691,1,-92
12336691,2,-128
12336691,3,-94
12336691,4,-128
12336691,5,-128
12336691,6,-128
12336691,7,-93
12356712,0,-93
12356712,1,-91
12356712,2,-128
12356712,3,-94
12356712,4,-128
12356712,5,-128
12356712,6,-128
12356712,7,-94
12376733,0,-94
12376733,1,-93
12376733,2,-128
12376733,3,-94
12376733,4,-128
12376733,5,-94
12376733,6,-128
12376733,7,-93
12396754,0,-94
12396754,1,-93
12396754,2,-128
12396754,3,-93
12396754,4,-128
12396754,5,-93
12396754,6,-128
12396754,7,-94
188
12416808,0,-91
12416808,1,-94
12416808,2,-128
12416808,3,-94
12416808,4,-128
12416808,5,-94
12416808,6,-128
12416808,7,-93
12436829,0,-94
12436829,1,-92
12436829,2,-128
12436829,3,-94
12436829,4,-128
12436829,5,-94
12436829,6,-128
12436829,7,-93
12456850,0,-87
12456850,1,-92
12456850,2,-128
12456850,3,-94
12456850,4,-128
12456850,5,-94
12456850,6,-128
12456850,7,-94
12476871,0,-85
12476871,1,-88
12476871,2,-128
12476871,3,-94
12476871,4,-128
12476871,5,-93
12476871,6,-128
12476871,7,-93
12496892,0,-81
12496892,1,-91
12496892,2,-128
12496892,3,-94
12496892,4,-128
12496892,5,-93
12496892,6,-128
12496892,7,-93
12516913,0,-81
12516913,1,-91
12516913,2,-128
12516913,3,-94
12516913,4,-94
12516913,5,-94
12516913,6,-128
12516913,7,-92
12536934,0,-91
12536934,1,-92
12536934,2,-128
12536934,3,-94
12536934,4,-94
12536934,5,-94
12536934,6,-128
12536934,7,-92
12556955,0,-82
12556955,1,-128
12556955,2,-128
12556955,3,-94
12556955,4,-128
12556955,5,-128
12556955,6,-128
12556955,7,-93
12576976,0,-81
12576976,1,-128
12576976,2,-128
12576976,3,-94
12576976,4,-128
12576976,5,-128
12576976,6,-128
12576976,7,-128
12596997,0,-81
12596997,1,-94
12596997,2,-128
12596997,3,-94
12596997,4,-94
12596997,5,-128
12596997,6,-128
12596997,7,-128
187
12617052,0,-91
12617052,1,-94
12617052,2,-128
12617052,3,-94
12617052,4,-128
12617052,5,-128
12617052,6,-128
12617052,7,-86
12637073,0,-81
12637073,1,-93
12637073,2,-128
12637073,3,-94
12637073,4,-128
12637073,5,-94
12637073,6,-128
12637073,7,-93
12657094,0,-81
12657094,1,-93
12657094,2,-128
12657094,3,-94
12657094,4,-128
12657094,5,-94
12657094,6,-128
12657094,7,-94
12677115,0,-84
12677115,1,-93
12677115,2,-128
12677115,3,-94
12677115,4,-94
12677115,5,-128
12677115,6,-128
12677115,7,-128
12697136,0,-87
12697136,1,-93
12697136,2,-128
12697136,3,-94
12697136,4,-128
12697136,5,-128
12697136,6,-94
12697136,7,-128
12717157,0,-89
12717157,1,-93
12717157,2,-128
12717157,3,-94
12717157,4,-93
12717157,5,-128
12717157,6,-94
12717157,7,-128
12737178,0,-90
12737178,1,-90
12737178,2,-128
12737178,3,-94
12737178,4,-128
12737178,5,-128
12737178,6,-89
12737178,7,-128
12757199,0,-87
12757199,1,-93
12757199,2,-128
12757199,3,-94
12757199,4,-94
12757199,5,-128
12757199,6,-94
12757199,7,-128
12777220,0,-87
12777220,1,-93
12777220,2,-128
12777220,3,-128
12777220,4,-94
12777220,5,-128
12777220,6,-94
12777220,7,-128
12797241,0,-84
12797241,1,-94
12797241,2,-128
12797241,3,-128
12797241,4,-92
12797241,5,-128
12797241,6,-128
12797241,7,-128
186
12817296,0,-81
12817296,1,-94
12817296,2,-128
12817296,3,-128
12817296,4,-94
12817296,5,-128
12817296,6,-94
12817296,7,-128
12837317,0,-82
12837317,1,-93
12837317,2,-128
12837317,3,-128
12837317,4,-93
12837317,5,-128
12837317,6,-94
12837317,7,-128
12857338,0,-84
12857338,1,-92
12857338,2,-128
12857338,3,-128
12857338,4,-128
12857338,5,-128
12857338,6,-93
12857338,7,-128
12877359,0,-81
12877359,1,-88
12877359,2,-128
12877359,3,-128
12877359,4,-128
12877359,5,-128
12877359,6,-128
12877359,7,-128
12897380,0,-84
12897380,1,-88
12897380,2,-128
12897380,3,-128
12897380,4,-128
12897380,5,-128
12897380,6,-128
12897380,7,-128
12917401,0,-81
12917401,1,-89
12917401,2,-128
12917401,3,-128
12917401,4,-128
12917401,5,-128
12917401,6,-85
12917401,7,-128
12937422,0,-81
12937422,1,-88
12937422,2,-128
12937422,3,-128
12937422,4,-128
12937422,5,-128
12937422,6,-94
12937422,7,-128
12957443,0,-88
12957443,1,-87
12957443,2,-128
12957443,3,-128
12957443,4,-128
12957443,5,-128
12957443,6,-94
12957443,7,-128
12977464,0,-92
12977464,1,-88
12977464,2,-128
12977464,3,-94
12977464,4,-94
12977464,5,-128
12977464,6,-94
12977464,7,-128
12997485,0,-84
12997485,1,-88
12997485,2,-128
12997485,3,-128
12997485,4,-128
12997485,5,-128
12997485,6,-128
12997485,7,-128
185
13017540,0,-83
13017540,1,-88
13017540,2,-128
13017540,3,-128
13017540,4,-128
13017540,5,-128
13017540,6,-128
13017540,7,-128
13037561,0,-81
13037561,1,-88
13037561,2,-128
13037561,3,-128
13037561,4,-128
13037561,5,-128
13037561,6,-128
13037561,7,-128
13057582,0,-81
13057582,1,-88
13057582,2,-128
13057582,3,-128
13057582,4,-128
13057582,5,-128
13057582,6,-128
13057582,7,-128
13077603,0,-81
13077603,1,-88
13077603,2,-128
13077603,3,-128
13077603,4,-128
13077603,5,-128
13077603,6,-128
13077603,7,-128
13097624,0,-81
13097624,1,-88
13097624,2,-128
13097624,3,-128
13097624,4,-128
13097624,5,-128
13097624,6,-128
13097624,7,-128
13117645,0,-81
13117645,1,-88
13117645,2,-128
13117645,3,-128
13117645,4,-128
13117645,5,-128
13117645,6,-128
13117645,7,-128
13137666,0,-81
13137666,1,-88
13137666,2,-128
13137666,3,-128
13137666,4,-128
13137666,5,-128
13137666,6,-128
13137666,7,-128
13157687,0,-92
13157687,1,-88
13157687,2,-128
13157687,3,-128
13157687,4,-128
13157687,5,-128
13157687,6,-128
13157687,7,-128
13177708,0,-90
13177708,1,-88
13177708,2,-128
13177708,3,-128
13177708,4,-128
13177708,5,-128
13177708,6,-128
13177708,7,-128
13197729,0,-83
13197729,1,-88
13197729,2,-128
13197729,3,-94
13197729,4,-128
13197729,5,-128
13197729,6,-128
13197729,7,-128
184
13217784,0,-83
13217784,1,-88
13217784,2,-128
13217784,3,-128
13217784,4,-94
13217784,5,-128
13217784,6,-128
13217784,7,-128
13237805,0,-83
13237805,1,-88
13237805,2,-128
13237805,3,-94
13237805,4,-128
13237805,5,-128
13237805,6,-128
13237805,7,-128
13257826,0,-88
13257826,1,-88
13257826,2,-128
13257826,3,-128
13257826,4,-128
13257826,5,-128
13257826,6,-128
13257826,7,-128
13277847,0,-81
13277847,1,-90
13277847,2,-128
13277847,3,-128
13277847,4,-94
13277847,5,-128
13277847,6,-128
13277847,7,-128
13297868,0,-84
13297868,1,-92
13297868,2,-128
13297868,3,-128
13297868,4,-128
13297868,5,-128
13297868,6,-128
13297868,7,-128
13317889,0,-83
13317889,1,-92
13317889,2,-128
13317889,3,-128
13317889,4,-128
13317889,5,-128
13317889,6,-128
13317889,7,-128
13337910,0,-81
13337910,1,-91
13337910,2,-128
13337910,3,-128
13337910,4,-128
13337910,5,-128
13337910,6,-128
13337910,7,-128
13357931,0,-87
13357931,1,-91
13357931,2,-128
13357931,3,-128
13357931,4,-128
13357931,5,-128
13357931,6,-128
13357931,7,-128
13377952,0,-86
13377952,1,-92
13377952,2,-128
13377952,3,-128
13377952,4,-128
13377952,5,-128
13377952,6,-128
13377952,7,-128
13397973,0,-82
13397973,1,-92
13397973,2,-128
13397973,3,-128
13397973,4,-128
13397973,5,-128
13397973,6,-128
13397973,7,-128
183
13418027,0,-88
13418027,1,-93
13418027,2,-128
13418027,3,-128
13418027,4,-128
13418027,5,-128
13418027,6,-128
13418027,7,-128
13438048,0,-90
13438048,1,-92
13438048,2,-128
13438048,3,-128
13438048,4,-128
13438048,5,-128
13438048,6,-128
13438048,7,-128
13458069,0,-90
13458069,1,-92
13458069,2,-128
13458069,3,-128
13458069,4,-128
13458069,5,-128
13458069,6,-128
13458069,7,-128
13478090,0,-86
13478090,1,-93
13478090,2,-128
13478090,3,-128
13478090,4,-128
13478090,5,-128
13478090,6,-128
13478090,7,-128
13498112,0,-88
13498112,1,-93
13498112,2,-128
13498112,3,-128
13498112,4,-128
13498112,5,-128
13498112,6,-128
13498112,7,-128
13518133,0,-86
13518133,1,-92
13518133,2,-128
13518133,3,-128
13518133,4,-128
13518133,5,-128
13518133,6,-128
13518133,7,-128
13538154,0,-89
13538154,1,-92
13538154,2,-128
13538154,3,-128
13538154,4,-128
13538154,5,-128
13538154,6,-128
13538154,7,-128
13558175,0,-88
13558175,1,-92
13558175,2,-128
13558175,3,-128
13558175,4,-128
13558175,5,-128
13558175,6,-128
13558175,7,-128
13578196,0,-86
13578196,1,-92
13578196,2,-128
13578196,3,-94
13578196,4,-128
13578196,5,-128
13578196,6,-128
13578196,7,-128
13598217,0,-87
13598217,1,-92
13598217,2,-128
13598217,3,-128
13598217,4,-128
13598217,5,-128
13598217,6,-128
13598217,7,-128
182
13618272,0,-85
13618272,1,-92
13618272,2,-128
13618272,3,-94
13618272,4,-128
13618272,5,-128
13618272,6,-128
13618272,7,-128
13638293,0,-85
13638293,1,-92
13638293,2,-128
13638293,3,-94
13638293,4,-128
13638293,5,-128
13638293,6,-128
13638293,7,-128
13658314,0,-86
13658314,1,-93
13658314,2,-128
13658314,3,-128
13658314,4,-128
13658314,5,-128
13658314,6,-128
13658314,7,-128
13678335,0,-88
13678335,1,-92
13678335,2,-128
13678335,3,-128
13678335,4,-128
13678335,5,-128
13678335,6,-128
13678335,7,-128
13698356,0,-83
13698356,1,-92
13698356,2,-128
13698356,3,-94
13698356,4,-128
13698356,5,-128
13698356,6,-128
13698356,7,-128
13718377,0,-90
13718377,1,-92
13718377,2,-128
13718377,3,-128
13718377,4,-128
13718377,5,-128
13718377,6,-128
13718377,7,-128
13738398,0,-83
13738398,1,-93
13738398,2,-128
13738398,3,-128
13738398,4,-128
13738398,5,-128
13738398,6,-128
13738398,7,-128
13758419,0,-89
13758419,1,-92
13758419,2,-128
13758419,3,-128
13758419,4,-128
13758419,5,-128
13758419,6,-128
13758419,7,-128
13778440,0,-89
13778440,1,-93
13778440,2,-128
13778440,3,-128
13778440,4,-128
13778440,5,-128
13778440,6,-128
13778440,7,-128
13798461,0,-90
13798461,1,-92
13798461,2,-128
13798461,3,-128
13798461,4,-128
13798461,5,-128
13798461,6,-128
13798461,7,-128
181
13818516,0,-88
13818516,1,-92
13818516,2,-128
13818516,3,-128
13818516,4,-128
13818516,5,-128
13818516,6,-128
13818516,7,-128
13838537,0,-87
13838537,1,-92
13838537,2,-128
13838537,3,-128
13838537,4,-128
13838537,5,-128
13838537,6,-128
13838537,7,-128
13858558,0,-81
13858558,1,-92
13858558,2,-128
13858558,3,-94
13858558,4,-128
13858558,5,-128
13858558,6,-128
13858558,7,-128
13878579,0,-93
13878579,1,-93
13878579,2,-128
13878579,3,-94
13878579,4,-128
13878579,5,-128
13878579,6,-128
13878579,7,-128
13898600,0,-89
13898600,1,-92
13898600,2,-128
13898600,3,-128
13898600,4,-128
13898600,5,-128
13898600,6,-128
13898600,7,-128
13918621,0,-86
13918621,1,-92
13918621,2,-128
13918621,3,-128
13918621,4,-128
13918621,5,-128
13918621,6,-128
13918621,7,-128
13938642,0,-89
13938642,1,-92
13938642,2,-128
13938642,3,-128
13938642,4,-128
13938642,5,-128
13938642,6,-128
13938642,7,-128
13958663,0,-92
13958663,1,-92
13958663,2,-128
13958663,3,-128
13958663,4,-128
13958663,5,-128
13958663,6,-128
13958663,7,-128
13978684,0,-89
13978684,1,-92
13978684,2,-128
13978684,3,-128
13978684,4,-128
13978684,5,-128
13978684,6,-128
13978684,7,-128
13998705,0,-84
13998705,1,-92
13998705,2,-128
13998705,3,-128
13998705,4,-128
13998705,5,-128
13998705,6,-128
13998705,7,-128