0
10513
10513
90034
1597029024
1597029026
1597029302
997031450
997031452
997031454
994031456
996031458
997031460
997031462
194031464
188031466
189031468
197031470
197031472
197031474
1197031476
994031482
997031494
993031496
993031498
985031500
985031502
997031504
997031508
997031510
997031512
1197031512
1197031516
997031524
997031526
997031530
997031564
997031566
997031574
997031580
197031624
194031626
196031628
196031630
196031632
197031634
197031636
197031638
1096031680
1097031692
1097031694
1097031698
1097031702
1097031704
1097031706
1097031708
1097031712
1097031714
1097031718
197031720
1097031720
195031722
196031724
1097031724
197031726
1097031726
196031728
1097031728
197031730
197031732
197031736
1097031738
195031740
1097031740
97031742
193031742
189031744
189031746
91031748
190031748
1097031748
93031750
196031750
95031752
197031752
97031754
194031754
96031756
196031756
1097031756
1197031756
194031758
1097031758
96031760
195031760
1194031760
96031762
195031762
1097031762
1186031762
195031764
1178031764
97031766
196031766
1097031766
97031768
195031768
1097031768
90031770
194031770
1097031770
94031772
195031772
1097031772
96031774
194031774
897031774
1097031774
96031776
193031776
897031776
1097031776
97031778
193031778
890031778
1097031778
97031780
194031780
891031780
94031782
195031782
892031782
96031784
195031784
894031784
94031786
194031786
891031786
1097031786
195031788
896031788
1097031788
96031790
191031790
897031790
95031792
193031792
897031792
195031794
196031796
897031796
197031798
897031798
97031800
197031800
897031800
197031802
897031804
197031806
897031806
97031808
196031808
897031808
97031810
197031810
197031812
897031812
197031814
1097031814
197031816
91031818
197031818
97031820
196031820
1097031820
97031822
194031822
1097031822
97031824
195031824
97031826
196031826
97031828
196031828
97031830
1097031830
95031832
1097031832
197031834
1097031834
197031836
1097031836
197031838
1097031838
97031840
197031840
197031842
97031844
197031844
97031846
197031846
196031848
897031848
1097031848
197031850
897031850
197031852
897031852
1097031852
195031854
897031854
1097031854
97031856
195031856
1097031856
196031858
196031860
897031860
197031862
197031864
197031866
897031866
97031868
197031868
197031870
97031872
196031872
97031874
196031874
97031876
196031876
196031878
196031880
1097031880
97031882
196031882
197031884
197031886
197031890
195031892
249
97031894
194031894
97031896
197031896
97031898
197031898
1097031898
97031900
197031900
197031902
1097031902
196031904
196031906
97031908
196031908
196031910
397031912
194031914
194031916
997031920
1097031920
997031922
1097031922
97031924
997031926
1097031926
997031928
1097031928
897031930
997031930
1096031930
97031932
997031932
997031934
1097031934
96031936
997031936
1096031936
91031938
997031938
1094031938
94031940
397031940
97031942
397031942
1097031942
96031944
1097031944
97031946
397031946
1097031946
94031948
997031948
94031950
397031950
997031950
97031952
997031952
96031954
96031956
397031956
97031958
396031958
97031960
396031960
96031962
997031962
95031964
997031964
97031966
1097031966
97031968
197031968
397031968
997031968
97031970
197031970
397031970
97031972
196031972
397031972
93031974
197031974
397031974
997031974
197031976
97031978
195031978
1093031978
197031980
997031980
1097031980
396031982
1096031982
93031984
1093031984
94031986
1095031986
92031988
397031988
1096031988
96031990
95031992
393031992
1097031992
96031994
397031994
96031996
397031996
997031996
1097031996
95031998
397031998
97032000
197032000
392032000
1097032000
97032002
394032002
386032004
1097032004
197032006
389032006
97032008
197032008
395032008
97032010
395032010
197032012
388032012
395032014
395032016
197032018
1097032018
197032020
197032024
197032026
197032028
392032028
1097032028
197032030
396032030
1097032030
197032032
394032032
1097032032
196032034
1097032036
897032038
894032040
1097032040
197032042
892032042
197032044
885032044
97032046
197032046
890032046
1097032046
197032048
397032048
891032048
1097032048
97032050
197032050
397032050
197032052
396032052
895032052
1097032052
197032054
396032054
897032054
1097032054
197032056
392032056
897032056
197032058
390032058
1097032058
97032060
394032060
96032062
197032062
393032062
1097032062
388032064
96032066
391032066
394032068
95032070
197032070
393032070
395032072
97032074
392032074
197032076
388032076
1097032076
195032078
391032078
1097032078
197032080
390032080
1097032080
392032082
1096032082
94032084
395032084
1097032084
94032086
389032086
97032088
195032088
390032088
96032090
195032090
395032090
97032092
196032092
394032092
95032094
197032094
393032094
93032096
197032096
396032096
1097032096
96032098
396032098
1090032098
93032100
196032100
393032100
92032102
196032102
390032102
92032104
197032104
387032104
248
1097032104
95032106
197032106
388032106
1097032106
197032108
388032108
1097032108
197032110
392032110
1097032110
197032112
395032112
1097032112
95032114
197032114
397032114
1097032114
97032116
197032116
397032116
1097032116
195032118
1097032118
197032120
397032120
1097032120
197032122
1097032122
196032124
397032124
1097032124
97032126
196032126
397032126
97032128
197032128
397032128
97032130
197032130
397032130
97032132
197032132
397032132
97032134
396032134
197032136
1097032136
195032138
397032138
1097032138
195032140
1097032140
194032142
97032144
196032144
1097032144
95032146
197032146
97032148
194032148
93032150
196032150
397032150
1097032150
97032152
1097032152
97032154
1097032154
97032156
1097032156
96032158
1097032158
197032160
1097032160
97032162
196032162
97032166
197032166
97032168
197032168
1097032168
197032170
97032172
197032172
697032172
196032174
1097032176
97032178
197032178
197032180
1097032180
1097032182
97032184
197032184
1097032184
97032186
197032186
97032188
197032188
97032190
197032192
1097032192
197032194
197032196
197032200
194032202
192032204
197032206
197032208
197032210
197032212
197032214
1097032214
197032216
1095032216
197032218
197032220
1097032220
97032222
197032222
1097032222
96032224
197032224
1097032224
96032226
197032226
1096032226
84032228
197032228
92032230
197032230
1097032230
90032232
197032232
1093032232
92032234
197032234
1093032234
91032236
197032236
1091032236
90032238
197032238
1091032238
88032240
194032240
1085032240
96032242
197032242
1084032242
97032244
197032244
95032246
197032246
1095032246
97032248
197032248
96032250
197032250
1097032250
97032252
197032252
1097032252
93032254
197032254
1097032254
97032256
194032256
897032256
95032258
197032258
897032258
93032260
196032260
897032260
1097032260
96032262
196032262
897032262
1093032262
96032264
196032264
1095032264
94032266
197032266
1096032266
97032268
191032268
1093032268
96032270
192032270
1094032270
96032272
197032272
1097032272
96032274
197032274
1097032274
93032276
197032276
1097032276
92032278
197032278
1097032278
93032280
93032282
1097032282
96032284
1097032284
97032286
1097032286
97032288
197032288
96032290
197032290
1096032290
89032292
185032292
1094032292
93032294
192032294
1094032294
93032296
192032296
1091032296
93032298
188032298
1096032298
91032300
192032300
1094032300
89032302
186032302
1095032302
97032304
189032304
897032304
1096032304
96032306
247
193032306
1077032306
97032308
193032308
897032308
1093032308
97032310
194032310
897032310
1096032310
97032312
192032312
897032312
97032314
191032314
897032314
97032316
195032316
897032316
97032318
197032318
897032318
1097032318
97032320
197032320
897032320
1095032320
97032322
196032322
897032322
97032324
196032324
897032324
96032326
196032326
86032328
196032328
897032328
91032330
197032330
897032330
92032332
196032332
897032332
90032334
196032334
87032336
196032336
897032336
89032338
196032338
89032340
197032340
897032340
91032342
197032342
1097032342
84032344
197032344
897032344
1097032344
96032346
196032346
1097032346
97032348
197032348
1097032348
97032350
196032350
1095032350
97032352
194032352
1091032352
97032354
1083032354
97032356
1086032356
97032358
1093032358
1092032360
97032362
1080032362
96032364
1085032364
95032366
1085032366
95032368
197032368
1085032368
196032370
1085032370
97032372
194032372
1078032372
191032374
1084032374
197032376
1088032376
97032378
196032378
1090032378
97032380
197032380
1087032380
97032382
1086032382
97032384
197032384
1087032384
94032386
196032386
1083032386
97032388
195032388
1084032388
97032390
194032390
1082032390
97032392
195032392
1085032392
97032394
197032394
1087032394
97032396
197032396
1085032396
97032398
196032398
1091032398
189032400
1080032400
97032402
196032402
1095032402
97032404
197032404
1094032404
97032406
194032406
1094032406
197032408
1094032408
97032410
197032410
1090032410
97032412
197032412
1093032412
97032414
197032414
1096032414
97032416
197032416
197032418
197032422
197032424
197032426
194032428
97032430
1097032430
97032432
197032432
1093032432
97032434
197032434
1084032434
97032436
196032436
1096032436
97032438
897032438
1097032438
97032440
197032440
897032440
1097032440
97032442
197032442
897032442
1097032442
92032444
197032444
897032444
1097032444
95032446
197032446
897032446
1096032446
97032448
197032448
897032448
1097032448
897032450
1097032450
197032452
1097032452
897032454
897032456
897032458
1097032458
97032460
897032460
1096032460
197032462
897032462
1097032462
97032464
197032464
897032464
97032466
197032466
597032466
97032468
197032468
597032468
97032470
197032470
197032472
97032474
197032474
97032476
197032476
97032478
197032478
1097032478
97032480
197032480
1097032482
97032484
197032484
97032486
197032486
1092032486
97032488
197032488
1094032488
97032490
197032490
1097032490
246
97032492
197032492
1097032492
97032494
1097032494
97032496
197032496
1094032496
197032498
897032498
1096032498
97032500
197032500
897032500
97032502
197032502
897032502
1096032502
97032504
197032504
897032504
1096032504
97032506
197032506
897032506
1097032506
97032508
197032508
97032510
197032510
96032512
1097032512
95032514
197032514
1097032514
197032516
1097032516
97032518
197032518
197032520
197032522
197032524
197032526
95032528
197032528
92032530
197032530
93032532
197032532
97032534
197032534
897032534
197032536
897032536
197032538
897032538
897032540
1097032540
97032542
197032542
97032544
97032546
197032546
897032546
97032548
897032548
95032550
197032550
897032550
91032552
1097032552
93032554
1097032554
87032556
197032556
897032556
197032558
897032558
197032560
896032560
197032562
897032562
96032564
197032564
94032566
197032566
97032568
197032568
897032568
97032570
197032570
96032572
96032574
197032574
95032576
197032576
93032578
197032578
94032580
197032580
89032582
197032582
96032584
197032584
93032586
197032586
597032586
94032588
197032588
897032588
96032590
197032590
897032590
97032592
197032592
895032592
95032594
197032594
895032594
1097032594
92032596
197032596
97032598
197032598
897032598
97032600
197032600
896032600
96032602
197032602
896032602
1096032602
97032604
197032604
896032604
97032606
196032606
897032606
97032608
197032608
894032608
1097032608
97032610
197032610
894032610
97032612
197032612
897032612
1094032612
93032614
897032614
1095032614
92032616
196032616
897032616
1096032616
94032618
196032618
895032618
96032620
197032620
896032620
1092032620
97032622
197032622
894032622
1095032622
97032624
197032624
896032624
1097032624
894032626
886032628
885032630
1097032630
597032632
891032632
878032634
889032636
894032638
895032640
895032642
1097032642
897032644
897032646
896032648
897032650
897032652
897032654
897032656
897032658
897032660
897032662
892032664
896032666
897032668
897032670
897032672
897032676
896032678
897032680
897032682
1097032682
897032684
1097032684
895032686
897032688
1097032690
1097032694
897032696
197032698
196032700
894032700
195032702
894032702
1095032702
197032704
890032704
1089032704
879032706
1096032706
197032708
886032708
1095032708
192032710
896032710
1093032710
180032712
1097032712
188032714
195032716
1095032718
1097032726
597032728
1096032730
1097032732
197032768
197032770
1097032816
1097032818
245
965003471
35003491
235003491
344003491
445003491
547003491
661003491
770003491
857003491
967003491
35003511
235003511
347003511
448003511
544003511
658003511
769003511
857003511
965003511
35003531
235003531
342003531
444003531
545003531
662003531
767003531
857003531
967003531
35003551
235003551
346003551
444003551
549003551
663003551
772003551
857003551
965003551
35003571
235003571
345003571
444003571
549003571
657003571
767003571
857003571
965003571
35003591
235003591
346003591
445003591
544003591
657003591
767003591
858003591
966003591
35003611
235003611
342003611
448003611
546003611
659003611
768003611
858003611
968003611
35003631
235003631
344003631
444003631
548003631
663003631
767003631
858003631
968003631
35003651
235003651
345003651
445003651
544003651
658003651
768003651
858003651
965003651
35003671
235003671
345003671
445003671
548003671
662003671
768003671
858003671
966003671
35003691
235003691
344003691
445003691
544003691
663003691
772003691
859003691
965003691
35003711
235003711
343003711
447003711
547003711
660003711
767003711
857003711
963003711
35003731
235003731
342003731
447003731
546003731
660003731
769003731
858003731
969003731
35003751
235003751
343003751
444003751
544003751
659003751
771003751
859003751
967003751
35003771
235003771
344003771
444003771
544003771
661003771
770003771
857003771
966003771
35003791
235003791
344003791
448003791
548003791
655003791
767003791
857003791
966003791
35003811
235003811
342003811
447003811
546003811
662003811
769003811
859003811
969003811
35003831
235003831
345003831
447003831
548003831
656003831
772003831
858003831
964003831
35003851
235003851
344003851
447003851
548003851
660003851
768003851
858003851
967003851
35003871
235003871
343003871
445003871
545003871
663003871
769003871
859003871
965003871
35003891
235003891
343003891
444003891
547003891
659003891
767003891
858003891
965003891
35003911
235003911
343003911
444003911
547003911
663003911
767003911
858003911
967003911
35003931
235003931
342003931
448003931
546003931
663003931
772003931
859003931
966003931
35003951
235003951
346003951
447003951
548003951
660003951
770003951
862003951
965003951
35003971
235003971
343003971
444003971
546003971
656003971
768003971
861003971
966003971
35003991
235003991
343003991
444003991
545003991
658003991
769003991
862003991
968003991
35004011
235004011
344004011
444004011
544004011
244
658004011
769004011
857004011
967004011
35004031
235004031
344004031
444004031
545004031
663004031
769004031
857004031
967004031
35004051
235004051
342004051
444004051
543004051
662004051
767004051
857004051
966004051
35004071
235004071
343004071
444004071
544004071
662004071
772004071
857004071
967004071
35004091
235004091
344004091
447004091
547004091
657004091
771004091
861004091
965004091
35004111
235004111
342004111
444004111
548004111
657004111
768004111
859004111
965004111
35004131
344004131
449004131
545004131
663004131
770004131
858004131
965004131
35004151
235004151
347004151
449004151
544004151
663004151
766004151
858004151
966004151
35004171
235004171
344004171
446004171
544004171
659004171
772004171
857004171
967004171
35004191
345004191
449004191
549004191
664004191
766004191
859004191
967004191
35004211
235004211
345004211
444004211
549004211
663004211
767004211
857004211
966004211
344004231
446004231
549004231
658004231
767004231
857004231
967004231
35004251
342004251
448004251
549004251
658004251
770004251
857004251
964004251
35004271
341004271
444004271
549004271
660004271
766004271
860004271
967004271
35004291
235004291
345004291
449004291
545004291
660004291
767004291
859004291
967004291
35004311
347004311
449004311
549004311
663004311
770004311
860004311
964004311
35004331
235004331
347004331
446004331
545004331
665004331
767004331
860004331
966004331
35004351
343004351
449004351
545004351
665004351
769004351
859004351
967004351
35004371
343004371
449004371
549004371
660004371
770004371
857004371
967004371
35004391
235004391
342004391
446004391
549004391
660004391
771004391
859004391
966004391
343004411
446004411
544004411
656004411
767004411
857004411
965004411
36004431
235004431
344004431
445004431
544004431
659004431
767004431
967004431
347004451
448004451
544004451
658004451
767004451
862004451
966004451
36004471
235004471
342004471
444004471
548004471
658004471
772004471
858004471
964004471
342004491
449004491
547004491
658004491
770004491
858004491
966004491
35004511
235004511
342004511
445004511
549004511
660004511
767004511
858004511
36004531
235004531
347004531
444004531
543004531
655004531
769004531
860004531
969004531
235004551
342004551
449004551
543004551
767004551
863004551
968004551
235004571
345004571
444004571
548004571
658004571
767004571
974004571
35004591
342004591
446004591
547004591
663004591
243
767004591
859004591
235004611
345004611
444004611
545004611
660004611
770004611
858004611
965004611
35004631
235004631
345004631
444004631
544004631
664004631
768004631
858004631
967004631
35004651
235004651
342004651
449004651
545004651
665004651
767004651
860004651
967004651
36004671
235004671
342004671
444004671
544004671
655004671
770004671
859004671
967004671
35004691
235004691
347004691
449004691
545004691
660004691
769004691
860004691
966004691
35004711
344004711
449004711
549004711
655004711
772004711
863004711
973004711
35004731
343004731
445004731
547004731
664004731
768004731
863004731
967004731
35004751
342004751
444004751
548004751
658004751
772004751
859004751
968004751
35004771
342004771
448004771
549004771
658004771
769004771
857004771
969004771
35004791
342004791
445004791
543004791
664004791
770004791
859004791
969004791
35004811
345004811
448004811
547004811
655004811
769004811
857004811
971004811
35004831
235004831
345004831
444004831
544004831
660004831
767004831
857004831
967004831
35004851
342004851
445004851
548004851
665004851
767004851
859004851
969004851
35004871
235004871
341004871
445004871
545004871
665004871
767004871
862004871
963004871
36004891
341004891
450004891
544004891
663004891
770004891
859004891
969004891
35004911
235004911
343004911
445004911
544004911
658004911
770004911
863004911
967004911
35004931
343004931
445004931
548004931
665004931
767004931
859004931
963004931
35004951
235004951
343004951
449004951
544004951
660004951
769004951
857004951
969004951
35004971
235004971
345004971
445004971
545004971
658004971
767004971
862004971
970004971
36004991
235004991
347004991
445004991
543004991
655004991
772004991
859004991
963004991
35005011
347005011
446005011
548005011
660005011
767005011
858005011
963005011
35005031
235005031
341005031
444005031
549005031
655005031
770005031
857005031
967005031
35005051
235005051
342005051
446005051
547005051
655005051
772005051
857005051
963005051
35005071
235005071
345005071
444005071
547005071
660005071
767005071
860005071
970005071
235005091
342005091
655005091
768005091
857005091
968005091
35005111
235005111
342005111
448005111
547005111
658005111
770005111
862005111
970005111
449005129
658005129
768005129
967005129
35005149
235005149
342005149
449005149
549005149
663005149
767005149
858005149
963005149
35005169
235005169
342005169
446005169
544005169
242
663005169
767005169
858005169
963005169
35005189
235005189
345005189
446005189
545005189
656005189
770005189
857005189
963005189
35005209
235005209
342005209
446005209
548005209
658005209
770005209
858005209
963005209
35005229
235005229
344005229
452005229
544005229
663005229
770005229
857005229
963005229
35005249
235005249
345005249
444005249
543005249
664005249
770005249
857005249
962005249
35005269
235005269
341005269
448005269
549005269
663005269
772005269
857005269
969005269
35005289
235005289
342005289
446005289
545005289
657005289
772005289
857005289
963005289
35005309
235005309
342005309
449005309
547005309
655005309
767005309
857005309
968005309
35005329
235005329
342005329
444005329
543005329
655005329
767005329
857005329
970005329
35005349
235005349
342005349
448005349
545005349
659005349
772005349
857005349
963005349
35005369
235005369
345005369
445005369
545005369
664005369
768005369
857005369
963005369
35005389
235005389
342005389
444005389
545005389
663005389
772005389
857005389
964005389
35005409
235005409
341005409
444005409
544005409
663005409
781005409
857005409
963005409
35005429
235005429
346005429
448005429
547005429
663005429
767005429
857005429
964005429
35005449
235005449
345005449
446005449
545005449
663005449
770005449
857005449
964005449
35005469
235005469
344005469
448005469
543005469
656005469
767005469
857005469
969005469
35005489
235005489
344005489
444005489
545005489
664005489
770005489
857005489
963005489
35005509
235005509
347005509
444005509
544005509
663005509
767005509
857005509
963005509
35005529
235005529
342005529
444005529
545005529
662005529
767005529
857005529
963005529
35005549
235005549
347005549
444005549
547005549
662005549
766005549
857005549
963005549
35005569
235005569
347005569
449005569
544005569
659005569
767005569
857005569
965005569
35005589
235005589
347005589
444005589
544005589
663005589
772005589
857005589
963005589
35005609
235005609
347005609
448005609
544005609
663005609
769005609
857005609
963005609
35005629
235005629
342005629
445005629
547005629
664005629
767005629
857005629
964005629
235005647
544005647
655005647
35005667
235005667
344005667
444005667
544005667
663005667
769005667
859005667
969005667
35005687
235005687
346005687
447005687
548005687
662005687
771005687
862005687
966005687
35005707
235005707
342005707
447005707
545005707
662005707
769005707
860005707
241
968005707
35005727
235005727
344005727
444005727
545005727
660005727
767005727
859005727
969005727
35005747
235005747
343005747
447005747
544005747
660005747
768005747
862005747
969005747
35005767
235005767
346005767
446005767
547005767
659005767
767005767
858005767
966005767
35005787
235005787
342005787
448005787
544005787
659005787
770005787
858005787
969005787
35005807
235005807
343005807
445005807
544005807
661005807
767005807
858005807
969005807
35005827
235005827
342005827
450005827
548005827
664005827
768005827
859005827
968005827
35005847
235005847
344005847
450005847
547005847
659005847
768005847
861005847
967005847
35005867
235005867
341005867
450005867
547005867
662005867
767005867
858005867
964005867
35005887
235005887
341005887
446005887
544005887
664005887
772005887
858005887
970005887
35005907
235005907
347005907
448005907
544005907
660005907
768005907
858005907
965005907
35005927
235005927
341005927
448005927
547005927
660005927
768005927
858005927
970005927
36005947
235005947
344005947
445005947
544005947
657005947
771005947
858005947
968005947
35005967
235005967
342005967
448005967
545005967
660005967
771005967
859005967
969005967
35005987
235005987
342005987
448005987
545005987
658005987
767005987
858005987
969005987
35006007
235006007
341006007
445006007
546006007
664006007
770006007
860006007
964006007
35006027
235006027
343006027
459006027
544006027
659006027
769006027
859006027
969006027
35006047
235006047
344006047
456006047
547006047
664006047
771006047
859006047
966006047
35006067
235006067
346006067
451006067
544006067
660006067
771006067
859006067
969006067
35006087
235006087
343006087
451006087
545006087
658006087
772006087
858006087
969006087
35006107
235006107
342006107
447006107
544006107
666006107
767006107
860006107
964006107
35006127
235006127
346006127
447006127
548006127
656006127
769006127
859006127
970006127
35006147
235006147
342006147
447006147
548006147
662006147
766006147
861006147
965006147
35006167
235006167
347006167
445006167
544006167
664006167
767006167
859006167
963006167
35006187
235006187
345006187
448006187
543006187
655006187
767006187
858006187
963006187
35006207
235006207
342006207
444006207
543006207
663006207
767006207
857006207
963006207
35006227
235006227
342006227
444006227
543006227
663006227
767006227
859006227
962006227
35006247
235006247
342006247
444006247
544006247
240
659006247
772006247
860006247
963006247
35006267
235006267
341006267
446006267
548006267
665006267
767006267
858006267
963006267
35006287
235006287
347006287
446006287
545006287
656006287
767006287
862006287
966006287
35006307
235006307
343006307
445006307
548006307
658006307
769006307
858006307
963006307
35006327
235006327
347006327
444006327
548006327
658006327
768006327
859006327
963006327
35006347
235006347
343006347
445006347
548006347
663006347
767006347
862006347
963006347
35006367
235006367
347006367
448006367
548006367
656006367
772006367
858006367
962006367
35006387
235006387
347006387
444006387
549006387
663006387
767006387
859006387
963006387
35006407
235006407
344006407
448006407
549006407
665006407
766006407
860006407
963006407
35006427
235006427
342006427
447006427
548006427
665006427
769006427
860006427
963006427
35006447
235006447
342006447
449006447
544006447
655006447
767006447
859006447
963006447
35006467
235006467
342006467
449006467
543006467
658006467
766006467
860006467
965006467
35006487
235006487
345006487
445006487
547006487
656006487
770006487
858006487
963006487
35006507
235006507
345006507
449006507
543006507
663006507
766006507
859006507
963006507
35006527
235006527
342006527
448006527
547006527
658006527
767006527
863006527
963006527
35006547
235006547
347006547
444006547
547006547
658006547
770006547
858006547
963006547
35006567
235006567
343006567
445006567
546006567
658006567
772006567
860006567
963006567
35006587
235006587
344006587
449006587
547006587
660006587
766006587
863006587
966006587
35006607
235006607
346006607
446006607
547006607
655006607
766006607
859006607
968006607
35006627
235006627
347006627
444006627
549006627
663006627
772006627
858006627
967006627
35006647
237006647
347006647
444006647
547006647
658006647
780006647
858006647
963006647
35006667
235006667
345006667
449006667
545006667
663006667
772006667
860006667
963006667
35006687
235006687
342006687
444006687
543006687
663006687
766006687
863006687
964006687
35006707
235006707
342006707
448006707
547006707
664006707
770006707
857006707
963006707
36006727
235006727
342006727
444006727
543006727
658006727
766006727
859006727
963006727
35006747
235006747
344006747
445006747
549006747
663006747
770006747
857006747
963006747
35006767
235006767
347006767
448006767
547006767
664006767
766006767
859006767
963006767
35006787
235006787
239
342006787
444006787
543006787
664006787
770006787
860006787
963006787
35006807
235006807
347006807
444006807
543006807
663006807
767006807
858006807
963006807
35006827
235006827
345006827
449006827
545006827
658006827
772006827
857006827
963006827
35006847
235006847
346006847
444006847
543006847
663006847
770006847
862006847
963006847
35006867
235006867
342006867
445006867
547006867
664006867
767006867
857006867
963006867
35006887
235006887
342006887
449006887
544006887
655006887
772006887
863006887
958006887
35006907
235006907
344006907
450006907
544006907
667006907
772006907
859006907
958006907
36006927
235006927
343006927
450006927
549006927
657006927
772006927
863006927
958006927
35006947
235006947
342006947
450006947
545006947
655006947
769006947
859006947
958006947
35006967
235006967
344006967
445006967
549006967
659006967
769006967
859006967
958006967
35006987
235006987
346006987
444006987
548006987
658006987
768006987
863006987
958006987
35007007
235007007
343007007
446007007
544007007
662007007
768007007
863007007
958007007
36007027
235007027
348007027
450007027
544007027
659007027
769007027
860007027
957007027
35007047
235007047
342007047
444007047
546007047
666007047
769007047
860007047
960007047
35007067
235007067
346007067
444007067
548007067
659007067
768007067
859007067
956007067
35007087
235007087
342007087
449007087
549007087
659007087
769007087
860007087
956007087
35007107
235007107
342007107
446007107
544007107
659007107
775007107
863007107
956007107
35007127
235007127
342007127
446007127
545007127
666007127
768007127
859007127
963007127
35007147
235007147
346007147
446007147
549007147
659007147
775007147
862007147
958007147
35007167
235007167
343007167
444007167
544007167
659007167
775007167
862007167
963007167
35007187
235007187
342007187
448007187
548007187
659007187
774007187
862007187
966007187
35007207
235007207
343007207
448007207
544007207
665007207
770007207
862007207
962007207
35007227
235007227
346007227
444007227
545007227
658007227
769007227
859007227
959007227
35007247
235007247
342007247
446007247
544007247
656007247
771007247
865007247
964007247
35007267
235007267
344007267
444007267
544007267
666007267
772007267
862007267
963007267
35007287
235007287
345007287
445007287
547007287
655007287
774007287
859007287
960007287
35007307
235007307
343007307
444007307
544007307
663007307
768007307
863007307
238
955007307
35007327
235007327
346007327
444007327
545007327
659007327
770007327
859007327
961007327
35007347
235007347
345007347
444007347
547007347
665007347
769007347
862007347
955007347
35007367
235007367
347007367
447007367
548007367
665007367
770007367
859007367
960007367
35007387
235007387
345007387
445007387
544007387
665007387
770007387
858007387
963007387
35007407
235007407
346007407
447007407
546007407
661007407
771007407
860007407
959007407
35007427
235007427
343007427
447007427
544007427
655007427
771007427
862007427
958007427
35007447
235007447
342007447
445007447
544007447
664007447
769007447
860007447
958007447
35007467
235007467
342007467
445007467
545007467
656007467
774007467
862007467
964007467
35007487
235007487
344007487
447007487
545007487
654007487
771007487
865007487
962007487
35007507
235007507
343007507
444007507
547007507
656007507
771007507
860007507
958007507
35007527
235007527
346007527
445007527
548007527
661007527
769007527
865007527
957007527
35007547
235007547
344007547
444007547
547007547
656007547
771007547
862007547
963007547
35007567
235007567
345007567
445007567
544007567
662007567
776007567
864007567
959007567
35007587
235007587
345007587
444007587
547007587
664007587
769007587
865007587
959007587
35007607
235007607
343007607
448007607
544007607
663007607
769007607
860007607
964007607
35007627
235007627
345007627
448007627
544007627
656007627
769007627
862007627
959007627
35007647
235007647
345007647
445007647
546007647
658007647
769007647
862007647
959007647
35007667
235007667
346007667
447007667
544007667
655007667
773007667
862007667
959007667
35007687
235007687
343007687
448007687
544007687
655007687
774007687
862007687
958007687
35007707
235007707
343007707
448007707
545007707
662007707
769007707
862007707
960007707
35007727
235007727
445007727
545007727
655007727
771007727
862007727
961007727
35007747
235007747
342007747
444007747
548007747
659007747
772007747
864007747
958007747
35007767
235007767
346007767
446007767
549007767
657007767
772007767
865007767
958007767
35007787
235007787
342007787
450007787
548007787
660007787
771007787
860007787
958007787
35007807
235007807
343007807
448007807
548007807
664007807
769007807
859007807
960007807
35007827
235007827
344007827
448007827
545007827
654007827
769007827
865007827
959007827
35007847
235007847
344007847
446007847
544007847
660007847
237
769007847
860007847
958007847
35007867
235007867
341007867
446007867
549007867
662007867
774007867
859007867
958007867
35007887
235007887
344007887
453007887
549007887
666007887
771007887
862007887
963007887
35007907
235007907
341007907
455007907
547007907
659007907
778007907
860007907
958007907
35007927
235007927
343007927
454007927
548007927
666007927
768007927
863007927
960007927
35007947
235007947
343007947
454007947
544007947
660007947
769007947
859007947
958007947
35007967
235007967
346007967
458007967
546007967
658007967
770007967
867007967
959007967
35007987
235007987
343007987
455007987
548007987
660007987
774007987
860007987
959007987
35008007
235008007
346008007
455008007
544008007
657008007
772008007
862008007
954008007
35008027
235008027
346008027
459008027
546008027
665008027
772008027
863008027
960008027
35008047
235008047
346008047
449008047
545008047
666008047
769008047
866008047
968008047
35008067
235008067
341008067
450008067
546008067
663008067
769008067
862008067
965008067
35008087
235008087
342008087
451008087
545008087
656008087
771008087
865008087
959008087
35008107
235008107
345008107
444008107
545008107
662008107
773008107
859008107
962008107
35008127
235008127
346008127
444008127
544008127
656008127
769008127
862008127
966008127
35008147
235008147
343008147
444008147
547008147
655008147
772008147
865008147
955008147
35008167
235008167
343008167
445008167
545008167
661008167
772008167
861008167
961008167
35008187
235008187
343008187
447008187
548008187
659008187
769008187
860008187
960008187
35008207
235008207
343008207
449008207
545008207
656008207
774008207
859008207
962008207
35008227
235008227
343008227
447008227
544008227
658008227
768008227
861008227
958008227
35008247
235008247
347008247
444008247
545008247
662008247
773008247
860008247
957008247
35008267
235008267
345008267
446008267
544008267
660008267
770008267
859008267
959008267
35008287
235008287
344008287
445008287
544008287
664008287
773008287
861008287
958008287
35008307
235008307
343008307
444008307
546008307
662008307
769008307
864008307
960008307
35008327
235008327
345008327
448008327
544008327
656008327
769008327
864008327
965008327
35008347
235008347
347008347
448008347
544008347
659008347
769008347
862008347
957008347
35008367
235008367
343008367
449008367
546008367
663008367
770008367
864008367
959008367
35008387
235008387
345008387
236
448008387
545008387
654008387
770008387
858008387
961008387
35008407
235008407
343008407
444008407
546008407
658008407
770008407
859008407
957008407
35008427
235008427
347008427
446008427
545008427
659008427
771008427
859008427
960008427
35008447
235008447
343008447
445008447
549008447
662008447
772008447
860008447
959008447
35008467
235008467
344008467
445008467
544008467
664008467
769008467
862008467
961008467
35008487
235008487
345008487
448008487
548008487
654008487
771008487
859008487
955008487
35008507
235008507
346008507
444008507
547008507
654008507
770008507
861008507
960008507
35008527
235008527
347008527
444008527
546008527
662008527
772008527
860008527
964008527
35008547
235008547
342008547
448008547
545008547
658008547
769008547
858008547
958008547
35008567
235008567
344008567
444008567
544008567
654008567
769008567
861008567
961008567
35008587
235008587
345008587
446008587
548008587
661008587
774008587
864008587
958008587
35008607
235008607
345008607
445008607
546008607
657008607
772008607
861008607
963008607
35008627
235008627
347008627
448008627
547008627
664008627
770008627
860008627
955008627
35008647
235008647
344008647
446008647
547008647
657008647
770008647
859008647
959008647
35008667
235008667
343008667
445008667
545008667
661008667
771008667
861008667
958008667
35008687
235008687
347008687
448008687
544008687
654008687
769008687
862008687
954008687
35008707
235008707
347008707
448008707
545008707
661008707
769008707
862008707
960008707
35008727
235008727
343008727
449008727
547008727
654008727
772008727
860008727
962008727
35008747
235008747
345008747
445008747
544008747
658008747
769008747
859008747
954008747
35008767
235008767
347008767
447008767
547008767
654008767
769008767
860008767
958008767
35008787
235008787
342008787
447008787
543008787
656008787
774008787
862008787
958008787
35008807
235008807
343008807
449008807
545008807
663008807
769008807
858008807
962008807
35008827
235008827
345008827
445008827
545008827
661008827
773008827
865008827
958008827
35008847
235008847
346008847
445008847
547008847
661008847
770008847
859008847
958008847
35008867
235008867
346008867
449008867
548008867
660008867
775008867
859008867
955008867
35008887
235008887
346008887
444008887
544008887
658008887
774008887
859008887
959008887
35008907
235008907
343008907
447008907
544008907
658008907
772008907
858008907
957008907
235
35008927
235008927
343008927
444008927
544008927
662008927
773008927
860008927
954008927
35008947
235008947
342008947
444008947
543008947
661008947
773008947
861008947
957008947
35008967
235008967
345008967
444008967
547008967
658008967
772008967
862008967
954008967
35008987
235008987
343008987
447008987
545008987
656008987
768008987
859008987
964008987
35009007
235009007
345009007
447009007
543009007
655009007
774009007
860009007
954009007
35009027
235009027
347009027
443009027
543009027
654009027
774009027
862009027
956009027
35009047
235009047
343009047
444009047
548009047
654009047
769009047
862009047
955009047
35009067
235009067
347009067
447009067
547009067
656009067
772009067
862009067
961009067
35009087
235009087
343009087
447009087
545009087
658009087
770009087
859009087
959009087
35009107
235009107
343009107
444009107
544009107
661009107
769009107
860009107
957009107
35009127
235009127
345009127
444009127
544009127
663009127
772009127
864009127
957009127
35009147
235009147
347009147
444009147
548009147
658009147
769009147
862009147
963009147
35009167
235009167
344009167
448009167
547009167
658009167
772009167
862009167
955009167
35009187
235009187
345009187
447009187
544009187
663009187
775009187
865009187
957009187
35009207
235009207
343009207
448009207
543009207
656009207
773009207
859009207
954009207
35009227
235009227
343009227
447009227
544009227
659009227
773009227
861009227
959009227
35009247
235009247
344009247
448009247
545009247
661009247
768009247
859009247
954009247
35009267
235009267
345009267
447009267
547009267
658009267
774009267
865009267
955009267
35009287
235009287
342009287
444009287
549009287
663009287
770009287
860009287
956009287
35009307
235009307
347009307
443009307
545009307
661009307
774009307
859009307
959009307
35009327
235009327
344009327
443009327
543009327
655009327
772009327
860009327
956009327
35009347
235009347
342009347
445009347
547009347
658009347
774009347
862009347
956009347
35009367
235009367
343009367
444009367
545009367
654009367
770009367
860009367
959009367
35009387
235009387
345009387
443009387
545009387
654009387
770009387
862009387
954009387
35009407
235009407
343009407
444009407
547009407
658009407
769009407
860009407
963009407
35009427
235009427
342009427
447009427
545009427
656009427
772009427
860009427
956009427
35009447
235009447
343009447
447009447
543009447
663009447
234
774009447
860009447
959009447
35009467
235009467
343009467
447009467
543009467
656009467
774009467
865009467
962009467
35009487
235009487
342009487
445009487
544009487
663009487
774009487
860009487
959009487
35009507
235009507
343009507
445009507
545009507
661009507
771009507
859009507
959009507
35009527
235009527
344009527
444009527
548009527
656009527
774009527
859009527
956009527
35009547
235009547
344009547
448009547
544009547
656009547
772009547
859009547
963009547
35009567
235009567
345009567
446009567
544009567
658009567
770009567
865009567
954009567
35009587
235009587
343009587
445009587
547009587
662009587
768009587
865009587
963009587
35009607
235009607
344009607
444009607
549009607
664009607
771009607
861009607
960009607
35009627
235009627
343009627
447009627
545009627
655009627
770009627
865009627
955009627
35009647
235009647
343009647
450009647
546009647
664009647
774009647
859009647
954009647
35009667
235009667
345009667
446009667
544009667
661009667
774009667
860009667
959009667
35009687
235009687
344009687
447009687
548009687
661009687
770009687
865009687
955009687
35009707
235009707
344009707
444009707
548009707
655009707
770009707
862009707
963009707
35009727
235009727
344009727
444009727
548009727
662009727
774009727
860009727
965009727
35009747
235009747
346009747
453009747
545009747
658009747
770009747
860009747
956009747
35009767
235009767
344009767
449009767
544009767
663009767
772009767
859009767
957009767
35009787
235009787
344009787
448009787
547009787
666009787
773009787
859009787
966009787
36009807
235009807
345009807
452009807
545009807
658009807
768009807
859009807
954009807
36009827
235009827
345009827
447009827
544009827
663009827
771009827
859009827
957009827
35009847
235009847
347009847
451009847
549009847
666009847
771009847
859009847
957009847
35009867
235009867
342009867
447009867
550009867
655009867
773009867
859009867
957009867
35009887
235009887
345009887
450009887
549009887
655009887
769009887
859009887
965009887
35009907
235009907
344009907
452009907
546009907
666009907
769009907
859009907
965009907
35009927
235009927
345009927
448009927
546009927
663009927
773009927
859009927
954009927
35009947
235009947
344009947
450009947
549009947
657009947
769009947
859009947
957009947
35009967
235009967
345009967
451009967
549009967
663009967
769009967
859009967
959009967
35009987
235009987
345009987
233
445009987
545009987
657009987
772009987
859009987
965009987
35010007
235010007
347010007
445010007
544010007
663010007
769010007
859010007
965010007
35010027
235010027
342010027
451010027
544010027
660010027
773010027
859010027
957010027
35010047
235010047
344010047
451010047
544010047
663010047
773010047
859010047
965010047
35010067
235010067
347010067
445010067
550010067
657010067
772010067
859010067
960010067
35010087
235010087
347010087
445010087
550010087
654010087
773010087
859010087
957010087
35010107
235010107
346010107
444010107
545010107
665010107
774010107
859010107
959010107
35010127
235010127
344010127
447010127
544010127
659010127
769010127
859010127
954010127
35010147
235010147
347010147
444010147
548010147
657010147
772010147
859010147
960010147
35010167
235010167
346010167
450010167
544010167
657010167
774010167
859010167
959010167
35010187
235010187
345010187
444010187
546010187
662010187
774010187
859010187
957010187
36010207
235010207
344010207
450010207
546010207
654010207
768010207
859010207
960010207
35010227
235010227
342010227
449010227
546010227
663010227
773010227
859010227
965010227
35010247
235010247
342010247
449010247
544010247
659010247
774010247
859010247
954010247
35010267
235010267
346010267
445010267
548010267
665010267
773010267
859010267
957010267
35010287
235010287
346010287
450010287
544010287
659010287
773010287
859010287
954010287
35010307
235010307
344010307
449010307
548010307
663010307
769010307
859010307
959010307
35010327
235010327
343010327
446010327
548010327
657010327
771010327
859010327
954010327
35010347
235010347
347010347
450010347
544010347
654010347
769010347
859010347
959010347
35010367
235010367
342010367
444010367
548010367
663010367
769010367
859010367
965010367
35010387
235010387
343010387
445010387
544010387
665010387
775010387
859010387
959010387
35010407
235010407
347010407
446010407
544010407
663010407
772010407
859010407
964010407
35010427
235010427
345010427
445010427
544010427
663010427
769010427
859010427
960010427
35010447
235010447
343010447
450010447
548010447
656010447
771010447
859010447
960010447
36010467
235010467
344010467
449010467
546010467
656010467
769010467
858010467
954010467
35010487
235010487
344010487
444010487
546010487
659010487
774010487
859010487
957010487
35010507
235010507
344010507
449010507
545010507
656010507
770010507
859010507
961010507
232
36010527
235010527
342010527
449010527
546010527
656010527
773010527
859010527
954010527
35010547
235010547
344010547
444010547
550010547
654010547
770010547
859010547
953010547
35010567
235010567
342010567
450010567
544010567
659010567
772010567
861010567
954010567
35010587
235010587
342010587
450010587
546010587
662010587
771010587
859010587
960010587
35010607
235010607
347010607
449010607
544010607
662010607
770010607
859010607
957010607
35010627
235010627
342010627
450010627
546010627
664010627
770010627
859010627
960010627
35010647
235010647
347010647
450010647
549010647
654010647
770010647
859010647
959010647
35010667
235010667
345010667
449010667
549010667
653010667
774010667
859010667
961010667
35010687
235010687
342010687
449010687
548010687
659010687
774010687
859010687
959010687
35010707
235010707
346010707
444010707
549010707
654010707
774010707
859010707
961010707
35010727
235010727
347010727
444010727
546010727
664010727
769010727
859010727
952010727
35010747
235010747
346010747
444010747
544010747
662010747
770010747
859010747
955010747
35010767
235010767
346010767
444010767
549010767
658010767
769010767
859010767
959010767
35010787
235010787
344010787
449010787
544010787
655010787
772010787
859010787
955010787
35010807
235010807
347010807
444010807
545010807
653010807
770010807
858010807
955010807
35010827
235010827
344010827
443010827
545010827
662010827
770010827
858010827
962010827
35010847
235010847
342010847
448010847
543010847
654010847
774010847
859010847
959010847
35010867
235010867
344010867
444010867
548010867
654010867
770010867
859010867
954010867
35010887
235010887
344010887
447010887
549010887
662010887
771010887
859010887
959010887
35010907
235010907
342010907
444010907
545010907
663010907
770010907
859010907
963010907
35010927
235010927
344010927
444010927
548010927
659010927
769010927
859010927
959010927
35010947
235010947
342010947
445010947
545010947
654010947
769010947
859010947
962010947
35010967
235010967
343010967
445010967
548010967
663010967
772010967
859010967
962010967
35010987
235010987
347010987
448010987
549010987
664010987
774010987
859010987
960010987
35011007
235011007
347011007
444011007
548011007
654011007
771011007
859011007
967011007
35011027
235011027
346011027
448011027
543011027
658011027
774011027
858011027
960011027
35011047
238011047
346011047
444011047
548011047
663011047
231
774011047
858011047
969011047
35011067
235011067
346011067
443011067
543011067
655011067
771011067
859011067
962011067
35011087
235011087
344011087
444011087
545011087
655011087
771011087
858011087
959011087
35011107
235011107
346011107
443011107
548011107
662011107
771011107
859011107
958011107
35011127
235011127
342011127
444011127
548011127
653011127
772011127
859011127
958011127
35011147
235011147
344011147
448011147
544011147
653011147
770011147
859011147
958011147
35011167
235011167
346011167
444011167
548011167
660011167
775011167
859011167
954011167
35011187
235011187
347011187
448011187
544011187
658011187
772011187
858011187
962011187
35011207
235011207
346011207
443011207
543011207
660011207
777011207
859011207
959011207
35011227
235011227
346011227
444011227
549011227
653011227
772011227
859011227
966011227
35011247
235011247
343011247
444011247
544011247
655011247
771011247
859011247
961011247
35011267
235011267
342011267
443011267
543011267
658011267
775011267
859011267
961011267
35011287
235011287
343011287
449011287
543011287
661011287
770011287
859011287
961011287
35011307
235011307
346011307
443011307
545011307
658011307
770011307
859011307
958011307
35011327
235011327
347011327
443011327
548011327
655011327
771011327
859011327
969011327
35011347
235011347
346011347
443011347
545011347
661011347
770011347
859011347
958011347
35011367
235011367
344011367
444011367
543011367
658011367
774011367
859011367
962011367
35011387
235011387
344011387
443011387
543011387
655011387
770011387
859011387
961011387
35011407
235011407
347011407
448011407
545011407
657011407
771011407
859011407
962011407
35011427
235011427
343011427
443011427
544011427
655011427
770011427
859011427
961011427
35011447
235011447
342011447
449011447
544011447
655011447
774011447
859011447
962011447
35011467
235011467
343011467
445011467
548011467
653011467
772011467
859011467
954011467
35011487
235011487
342011487
446011487
548011487
653011487
774011487
859011487
962011487
35011507
235011507
344011507
443011507
543011507
653011507
770011507
859011507
959011507
35011527
235011527
346011527
444011527
544011527
661011527
774011527
859011527
963011527
35011547
235011547
347011547
449011547
543011547
661011547
773011547
859011547
960011547
35011567
235011567
343011567
449011567
543011567
655011567
770011567
859011567
961011567
35011587
235011587
342011587
230
444011587
544011587
658011587
770011587
859011587
960011587
35011607
235011607
342011607
448011607
545011607
655011607
770011607
859011607
958011607
35011627
235011627
347011627
443011627
549011627
661011627
771011627
859011627
965011627
36011647
235011647
344011647
443011647
544011647
658011647
774011647
858011647
962011647
35011667
235011667
346011667
443011667
545011667
659011667
771011667
859011667
960011667
35011687
235011687
342011687
444011687
543011687
653011687
775011687
859011687
958011687
35011707
235011707
346011707
448011707
548011707
659011707
773011707
859011707
958011707
35011727
235011727
342011727
444011727
549011727
655011727
775011727
859011727
966011727
35011747
235011747
346011747
449011747
545011747
664011747
772011747
859011747
959011747
35011767
235011767
348011767
444011767
543011767
659011767
773011767
859011767
958011767
35011787
235011787
344011787
449011787
545011787
653011787
775011787
859011787
959011787
35011807
235011807
342011807
444011807
543011807
666011807
772011807
859011807
960011807
35011827
235011827
342011827
443011827
543011827
664011827
773011827
858011827
959011827
35011847
235011847
343011847
448011847
543011847
662011847
775011847
859011847
954011847
35011867
235011867
348011867
445011867
543011867
663011867
771011867
858011867
965011867
35011887
235011887
342011887
444011887
543011887
658011887
770011887
966011887
235011907
344011907
445011907
549011907
664011907
771011907
858011907
960011907
35011927
235011927
346011927
444011927
543011927
664011927
769011927
959011927
35011947
235011947
348011947
444011947
545011947
658011947
770011947
858011947
961011947
35011967
235011967
342011967
444011967
544011967
662011967
773011967
966011967
35011987
235011987
342011987
443011987
543011987
655011987
772011987
858011987
958011987
35012007
235012007
344012007
444012007
549012007
659012007
769012007
858012007
962012007
35012027
235012027
344012027
443012027
544012027
654012027
770012027
858012027
963012027
35012047
235012047
347012047
445012047
545012047
654012047
768012047
958012047
35012067
235012067
343012067
449012067
543012067
653012067
772012067
858012067
961012067
35012087
235012087
348012087
445012087
548012087
659012087
768012087
859012087
958012087
35012107
235012107
344012107
449012107
544012107
662012107
774012107
859012107
957012107
35012127
235012127
342012127
443012127
543012127
229
665012127
774012127
859012127
959012127
235012147
344012147
444012147
543012147
665012147
769012147
967012147
35012167
235012167
346012167
444012167
548012167
665012167
774012167
859012167
966012167
35012187
235012187
344012187
444012187
544012187
662012187
768012187
967012187
35012207
235012207
344012207
444012207
549012207
656012207
769012207
859012207
954012207
35012227
235012227
342012227
445012227
547012227
664012227
769012227
961012227
36012247
235012247
342012247
448012247
549012247
656012247
768012247
859012247
955012247
36012267
235012267
347012267
445012267
547012267
654012267
774012267
859012267
958012267
35012287
235012287
347012287
443012287
544012287
662012287
773012287
859012287
961012287
35012307
235012307
343012307
444012307
547012307
664012307
775012307
859012307
959012307
35012327
235012327
347012327
448012327
543012327
656012327
772012327
859012327
961012327
35012347
235012347
343012347
445012347
545012347
654012347
771012347
859012347
958012347
35012367
235012367
346012367
445012367
549012367
654012367
773012367
859012367
955012367
35012387
235012387
342012387
443012387
544012387
659012387
775012387
859012387
967012387
35012407
235012407
344012407
448012407
545012407
654012407
770012407
859012407
959012407
35012427
235012427
346012427
448012427
549012427
656012427
775012427
859012427
958012427
35012447
235012447
343012447
448012447
549012447
654012447
775012447
859012447
958012447
35012467
235012467
343012467
444012467
549012467
664012467
770012467
859012467
958012467
35012487
235012487
346012487
445012487
543012487
656012487
775012487
859012487
962012487
35012507
235012507
343012507
448012507
546012507
654012507
768012507
859012507
960012507
35012527
235012527
343012527
445012527
545012527
659012527
772012527
859012527
959012527
35012547
235012547
346012547
445012547
543012547
662012547
772012547
859012547
958012547
35012567
235012567
346012567
449012567
548012567
654012567
770012567
859012567
954012567
35012587
235012587
342012587
449012587
543012587
664012587
770012587
859012587
959012587
35012607
235012607
346012607
443012607
545012607
664012607
769012607
859012607
959012607
35012627
235012627
345012627
447012627
544012627
659012627
770012627
859012627
961012627
35012647
235012647
344012647
443012647
545012647
662012647
770012647
859012647
958012647
35012667
235012667
343012667
449012667
544012667
662012667
228
-1
-1
-1
-1
-1
-1
-1
-1
-1
-1
-1
-1
-1
-1
-1
-1
-1
-1
-1
-1
-1
-1
-1
-1
-1
-1
-1
-1
-1
-1
-1
-1
-1
-1
-1
-1
-1
-1
-1
-1
-1
-1
-1
-1
-1
-1
-1
-1
-1
-1
-1
-1
-1
-1
-1
-1
-1
-1
-1
-1
-1
-1
-1
-1
-1
-1
-1
-1
-1
-1
-1
-1
-1
-1
-1
-1
-1
-1
-1
-1
-1
-1
-1
-1
-1
-1
-1
-1
-1
-1
-1
-1
-1
-1
-1
-1
-1
-1
-1
-1
-1
-1
-1
-1
-1
-1
-1
-1
-1
-1
-1
-1
-1
-1
-1
-1
-1
-1
-1
-1
-1
-1
-1
-1
-1
-1
-1
-1
-1
-1
-1
-1
-1
-1
-1
-1
-1
-1
-1
-1
-1
-1
-1
-1
-1
-1
-1
-1
-1
-1
-1
-1
-1
-1
-1
-1
-1
-1
-1
-1
-1
-1
-1
-1
-1
-1
-1
-1
-1
-1
-1
-1