250
192733
192734
192735
72192736
168192736
270192736
192736
73192737
167192737
271192737
192737
73192738
167192738
271192738
192738
73192739
167192739
271192739
192739
73192740
167192740
271192740
192740
72192741
167192741
271192741
192741
72192742
167192742
271192742
192742
73192743
167192743
271192743
192743
73192744
167192744
271192744
192744
73192745
167192745
271192745
192745
72192746
167192746
271192746
192746
73192747
167192747
271192747
192747
72192748
167192748
271192748
192748
73192749
167192749
271192749
192749
73192750
167192750
271192750
192750
73192751
167192751
271192751
192751
74192752
167192752
270192752
192752
75192753
167192753
266192753
192753
75192754
168192754
268192754
192754
75192755
167192755
271192755
192755
75192756
167192756
271192756
192756
75192757
167192757
271192757
192757
75192758
167192758
271192758
192758
74192759
167192759
271192759
192759
65192800
169192800
271192800
192800
65192801
169192801
271192801
192801
65192802
169192802
271192802
192802
65192803
169192803
271192803
192803
65192804
169192804
271192804
192804
65192805
169192805
267192805
192805
65192806
169192806
266192806
192806
65192807
169192807
266192807
192807
65192808
170192808
266192808
192808
65192809
171192809
266192809
192809
65192810
172192810
267192810
192810
65192811
172192811
267192811
192811
65192812
172192812
267192812
192812
65192813
172192813
267192813
192813
65192814
172192814
267192814
192814
65192815
172192815
267192815
192815
65192816
172192816
268192816
192816
65192817
172192817
267192817
192817
65192818
172192818
267192818
192818
65192819
172192819
267192819
192819
65192820
173192820
267192820
192820
65192821
174192821
267192821
192821
65192822
174192822
267192822
192822
65192823
174192823
267192823
192823
65192824
174192824
267192824
192824
65192825
174192825
267192825
192825
65192826
174192826
267192826
192826
65192827
174192827
267192827
192827
65192828
174192828
267192828
192828
65192829
167192829
267192829
192829
65192830
167192830
267192830
192830
65192831
167192831
267192831
192831
65192832
167192832
267192832
192832
65192833
167192833
267192833
192833
65192834
167192834
267192834
192834
65192835
249
167192835
267192835
192835
65192836
167192836
267192836
192836
64192837
167192837
267192837
192837
65192838
167192838
267192838
192838
65192839
167192839
267192839
192839
65192840
167192840
267192840
192840
65192841
167192841
267192841
192841
65192842
167192842
267192842
192842
65192843
167192843
267192843
192843
65192844
167192844
267192844
192844
65192845
167192845
267192845
192845
65192846
167192846
268192846
192846
65192847
167192847
269192847
192847
65192848
167192848
269192848
192848
65192849
167192849
269192849
192849
65192850
167192850
269192850
192850
65192851
167192851
269192851
192851
65192852
167192852
269192852
192852
65192853
169192853
269192853
192853
65192854
169192854
269192854
192854
65192855
169192855
269192855
192855
65192856
169192856
269192856
192856
65192857
169192857
268192857
192857
65192858
169192858
269192858
192858
65192859
169192859
269192859
192859
65192900
169192900
269192900
192900
65192901
169192901
269192901
192901
65192902
169192902
269192902
192902
65192903
169192903
269192903
192903
65192904
169192904
270192904
192904
65192905
169192905
271192905
192905
65192906
169192906
271192906
192906
65192907
169192907
271192907
192907
65192908
169192908
266192908
192908
65192909
169192909
266192909
192909
65192910
169192910
266192910
192910
65192911
169192911
267192911
192911
65192912
169192912
266192912
192912
64192913
169192913
266192913
192913
65192914
169192914
266192914
192914
65192915
169192915
266192915
192915
65192916
169192916
266192916
192916
64192917
169192917
266192917
192917
65192918
169192918
266192918
192918
65192919
169192919
267192919
192919
65192920
169192920
267192920
192920
65192921
169192921
267192921
192921
65192922
169192922
267192922
192922
65192923
169192923
267192923
192923
65192924
169192924
268192924
192924
64192925
169192925
267192925
192925
65192926
169192926
267192926
192926
65192927
169192927
267192927
192927
65192928
169192928
267192928
192928
65192929
169192929
267192929
192929
65192930
169192930
267192930
192930
65192931
169192931
267192931
192931
64192932
169192932
268192932
192932
65192933
169192933
268192933
192933
65192934
169192934
268192934
192934
65192935
248
169192935
268192935
192935
65192936
169192936
268192936
192936
65192937
169192937
268192937
192937
65192938
169192938
269192938
192938
65192939
169192939
269192939
192939
65192940
169192940
268192940
192940
65192941
169192941
269192941
192941
65192942
169192942
269192942
192942
65192943
169192943
269192943
192943
65192944
169192944
268192944
192944
65192945
171192945
269192945
192945
65192946
173192946
270192946
192946
65192947
174192947
266192947
192947
65192948
174192948
267192948
192948
65192949
174192949
266192949
192949
65192950
174192950
266192950
192950
65192951
174192951
267192951
192951
65192952
174192952
267192952
192952
65192953
173192953
267192953
192953
65192954
174192954
267192954
192954
65192955
174192955
267192955
192955
65192956
174192956
267192956
192956
65192957
174192957
267192957
192957
65192958
174192958
267192958
192958
65192959
174192959
267192959
192959
65193000
174193000
267193000
193000
65193001
167193001
267193001
193001
65193002
167193002
267193002
193002
65193003
167193003
267193003
193003
65193004
167193004
267193004
193004
65193005
167193005
267193005
193005
65193006
167193006
268193006
193006
65193007
167193007
267193007
193007
65193008
167193008
267193008
193008
65193009
167193009
267193009
193009
65193010
167193010
267193010
193010
65193011
167193011
267193011
193011
65193012
167193012
267193012
193012
65193013
167193013
268193013
193013
65193014
167193014
269193014
193014
65193015
167193015
269193015
193015
65193016
167193016
269193016
193016
65193017
167193017
269193017
193017
65193018
167193018
268193018
193018
65193019
167193019
269193019
193019
65193020
167193020
269193020
193020
65193021
167193021
269193021
193021
65193022
167193022
269193022
193022
65193023
167193023
269193023
193023
65193024
167193024
269193024
193024
65193025
167193025
269193025
193025
65193026
167193026
269193026
193026
66193027
167193027
269193027
193027
67193028
167193028
269193028
193028
67193029
167193029
269193029
193029
67193030
167193030
269193030
193030
67193031
167193031
269193031
193031
68193032
167193032
269193032
193032
67193033
167193033
269193033
193033
68193034
167193034
269193034
193034
68193035
247
167193035
268193035
193035
67193036
167193036
269193036
193036
67193037
167193037
269193037
193037
67193038
167193038
269193038
193038
67193039
167193039
269193039
193039
67193040
167193040
271193040
193040
67193041
167193041
271193041
193041
67193042
167193042
271193042
193042
67193043
167193043
271193043
193043
67193044
167193044
271193044
193044
67193045
167193045
269193045
193045
67193046
167193046
266193046
193046
67193047
167193047
266193047
193047
67193048
169193048
266193048
193048
67193049
170193049
266193049
193049
67193050
172193050
266193050
193050
67193051
173193051
266193051
193051
67193052
174193052
266193052
193052
67193053
170193053
267193053
193053
67193054
167193054
266193054
193054
67193055
167193055
267193055
193055
67193056
167193056
267193056
193056
67193057
167193057
267193057
193057
67193058
167193058
267193058
193058
67193059
167193059
267193059
193059
67193100
167193100
267193100
193100
67193101
167193101
267193101
193101
67193102
167193102
267193102
193102
67193103
167193103
268193103
193103
68193104
167193104
268193104
193104
67193105
167193105
269193105
193105
67193106
167193106
269193106
193106
67193107
167193107
269193107
193107
67193108
167193108
269193108
193108
67193109
167193109
269193109
193109
68193110
167193110
269193110
193110
67193111
167193111
269193111
193111
67193112
167193112
269193112
193112
67193113
167193113
269193113
193113
67193114
167193114
269193114
193114
67193115
167193115
269193115
193115
67193116
167193116
269193116
193116
67193117
167193117
269193117
193117
67193118
167193118
270193118
193118
67193119
167193119
271193119
193119
67193120
167193120
271193120
193120
68193121
167193121
271193121
193121
67193122
167193122
271193122
193122
68193123
167193123
271193123
193123
67193124
167193124
271193124
193124
67193125
167193125
271193125
193125
67193126
167193126
271193126
193126
67193127
167193127
271193127
193127
67193128
167193128
271193128
193128
67193129
167193129
271193129
193129
67193130
167193130
271193130
193130
67193131
167193131
271193131
193131
67193132
167193132
271193132
193132
67193133
167193133
271193133
193133
67193134
167193134
271193134
193134
67193135
246
167193135
271193135
193135
67193136
167193136
271193136
193136
67193137
167193137
271193137
193137
67193138
167193138
271193138
193138
67193139
167193139
271193139
193139
67193140
167193140
271193140
193140
67193141
167193141
271193141
193141
67193142
167193142
271193142
193142
67193143
167193143
271193143
193143
67193144
167193144
271193144
193144
67193145
167193145
271193145
193145
68193146
167193146
271193146
193146
67193147
167193147
271193147
193147
67193148
167193148
271193148
193148
67193149
167193149
271193149
193149
67193150
167193150
271193150
193150
67193151
167193151
271193151
193151
67193152
167193152
269193152
193152
67193153
167193153
267193153
193153
71193154
167193154
268193154
193154
74193155
167193155
268193155
193155
75193156
167193156
269193156
193156
74193157
167193157
269193157
193157
75193158
167193158
271193158
193158
75193159
167193159
271193159
193159
74193200
167193200
271193200
193200
74193201
167193201
271193201
193201
75193202
167193202
271193202
193202
75193203
167193203
271193203
193203
75193204
167193204
271193204
193204
75193205
167193205
271193205
193205
75193206
167193206
271193206
193206
74193207
167193207
269193207
193207
75193208
167193208
267193208
193208
75193209
167193209
267193209
193209
75193210
167193210
267193210
193210
75193211
167193211
267193211
193211
75193212
167193212
267193212
193212
65193213
167193213
267193213
193213
65193214
167193214
267193214
193214
65193215
167193215
268193215
193215
65193216
167193216
267193216
193216
65193217
167193217
267193217
193217
65193218
167193218
267193218
193218
65193219
167193219
268193219
193219
65193220
167193220
268193220
193220
65193221
167193221
269193221
193221
65193222
167193222
269193222
193222
65193223
167193223
269193223
193223
65193224
167193224
269193224
193224
65193225
167193225
269193225
193225
65193226
167193226
269193226
193226
65193227
167193227
270193227
193227
65193228
167193228
271193228
193228
65193229
167193229
271193229
193229
65193230
167193230
271193230
193230
65193231
167193231
271193231
193231
65193232
167193232
271193232
193232
65193233
167193233
271193233
193233
65193234
167193234
271193234
193234
65193235