250
193910
74193914
179193914
289193914
72193915
177193915
287193915
72193916
178193916
286193916
72193917
178193917
287193917
74193918
183193918
287193918
82193919
184193919
290193919
73193920
183193920
288193920
75193921
175193921
291193921
77193922
179193922
288193922
82193923
175193923
291193923
89193924
175193924
287193924
87193925
175193925
287193925
72193926
175193926
289193926
72193927
175193927
290193927
72193928
175193928
288193928
72193929
175193929
289193929
72193930
175193930
287193930
72193931
175193931
286193931
72193932
175193932
286193932
72193933
175193933
289193933
72193934
175193934
291193934
72193935
175193935
287193935
72193936
175193936
286193936
72193937
175193937
289193937
74193938
175193938
291193938
83193939
175193939
288193939
76193940
175193940
289193940
72193941
176193941
286193941
72193942
175193942
286193942
72193943
175193943
286193943
72193944
175193944
289193944
72193945
175193945
285193945
72193946
175193946
285193946
72193947
175193947
286193947
72193948
184193948
285193948
72193949
175193949
287193949
72193950
175193950
288193950
72193951
175193951
286193951
72193952
175193952
288193952
72193953
175193953
289193953
72193954
175193954
286193954
76193955
175193955
291193955
88193956
175193956
286193956
89193957
175193957
287193957
88193958
175193958
287193958
75193959
175193959
289193959
72194000
175194000
287194000
72194001
175194001
286194001
72194002
176194002
289194002
72194003
179194003
290194003
72194004
178194004
287194004
72194005
178194005
287194005
72194006
179194006
286194006
72194007
179194007
286194007
72194008
179194008
287194008
72194009
179194009
287194009
72194010
179194010
290194010
72194011
179194011
287194011
72194012
179194012
287194012
82194013
179194013
287194013
88194014
179194014
287194014
88194015
179194015
287194015
79194016
182194016
289194016
72194017
177194017
286194017
72194018
179194018
288194018
72194019
179194019
288194019
72194020
179194020
288194020
72194021
179194021
286194021
72194022
179194022
291194022
72194023
179194023
290194023
72194024
179194024
286194024
72194025
179194025
286194025
72194026
179194026
287194026
72194027
179194027
286194027
72194028
179194028
288194028
72194029
179194029
286194029
72194030
179194030
287194030
76194031
179194031
289194031
74194032
183194032
291194032
74194033
186194033
249
286194033
74194034
182194034
287194034
79194035
175194035
291194035
79194036
175194036
287194036
82194037
175194037
286194037
82194038
175194038
289194038
87194039
175194039
286194039
72194040
176194040
286194040
72194041
175194041
286194041
72194042
175194042
285194042
72194043
175194043
285194043
72194044
175194044
286194044
72194045
175194045
288194045
72194046
176194046
287194046
72194047
186194047
286194047
72194048
178194048
285194048
72194049
179194049
286194049
72194050
179194050
289194050
72194051
179194051
290194051
73194052
179194052
287194052
74194053
179194053
286194053
74194054
179194054
286194054
74194055
179194055
286194055
74194056
179194056
286194056
74194057
179194057
286194057
74194058
179194058
286194058
73194059
179194059
286194059
74194100
179194100
287194100
74194101
184194101
287194101
74194102
185194102
286194102
74194103
175194103
288194103
74194104
175194104
287194104
74194105
175194105
288194105
74194106
175194106
286194106
74194107
175194107
286194107
74194108
175194108
286194108
81194109
179194109
290194109
85194110
179194110
286194110
72194111
179194111
287194111
72194112
179194112
287194112
72194113
179194113
287194113
73194114
181194114
287194114
72194115
175194115
289194115
72194116
175194116
286194116
72194117
175194117
286194117
72194118
175194118
286194118
72194119
175194119
286194119
72194120
176194120
288194120
72194121
175194121
286194121
72194122
175194122
286194122
73194123
175194123
286194123
72194124
175194124
286194124
72194125
175194125
290194125
72194126
175194126
289194126
72194127
175194127
290194127
72194128
176194128
290194128
72194129
179194129
289194129
72194130
185194130
288194130
72194131
186194131
291194131
73194132
175194132
286194132
74194133
175194133
286194133
74194134
175194134
286194134
74194135
175194135
287194135
75194136
178194136
287194136
82194137
183194137
286194137
77194138
176194138
285194138
72194139
183194139
286194139
72194140
177194140
286194140
72194141
180194141
286194141
73194142
175194142
289194142
75194143
175194143
288194143
79194144
178194144
286194144
82194145
179194145
286194145
85194146
179194146
286194146
72194147
179194147
286194147
72194148
179194148
290194148
72194149
179194149
288194149
72194150
179194150
287194150
72194151
179194151
287194151
72194152
179194152
287194152
72194153
179194153
248
288194153
72194154
179194154
286194154
72194155
179194155
286194155
72194156
179194156
286194156
72194157
179194157
286194157
72194158
179194158
286194158
72194159
179194159
286194159
72194200
179194200
285194200
72194201
179194201
286194201
73194202
179194202
287194202
74194203
179194203
286194203
74194204
179194204
286194204
75194205
179194205
286194205
74194206
179194206
288194206
75194207
179194207
288194207
75194208
179194208
288194208
75194209
179194209
289194209
75194210
179194210
286194210
75194211
179194211
286194211
75194212
181194212
287194212
75194213
179194213
286194213
75194214
179194214
287194214
77194215
179194215
285194215
72194216
179194216
285194216
72194217
179194217
286194217
72194218
179194218
286194218
72194219
179194219
290194219
72194220
179194220
290194220
74194221
179194221
287194221
74194222
179194222
288194222
75194223
179194223
287194223
75194224
179194224
286194224
74194225
179194225
286194225
74194226
178194226
287194226
74194227
184194227
287194227
75194228
185194228
290194228
79194229
180194229
287194229
88194230
175194230
286194230
89194231
175194231
286194231
89194232
175194232
286194232
77194233
175194233
286194233
72194234
175194234
286194234
72194235
175194235
286194235
72194236
175194236
286194236
72194237
175194237
289194237
72194238
175194238
291194238
72194239
175194239
287194239
72194240
175194240
288194240
72194241
177194241
289194241
72194242
179194242
287194242
72194243
179194243
288194243
72194244
179194244
287194244
72194245
179194245
286194245
72194246
179194246
287194246
72194247
179194247
291194247
72194248
179194248
290194248
72194249
179194249
288194249
77194250
182194250
287194250
74194251
175194251
285194251
74194252
175194252
285194252
74194253
182194253
286194253
74194254
180194254
287194254
74194255
184194255
286194255
81194256
184194256
288194256
89194257
184194257
286194257
77194258
185194258
288194258
72194259
175194259
288194259
72194300
175194300
286194300
72194301
175194301
286194301
72194302
175194302
285194302
72194303
175194303
289194303
72194304
175194304
287194304
72194305
176194305
286194305
72194306
175194306
286194306
72194307
175194307
289194307
72194308
175194308
286194308
72194309
175194309
289194309
72194310
177194310
291194310
72194311
179194311
286194311
72194312
179194312
286194312
72194313
179194313
247
286194313
72194314
179194314
291194314
74194315
179194315
287194315
75194316
179194316
287194316
75194317
179194317
289194317
75194318
179194318
286194318
75194319
179194319
286194319
76194320
179194320
287194320
75194321
179194321
286194321
74194322
181194322
286194322
75194323
187194323
286194323
75194324
186194324
286194324
75194325
175194325
286194325
75194326
175194326
286194326
75194327
178194327
286194327
75194328
179194328
286194328
75194329
179194329
286194329
75194330
179194330
287194330
75194331
179194331
287194331
74194332
179194332
290194332
72194333
179194333
290194333
72194334
179194334
288194334
72194335
179194335
286194335
72194336
179194336
286194336
72194337
179194337
286194337
72194338
179194338
288194338
72194339
179194339
287194339
72194340
179194340
286194340
72194341
179194341
286194341
72194342
179194342
288194342
72194343
179194343
287194343
72194344
179194344
286194344
74194345
179194345
288194345
75194346
179194346
286194346
75194347
179194347
286194347
75194348
179194348
287194348
74194349
179194349
286194349
74194350
179194350
286194350
74194351
179194351
286194351
75194352
179194352
286194352
75194353
179194353
287194353
75194354
175194354
288194354
75194355
175194355
288194355
75194356
175194356
287194356
75194357
175194357
286194357
75194358
175194358
286194358
75194359
175194359
286194359
75194400
175194400
286194400
75194401
176194401
286194401
75194402
175194402
286194402
75194403
175194403
286194403
75194404
175194404
286194404
75194405
175194405
289194405
75194406
175194406
288194406
74194407
182194407
289194407
75194408
188194408
286194408
75194409
188194409
286194409
75194410
181194410
286194410
75194411
175194411
286194411
74194412
175194412
286194412
75194413
175194413
287194413
75194414
175194414
286194414
74194415
175194415
286194415
77194416
175194416
286194416
79194417
175194417
286194417
79194418
175194418
287194418
83194419
175194419
287194419
82194420
175194420
286194420
72194421
180194421
289194421
72194422
176194422
286194422
72194423
175194423
287194423
72194424
176194424
289194424
79194425
175194425
287194425
74194426
175194426
287194426
72194427
175194427
286194427
72194428
175194428
286194428
72194429
175194429
286194429
72194430
175194430
287194430
72194431
175194431
286194431
72194432
176194432
287194432
72194433
175194433
246
288194433
72194434
175194434
289194434
72194435
175194435
288194435
72194436
186194436
287194436
72194437
179194437
290194437
72194438
175194438
285194438
72194439
175194439
285194439
72194440
175194440
286194440
72194441
174194441
284194441
72194442
174194442
290194442
81194443
175194443
287194443
87194444
176194444
287194444
79194445
176194445
289194445
72194446
176194446
288194446
72194447
175194447
286194447
72194448
175194448
284194448
72194449
175194449
284194449
72194450
183194450
286194450
72194451
186194451
284194451
71194452
175194452
286194452
71194453
176194453
286194453
73194454
176194454
271194454
73194455
177194455
271194455
67194456
168194456
267194456
71194457
170194457
270194457
70194458
170194458
270194458
70194459
171194459
269194459
70194500
171194500
269194500
71194501
171194501
269194501
70194502
171194502
270194502
70194503
171194503
269194503
70194504
171194504
272194504
71194505
171194505
272194505
70194506
171194506
274194506
70194507
171194507
274194507
70194508
171194508
274194508
70194509
171194509
274194509
70194510
171194510
274194510
70194511
171194511
274194511
70194512
171194512
274194512
70194513
171194513
274194513
70194514
171194514
275194514
71194515
171194515
275194515
70194516
171194516
275194516
71194517
171194517
275194517
70194518
171194518
275194518
70194519
171194519
275194519
70194520
171194520
275194520
70194521
171194521
275194521
70194522
171194522
275194522
70194523
172194523
275194523
70194524
173194524
275194524
71194525
174194525
275194525
71194526
174194526
275194526
71194527
174194527
275194527
71194528
174194528
275194528
71194529
174194529
275194529
70194530
174194530
275194530
71194531
174194531
275194531
71194532
173194532
272194532
71194533
174194533
269194533
71194534
174194534
269194534
71194535
174194535
269194535
71194536
174194536
269194536
71194537
174194537
269194537
71194538
174194538
269194538
71194539
174194539
269194539
70194540
174194540
269194540
71194541
174194541
268194541
71194542
173194542
269194542
71194543
174194543
268194543
71194544
174194544
269194544
71194545
170194545
269194545
73194546
170194546
269194546
73194547
170194547
269194547
70194548
170194548
270194548
70194549
170194549
270194549
70194550
170194550
270194550
70194551
170194551
270194551
71194552
170194552
269194552
70194553
170194553