250
991332,0,-77
991332,2,-86
991332,3,-77
991332,4,-81
991332,5,-79
991332,6,-67
991332,7,-49
1021848,0,-80
1021848,2,-76
1021848,3,-78
1021848,4,-83
1021848,5,-83
1021848,6,-73
1021848,7,-49
1021848,9,-52
1021848,10,-53
1021848,11,-56
1021848,12,-66
1052359,0,-76
1052359,2,-88
1052359,3,-79
1052359,4,-75
1052359,5,-81
1052359,6,-64
1052359,7,-80
1052359,9,-52
1052359,10,-52
1052359,11,-59
1052359,12,-68
1082863,0,-87
1082863,2,-88
1082863,3,-90
1082863,4,-85
1082863,5,-80
1082863,6,-83
1082863,7,-90
1082863,9,-83
1082863,10,-80
1082863,11,-83
1082863,12,-80
1113362,0,-82
1113362,2,-66
1113362,3,-83
1113362,4,-68
1113362,5,-65
1113362,6,-63
1113362,7,-71
1113362,9,-92
1113362,10,-71
1113362,11,-69
1113362,12,-69
1143848,0,-84
1143848,2,-59
1143848,3,-78
1143848,4,-67
1143848,5,-66
1143848,6,-62
1143848,7,-71
1143848,9,-80
1143848,10,-73
1143848,11,-68
1143848,12,-70
1174331,0,-81
1174331,2,-63
1174331,3,-76
1174331,4,-67
1174331,5,-68
1174331,6,-64
1174331,7,-73
1174331,9,-64
1174331,10,-79
1174331,11,-77
1174331,12,-75
1204814,0,-86
1204814,2,-59
1204814,3,-76
1204814,4,-66
1204814,5,-63
1204814,6,-64
1204814,7,-69
249
1204848,9,-64
1204848,10,-74
1204848,11,-74
1204848,12,-76
1235338,0,-78
1235338,2,-59
1235338,3,-77
1235338,4,-67
1235338,5,-67
1235338,6,-63
1235338,7,-70
1235338,9,-56
1235338,12,-70
1265801,0,-83
1265801,2,-67
1265801,3,-78
1265801,4,-67
1265801,5,-64
1265801,6,-63
1265801,7,-70
1265801,9,-67
1265801,11,-96
1265801,12,-72
1296267,0,-78
1296267,2,-59
1296267,3,-76
1296267,4,-67
1296267,5,-68
1296267,6,-67
1296267,7,-70
1296267,9,-58
1296267,11,-96
1296267,12,-73
1326735,0,-77
1326735,2,-62
1326735,3,-76
1326735,4,-69
1326735,5,-64
1326735,6,-63
1326735,7,-70
1326735,9,-64
1326735,12,-70
1357204,0,-83
1357204,2,-62
1357204,3,-78
1357204,4,-69
1357204,5,-64
1357204,6,-63
1357204,7,-70
1357204,9,-64
1357204,12,-70
1387649,0,-77
1387649,2,-59
1387649,3,-80
1387649,4,-67
1387649,5,-64
1387649,6,-63
1387649,7,-70
1387649,9,-58
1387649,12,-75
1418101,0,-81
1418101,2,-67
1418101,3,-77
1418101,4,-69
1418101,5,-64
1418101,6,-63
1418101,7,-70
1418101,9,-67
1418101,12,-75
1448568,0,-83
1448568,2,-63
1448568,3,-82
1448568,4,-67
1448568,5,-64
1448568,6,-63
1448568,7,-70
1448568,9,-67
1448568,12,-81
1479038,0,-79
1479038,2,-67
248
1479072,3,-76
1479072,4,-68
1479072,5,-67
1479072,6,-63
1479072,7,-70
1479072,9,-63
1479072,12,-70
1509550,0,-78
1509550,2,-61
1509550,3,-76
1509550,4,-67
1509550,5,-64
1509550,6,-63
1509550,7,-70
1509550,9,-65
1509550,12,-73
1540010,0,-78
1540010,2,-62
1540010,3,-75
1540010,4,-68
1540010,5,-64
1540010,6,-63
1540010,7,-70
1540010,9,-67
1540010,12,-70
1570474,0,-82
1570474,2,-67
1570474,3,-78
1570474,4,-67
1570474,6,-63
1570474,7,-70
1570474,9,-64
1570474,12,-74
1600933,0,-96
1600933,2,-61
1600933,3,-75
1600933,4,-69
1600933,6,-63
1600933,9,-66
1600933,12,-70
1631377,0,-77
1631377,2,-67
1631377,3,-76
1631377,4,-69
1631377,6,-64
1631377,7,-71
1631377,9,-67
1631377,12,-72
1661828,0,-77
1661828,2,-67
1661828,3,-76
1661828,4,-67
1661828,5,-68
1661828,6,-63
1661828,9,-63
1661828,12,-79
1692280,0,-94
1692280,2,-67
1692280,3,-81
1692280,4,-69
1692280,5,-69
1692280,6,-63
1692280,9,-59
1692280,12,-75
1722730,0,-96
1722730,2,-61
1722730,3,-78
1722730,4,-68
1722730,5,-67
1722730,6,-63
1722730,9,-56
1722730,12,-80
1753188,0,-84
1753188,2,-66
1753188,3,-75
1753188,4,-67
1753188,5,-64
1753188,6,-63
1753188,9,-61
1753188,12,-79
247
1783677,0,-77
1783677,2,-67
1783677,3,-78
1783677,4,-67
1783677,5,-70
1783677,6,-63
1783677,9,-64
1783677,12,-71
1814152,0,-77
1814152,2,-62
1814152,3,-78
1814152,4,-69
1814152,5,-70
1814152,6,-63
1814152,9,-64
1814152,11,-96
1814152,12,-73
1844609,0,-77
1844609,2,-61
1844609,3,-78
1844609,4,-69
1844609,5,-67
1844609,6,-63
1844609,9,-56
1844609,12,-80
1875073,0,-77
1875073,2,-62
1875073,3,-75
1875073,4,-69
1875073,5,-66
1875073,6,-63
1875073,7,-75
1875073,9,-61
1875073,12,-81
1905539,0,-77
1905539,2,-67
1905539,3,-80
1905539,4,-67
1905539,5,-70
1905539,6,-63
1905539,9,-67
1905539,10,-95
1905539,12,-77
1935995,0,-84
1935995,2,-61
1935995,3,-83
1935995,4,-68
1935995,5,-69
1935995,6,-64
1935995,7,-70
1935995,9,-61
1935995,11,-96
1935995,12,-77
1966454,0,-77
1966454,2,-61
1966454,3,-81
1966454,4,-69
1966454,5,-69
1966454,6,-63
1966454,7,-73
1966454,9,-61
1966454,12,-72
1996912,0,-77
1996912,2,-67
1996912,3,-78
1996912,4,-69
1996912,5,-69
1996912,6,-63
1996912,7,-70
1996912,9,-58
1996912,12,-81
2027374,0,-77
2027374,2,-60
2027374,3,-80
2027374,4,-70
2027374,5,-67
2027374,6,-63
2027374,7,-69
2027374,9,-57
2027374,12,-90
246
2057847,0,-77
2057847,2,-60
2057847,3,-77
2057847,4,-67
2057847,5,-70
2057847,6,-63
2057847,7,-72
2057847,9,-58
2088295,0,-76
2088295,2,-59
2088295,3,-75
2088295,4,-67
2088295,5,-68
2088295,6,-64
2088295,7,-70
2088295,9,-66
2088295,11,-96
2118727,0,-77
2118727,2,-61
2118727,3,-77
2118727,4,-70
2118727,5,-66
2118727,6,-66
2118727,7,-74
2118727,9,-56
2118727,10,-96
2118727,11,-96
2149164,0,-77
2149164,2,-62
2149164,3,-77
2149164,4,-66
2149164,5,-68
2149164,6,-63
2149164,7,-68
2149164,9,-65
2149164,10,-91
2179607,0,-78
2179607,2,-59
2179607,3,-80
2179607,4,-67
2179607,5,-64
2179607,6,-64
2179607,7,-70
2179607,9,-56
2179607,10,-94
2179607,11,-76
2210064,0,-81
2210064,2,-59
2210064,3,-80
2210064,4,-66
2210064,5,-68
2210064,7,-73
2210064,9,-58
2210064,10,-94
2210064,11,-95
2240505,0,-79
2240505,2,-59
2240505,3,-77
2240505,4,-67
2240505,5,-64
2240505,6,-64
2240505,7,-68
2240505,9,-67
2240505,10,-93
2270946,0,-85
2270946,2,-59
2270946,3,-81
2270946,4,-67
2270946,5,-66
2270946,6,-63
2270946,7,-70
2270946,9,-61
2270946,10,-83
2301368,0,-92
2301368,2,-59
2301368,3,-83
2301368,4,-67
2301368,5,-68
2301368,6,-65
2301368,7,-73
245
2301402,9,-56
2301402,10,-93
2301402,11,-95
2331858,0,-86
2331858,2,-59
2331858,3,-79
2331858,4,-67
2331858,5,-67
2331858,6,-64
2331858,7,-70
2331858,9,-64
2331858,10,-91
2362259,0,-81
2362259,2,-59
2362259,3,-84
2362259,4,-67
2362259,5,-63
2362259,7,-70
2362259,9,-58
2362259,10,-87
2362259,11,-96
2392694,0,-77
2392694,2,-62
2392694,3,-80
2392694,4,-66
2392694,5,-66
2392694,7,-75
2392694,9,-56
2392694,10,-78
2392694,11,-96
2423134,0,-86
2423134,2,-59
2423134,3,-85
2423134,4,-66
2423134,5,-69
2423134,7,-71
2423134,9,-67
2423134,10,-90
2423134,11,-96
2453591,0,-88
2453591,3,-78
2453591,4,-67
2453591,5,-66
2453591,7,-69
2453591,9,-64
2453591,10,-84
2484033,0,-74
2484033,3,-83
2484033,4,-66
2484033,5,-68
2484033,7,-72
2484033,9,-56
2484033,10,-77
2484033,11,-96
2514481,0,-92
2514481,2,-60
2514481,3,-81
2514481,4,-67
2514481,5,-63
2514481,7,-75
2514481,9,-57
2514481,10,-87
2514481,11,-96
2544907,0,-93
2544907,3,-81
2544907,4,-68
2544907,5,-67
2544907,7,-72
2544907,9,-65
2544907,10,-81
2544907,11,-94
2575325,0,-96
2575325,3,-81
2575325,4,-67
2575325,5,-63
2575325,6,-67
2575325,7,-73
2575325,9,-57
2575325,10,-82
2575325,11,-95
244
2605767,0,-96
2605767,3,-85
2605767,4,-66
2605767,5,-67
2605767,6,-65
2605767,7,-73
2605767,9,-58
2605767,10,-90
2605767,11,-91
2636180,2,-69
2636180,3,-79
2636180,4,-66
2636180,5,-64
2636180,6,-66
2636180,7,-73
2636180,9,-65
2636180,10,-85
2666581,0,-86
2666581,3,-96
2666581,4,-67
2666581,5,-64
2666581,7,-75
2666581,9,-63
2666581,10,-94
2696983,2,-64
2696983,4,-66
2696983,5,-64
2696983,6,-65
2696983,7,-77
2696983,9,-63
2696983,10,-76
2727384,0,-93
2727384,2,-61
2727384,4,-66
2727384,5,-64
2727384,6,-68
2727384,7,-75
2727384,9,-59
2727384,10,-81
2727384,11,-96
2757796,0,-89
2757796,2,-66
2757796,4,-67
2757796,5,-67
2757796,6,-63
2757796,7,-76
2757796,9,-56
2757796,10,-91
2757796,11,-90
2788196,0,-74
2788196,2,-63
2788196,4,-67
2788196,5,-65
2788196,6,-63
2788196,7,-78
2788196,9,-63
2788196,10,-80
2788196,11,-84
2818608,0,-91
2818608,2,-62
2818608,4,-67
2818608,5,-70
2818608,6,-69
2818608,7,-79
2818608,9,-57
2818608,10,-82
2818608,11,-92
2849010,0,-84
2849010,2,-61
2849010,4,-67
2849010,5,-67
2849010,6,-69
2849010,7,-79
2849010,9,-65
2849010,10,-87
2849010,11,-78
2879386,0,-91
2879386,2,-67
2879386,4,-66
2879386,5,-66
243
2879420,6,-69
2879420,7,-80
2879420,9,-60
2879420,10,-92
2879420,11,-93
2909818,0,-94
2909818,2,-64
2909818,4,-65
2909818,5,-67
2909818,6,-67
2909818,7,-71
2909818,9,-61
2909818,10,-96
2940205,0,-96
2940205,2,-58
2940205,4,-68
2940205,5,-69
2940205,6,-67
2940205,7,-72
2940205,9,-65
2940205,10,-80
2940205,11,-96
2970613,0,-94
2970613,2,-62
2970613,4,-87
2970613,5,-68
2970613,6,-63
2970613,7,-73
2970613,9,-58
2970613,10,-83
3001013,0,-82
3001013,2,-68
3001013,4,-81
3001013,5,-66
3001013,6,-64
3001013,7,-73
3001013,9,-60
3001013,10,-91
3001013,11,-96
3031398,0,-92
3031398,2,-68
3031398,5,-67
3031398,6,-65
3031398,7,-73
3031398,9,-59
3031398,10,-94
3061794,0,-89
3061794,2,-62
3061794,5,-67
3061794,6,-64
3061794,7,-73
3061794,9,-58
3061794,10,-84
3092208,0,-80
3092208,2,-69
3092208,5,-66
3092208,6,-63
3092208,7,-73
3092208,9,-57
3092208,10,-94
3092208,11,-96
3122615,0,-95
3122615,2,-62
3122615,5,-65
3122615,6,-63
3122615,7,-73
3122615,9,-59
3122615,10,-93
3122615,11,-87
3153024,0,-73
3153024,2,-62
3153024,5,-67
3153024,6,-62
3153024,7,-68
3153024,9,-57
3153024,10,-85
3183430,0,-78
3183430,2,-61
3183430,5,-67
3183430,6,-62
242
3183464,7,-72
3183464,9,-58
3183464,10,-80
3183464,11,-91
3213880,0,-75
3213880,2,-63
3213880,5,-70
3213880,6,-86
3213880,7,-68
3213880,9,-63
3213880,10,-82
3213880,11,-89
3244296,0,-92
3244296,2,-69
3244296,4,-90
3244296,5,-68
3244296,6,-94
3244296,7,-66
3244296,9,-84
3244296,10,-92
3274690,0,-84
3274690,2,-68
3274690,4,-96
3274690,5,-67
3274690,6,-85
3274690,7,-66
3274690,10,-93
3305076,0,-84
3305076,2,-66
3305076,4,-91
3305076,5,-70
3305076,6,-91
3305076,7,-66
3305076,10,-91
3335480,0,-94
3335480,2,-68
3335480,4,-96
3335480,5,-69
3335480,6,-88
3335480,7,-66
3335480,10,-81
3365858,0,-96
3365858,2,-68
3365858,4,-92
3365858,5,-71
3365858,6,-93
3365858,7,-69
3365858,10,-96
3396220,2,-69
3396220,4,-94
3396220,5,-68
3396220,6,-91
3396220,7,-66
3426582,0,-96
3426582,2,-64
3426582,4,-78
3426582,5,-71
3426582,6,-90
3426582,7,-68
3456945,2,-66
3456945,4,-90
3456945,5,-73
3456945,6,-89
3456945,7,-67
3456945,10,-94
3487310,0,-94
3487310,2,-65
3487310,3,-86
3487310,4,-88
3487310,5,-67
3487310,6,-92
3487310,7,-67
3487310,10,-91
3487310,11,-96
3517683,0,-95
3517683,2,-65
3517683,3,-96
3517683,5,-70
3517683,6,-87
3517683,7,-69
241
3517717,11,-96
3548097,2,-68
3548097,5,-66
3548097,6,-87
3548097,7,-83
3548097,11,-96
3578486,2,-68
3578486,5,-67
3578486,7,-82
3608844,2,-65
3608844,4,-96
3608844,5,-70
3608844,7,-96
3639223,0,-96
3639223,2,-65
3639223,5,-70
3639223,7,-86
3669582,0,-96
3669582,2,-63
3669582,3,-96
3669582,5,-70
3669582,7,-92
3669582,11,-80
3699980,2,-65
3699980,3,-78
3699980,5,-70
3699980,7,-83
3699980,10,-87
3699980,11,-93
3730377,2,-68
3730377,3,-89
3730377,5,-70
3730377,7,-87
3730377,10,-96
3730377,11,-95
3760753,2,-66
3760753,3,-96
3760753,5,-69
3760753,7,-95
3760753,11,-96
3791108,0,-96
3791108,2,-68
3791108,3,-96
3791108,5,-68
3791108,7,-93
3821466,0,-96
3821466,2,-69
3821466,5,-71
3821466,7,-94
3821466,11,-95
3851829,0,-96
3851829,2,-68
3851829,5,-71
3851829,7,-88
3851829,10,-94
3882194,0,-96
3882194,2,-65
3882194,3,-96
3882194,5,-70
3882194,7,-82
3882194,10,-91
3882194,11,-94
3912557,0,-95
3912557,2,-66
3912557,3,-95
3912557,5,-69
3912557,7,-89
3912557,10,-96
3942920,0,-95
3942920,2,-63
3942920,5,-67
3942920,7,-96
3942920,10,-96
3973273,0,-95
3973273,2,-64
3973273,5,-84
3973273,7,-93
3973273,10,-96
4003626,0,-96
4003626,2,-62
240
4033989,2,-68
4033989,5,-95
4033989,7,-96
4033989,11,-96
4064346,2,-66
4064346,5,-95
4094676,2,-67
4125005,2,-66
4125005,11,-96
4155335,2,-66
4155335,11,-95
4185663,0,-96
4185663,2,-66
4215993,0,-95
4215993,2,-68
4246321,0,-96
4246321,2,-66
4246321,3,-96
4276651,0,-96
4276651,2,-64
4276651,3,-94
4276651,10,-94
4306988,0,-96
4306988,2,-66
4306988,3,-94
4306988,10,-96
4337317,0,-96
4337317,2,-67
4337317,3,-95
4367661,0,-96
4367661,2,-66
4367661,3,-95
4367661,7,-93
4367661,10,-96
4367661,11,-96
4398003,0,-96
4398003,2,-66
4398003,3,-95
4398003,7,-83
4428355,0,-96
4428355,2,-68
4428355,3,-96
4428355,7,-95
4428355,10,-89
4428355,11,-96
4458706,2,-67
4458706,3,-89
4458706,7,-95
4458706,10,-95
4489038,2,-64
4489038,3,-90
4489038,7,-96
4519372,2,-82
4519372,4,-96
4519372,6,-96
4519372,7,-96
4549700,0,-96
4549700,2,-81
4549700,7,-95
4580029,2,-73
4580029,4,-96
4580029,7,-92
4610380,0,-96
4610380,2,-95
4610380,7,-94
4640706,0,-96
4640706,2,-90
4671034,0,-96
4671034,2,-93
4701361,0,-96
4701361,2,-86
4701361,4,-87
4701361,7,-93
4731723,0,-96
4731723,2,-82
4731723,3,-96
4731723,4,-93
4731723,7,-91
4762084,2,-73
4762084,3,-96
239
4762118,6,-96
4762118,7,-93
4762118,10,-90
4792466,0,-96
4792466,2,-83
4792466,4,-96
4792466,10,-91
4792466,11,-96
4822812,2,-88
4822812,3,-94
4822812,10,-92
4853149,2,-80
4853149,3,-94
4853149,10,-90
4883491,2,-96
4883491,10,-87
4883491,11,-96
4913819,3,-94
4913819,7,-95
4913819,10,-87
4944146,0,-94
4944146,7,-91
4944146,10,-91
4974473,0,-96
4974473,3,-95
4974473,10,-88
5004801,3,-94
5004801,4,-96
5004801,6,-85
5004801,10,-90
5004801,11,-96
5035168,0,-86
5035168,3,-96
5035168,4,-86
5035168,6,-86
5035168,10,-95
5035168,11,-96
5065521,0,-84
5065521,3,-96
5065521,4,-91
5065521,6,-89
5065521,10,-96
5065521,11,-94
5095874,0,-87
5095874,2,-96
5095874,4,-93
5095874,6,-96
5095874,10,-93
5095874,11,-96
5126223,0,-94
5126223,10,-85
5126223,11,-95
5156551,0,-96
5156551,10,-90
5156551,11,-96
5186879,0,-95
5186879,10,-92
5217208,10,-92
5247534,6,-96
5247534,10,-93
5277842,0,-96
5277842,11,-96
5308146,0,-96
5308146,10,-96
5338451,0,-96
5338451,4,-96
5338451,11,-96
5368762,0,-96
5399071,0,-95
5429377,0,-93
5459682,4,-96
5550607,2,-95
5550607,4,-94
5580911,2,-93
5580911,6,-96
5611214,2,-95
5611214,4,-95
5611214,6,-96
5641481,0,-96
5641481,2,-96
238
5641515,6,-95
5671830,4,-96
5671830,6,-95
5702133,2,-95
5702133,4,-96
5702133,6,-96
5732445,2,-90
5732445,4,-95
5732445,10,-95
5762767,2,-95
5762767,4,-96
5793080,4,-95
5793080,10,-96
5823386,2,-94
5853698,2,-96
5914313,4,-94
5944625,0,-90
5974931,4,-94
6005236,7,-96
6035545,0,-96
6035545,4,-94
6096156,0,-93
6126461,7,-96
6156766,0,-89
6187091,0,-96
6187091,11,-96
6217400,0,-95
6217400,2,-93
6217400,11,-95
6247730,0,-93
6278035,11,-96
6308340,0,-93
6308340,11,-96
6368953,0,-89
6368953,7,-96
6399280,0,-96
6429584,0,-96
6429584,2,-96
6459891,0,-94
6459891,4,-75
6490221,0,-96
6520545,0,-96
6520545,4,-96
6520545,7,-96
6550850,0,-96
6581154,0,-96
6581154,7,-96
6611475,0,-93
6641789,0,-96
6641789,2,-95
6672085,0,-89
6672085,2,-96
6702389,0,-96
6702389,2,-96
6732713,0,-94
6732713,2,-96
6763019,0,-96
6793325,0,-95
6823633,0,-92
6823633,7,-96
6853938,0,-96
6884264,0,-94
6975180,4,-96
6975180,7,-96
7035792,2,-95
7066097,2,-96
7066097,4,-96
7096402,4,-96
7157013,2,-96
7187319,4,-95
7217629,2,-96
7217629,4,-96
7217629,7,-96
7247934,2,-94
7247934,4,-96
7308545,4,-96
7308545,7,-67
7338874,4,-96
7338874,7,-84
7369203,4,-96
237
7399541,4,-94
7399541,7,-93
7429865,4,-96
7429865,7,-95
7520782,2,-96
7520782,7,-95
7581393,7,-95
7611707,7,-96
7642011,4,-96
7642011,7,-96
7672316,7,-95
7732928,7,-88
7763257,7,-91
7793565,4,-96
7793565,7,-93
7823871,7,-95
7854191,4,-96
7884496,7,-95
7914805,4,-96
7914805,7,-84
7945134,4,-96
7945134,7,-92
7975459,4,-96
7975459,7,-94
8005787,7,-96
8036094,7,-96
8066407,7,-79
8187648,4,-94
8217883,4,-92
8248189,4,-96
8278496,4,-96
8339107,4,-96
8339107,7,-96
8369412,7,-96
8399735,4,-96
8430039,4,-94
8430039,7,-96
8460346,4,-91
8490671,4,-95
8490671,7,-94
8521004,4,-94
8521004,7,-88
8551334,4,-95
8551334,7,-75
8581664,7,-70
8611992,4,-96
8611992,7,-69
8642321,7,-73
8672651,4,-89
8672651,7,-73
8702989,4,-74
8702989,7,-69
8733341,4,-75
8733341,7,-69
8763693,4,-75
8763693,7,-69
8794046,4,-75
8794046,7,-72
8824400,4,-75
8824400,7,-69
8854754,4,-76
8854754,7,-69
8885107,4,-75
8885107,7,-69
8915461,4,-75
8915461,7,-69
8945814,4,-70
8945814,7,-73
8976168,4,-75
8976168,7,-68
9006520,4,-75
9006520,7,-69
9036874,4,-75
9036874,7,-68
9067227,4,-75
9067227,7,-69
9097580,4,-77
9097580,7,-68
9127933,4,-69
9127933,7,-70
236
9158320,4,-74
9158320,7,-73
9188683,4,-73
9188683,7,-69
9219036,4,-73
9219036,7,-68
9249388,4,-70
9249388,7,-69
9279740,4,-77
9279740,7,-69
9310091,4,-73
9310091,7,-72
9340443,4,-70
9340443,7,-68
9370795,4,-77
9370795,7,-68
9401146,4,-77
9401146,7,-69
9431497,4,-77
9431497,7,-68
9461848,4,-75
9461848,7,-72
9492199,4,-70
9492199,7,-68
9522550,4,-70
9522550,7,-68
9552900,4,-70
9552900,7,-71
9583251,4,-70
9583251,7,-68
9613601,4,-76
9613601,7,-72
9643951,4,-75
9643951,7,-68
9674302,4,-77
9674302,7,-69
9704652,4,-75
9704652,7,-68
9735002,4,-76
9735002,7,-72
9765351,4,-75
9765351,7,-68
9795701,4,-77
9795701,7,-68
9826051,4,-77
9826051,7,-68
9856400,4,-76
9856400,7,-71
9886749,4,-75
9886749,7,-69
9917097,4,-74
9917097,7,-72
9947446,4,-74
9947446,7,-72
9977794,4,-75
9977794,7,-71
10008142,4,-75
10008142,7,-68
10038490,4,-70
10038490,7,-68
10068837,4,-70
10068837,7,-69
10099185,4,-77
10099185,7,-68
10129532,4,-75
10129532,7,-72
10159879,4,-75
10159879,7,-68
10190226,4,-74
10190226,7,-71
10220572,4,-75
10220572,7,-72
10250919,4,-75
10250919,7,-72
10281266,4,-75
10281266,7,-69
10311612,4,-74
10311612,7,-68
10341957,4,-74
10341957,7,-72
235