10000,0,-128
10000,1,-86
10000,2,-91
10000,3,-90
10000,4,-88
10000,5,-87
10000,6,-86
10000,7,-92
30037,0,-128
30037,1,-1250
10000,0,-128
10000,1,-86
10000,2,-91
10000,3,-90
10000,4,-88
10000,5,-87
10000,6,-86
10000,7,-92
30037,0,-128
30037,1,-80
30037,2,-93
30037,3,-92
30037,4,-93
30037,5,-90
30037,6,-80
30037,7,-89
50058,0,-128
50058,1,-80
50058,2,-78
50058,3,-74
50058,4,-89
50058,5,-82
50058,6,-84
50058,7,-73
70079,0,-128
70079,1,-77
70079,2,-80
70079,3,-79
70079,4,-85
70079,5,-80
70079,6,-80
70079,7,-88
90100,0,-128
90100,1,-73
90100,2,-80
90100,3,-70
90100,4,-81
90100,5,-79
90100,6,-80
90100,7,-81
110121,0,-128
110121,1,-74
110121,2,-78
110121,3,-71
110121,4,-77
110121,5,-80
110121,6,-81
110121,7,-71
130142,0,-128
130142,1,-79
130142,2,-80
130142,3,-74
130142,4,-78
130142,5,-70
130142,6,-79
130142,7,-80
150163,0,-128
150163,1,-83
150163,2,-77
150163,3,-77
150163,4,-88
150163,5,-76
150163,6,-81
150163,7,-79
170184,0,-128
170184,1,-76
170184,2,-77
170184,3,-77
170184,4,-78
170184,5,-80
170184,6,-79
170184,7,-75
190205,0,-128
190205,1,-72
190205,2,-78
190205,3,-78
190205,4,-78
190205,5,-69
190205,6,-81
190205,7,-77
249
210259,0,-128
210259,1,-89
210259,2,-75
210259,3,-78
210259,4,-80
210259,5,-78
210259,6,-80
210259,7,-74
230280,0,-128
230280,1,-78
230280,2,-79
230280,3,-76
230280,4,-81
230280,5,-76
230280,6,-79
230280,7,-74
250301,0,-128
250301,1,-81
250301,2,-82
250301,3,-71
250301,4,-83
250301,5,-76
250301,6,-78
250301,7,-77
270322,0,-128
270322,1,-76
270322,2,-77
270322,3,-72
270322,4,-85
270322,5,-72
270322,6,-78
270322,7,-73
290343,0,-128
290343,1,-74
290343,2,-76
290343,3,-72
290343,4,-77
290343,5,-71
290343,6,-79
290343,7,-72
310364,0,-128
310364,1,-75
310364,2,-75
310364,3,-77
310364,4,-81
310364,5,-74
310364,6,-80
310364,7,-79
330385,0,-128
330385,1,-77
330385,2,-77
330385,3,-79
330385,4,-81
330385,5,-79
330385,6,-78
330385,7,-77
350406,0,-128
350406,1,-79
350406,2,-78
350406,3,-77
350406,4,-77
350406,5,-71
350406,6,-79
350406,7,-71
370427,0,-128
370427,1,-79
370427,2,-79
370427,3,-76
370427,4,-78
370427,5,-76
370427,6,-81
370427,7,-77
390448,0,-128
390448,1,-76
390448,2,-78
390448,3,-73
390448,4,-82
390448,5,-77
390448,6,-83
390448,7,-76
248
410503,0,-128
410503,1,-75
410503,2,-79
410503,3,-79
410503,4,-78
410503,5,-76
410503,6,-90
410503,7,-76
430524,0,-128
430524,1,-83
430524,2,-80
430524,3,-78
430524,4,-85
430524,5,-73
430524,6,-79
430524,7,-78
450545,0,-128
450545,1,-75
450545,2,-78
450545,3,-82
450545,4,-80
450545,5,-73
450545,6,-81
450545,7,-71
470566,0,-128
470566,1,-76
470566,2,-78
470566,3,-75
470566,4,-82
470566,5,-74
470566,6,-78
470566,7,-84
490587,0,-128
490587,1,-77
490587,2,-77
490587,3,-72
490587,4,-76
490587,5,-76
490587,6,-79
490587,7,-75
510608,0,-128
510608,1,-79
510608,2,-78
510608,3,-72
510608,4,-87
510608,5,-78
510608,6,-79
510608,7,-74
530629,0,-128
530629,1,-86
530629,2,-76
530629,3,-74
530629,4,-91
530629,5,-74
530629,6,-78
530629,7,-91
550650,0,-128
550650,1,-72
550650,2,-76
550650,3,-75
550650,4,-93
550650,5,-75
550650,6,-78
550650,7,-94
570671,0,-128
570671,1,-79
570671,2,-77
570671,3,-71
570671,4,-94
570671,5,-76
570671,6,-78
570671,7,-94
590692,0,-128
590692,1,-74
590692,2,-81
590692,3,-81
590692,4,-93
590692,5,-79
590692,6,-79
590692,7,-94
247
610747,0,-128
610747,1,-75
610747,2,-78
610747,3,-71
610747,4,-90
610747,5,-78
610747,6,-77
610747,7,-128
630768,0,-128
630768,1,-78
630768,2,-77
630768,3,-73
630768,4,-90
630768,5,-69
630768,6,-79
630768,7,-128
650789,0,-128
650789,1,-73
650789,2,-78
650789,3,-73
650789,4,-86
650789,5,-79
650789,6,-79
650789,7,-128
670810,0,-128
670810,1,-76
670810,2,-78
670810,3,-81
670810,4,-89
670810,5,-71
670810,6,-79
670810,7,-128
690831,0,-128
690831,1,-78
690831,2,-79
690831,3,-76
690831,4,-91
690831,5,-70
690831,6,-79
690831,7,-128
710852,0,-128
710852,1,-82
710852,2,-78
710852,3,-75
710852,4,-94
710852,5,-80
710852,6,-78
710852,7,-94
730873,0,-128
730873,1,-72
730873,2,-76
730873,3,-77
730873,4,-128
730873,5,-79
730873,6,-77
730873,7,-128
750894,0,-128
750894,1,-80
750894,2,-78
750894,3,-72
750894,4,-88
750894,5,-80
750894,6,-77
750894,7,-128
770915,0,-128
770915,1,-72
770915,2,-76
770915,3,-75
770915,4,-90
770915,5,-80
770915,6,-77
770915,7,-94
790936,0,-128
790936,1,-74
790936,2,-79
790936,3,-71
790936,4,-91
790936,5,-68
790936,6,-78
790936,7,-128
246
810990,0,-128
810990,1,-77
810990,2,-76
810990,3,-71
810990,4,-94
810990,5,-69
810990,6,-82
810990,7,-81
831011,0,-128
831011,1,-75
831011,2,-79
831011,3,-70
831011,4,-94
831011,5,-72
831011,6,-79
831011,7,-128
851032,0,-128
851032,1,-76
851032,2,-76
851032,3,-71
851032,4,-94
851032,5,-76
851032,6,-89
851032,7,-128
871053,0,-128
871053,1,-76
871053,2,-78
871053,3,-73
871053,4,-93
871053,5,-78
871053,6,-81
871053,7,-94
891074,0,-128
891074,1,-73
891074,2,-78
891074,3,-72
891074,4,-94
891074,5,-73
891074,6,-78
891074,7,-128
911095,0,-128
911095,1,-72
911095,2,-77
911095,3,-74
911095,4,-94
911095,5,-71
911095,6,-79
911095,7,-128
931116,0,-128
931116,1,-80
931116,2,-76
931116,3,-77
931116,4,-94
931116,5,-75
931116,6,-79
931116,7,-128
951137,0,-128
951137,1,-71
951137,2,-77
951137,3,-79
951137,4,-94
951137,5,-72
951137,6,-85
951137,7,-128
971158,0,-128
971158,1,-75
971158,2,-79
971158,3,-76
971158,4,-94
971158,5,-71
971158,6,-83
971158,7,-128
991179,0,-128
991179,1,-88
991179,2,-76
991179,3,-72
991179,4,-94
991179,5,-69
991179,6,-80
991179,7,-128
245
1011233,0,-128
1011233,1,-79
1011233,2,-77
1011233,3,-79
1011233,4,-128
1011233,5,-77
1011233,6,-79
1011233,7,-128
1031254,0,-128
1031254,1,-79
1031254,2,-76
1031254,3,-75
1031254,4,-94
1031254,5,-76
1031254,6,-77
1031254,7,-128
1051275,0,-128
1051275,1,-75
1051275,2,-76
1051275,3,-73
1051275,4,-93
1051275,5,-72
1051275,6,-78
1051275,7,-128
1071296,0,-128
1071296,1,-79
1071296,2,-77
1071296,3,-75
1071296,4,-94
1071296,5,-76
1071296,6,-77
1071296,7,-128
1091317,0,-128
1091317,1,-73
1091317,2,-75
1091317,3,-78
1091317,4,-94
1091317,5,-70
1091317,6,-80
1091317,7,-94
1111338,0,-128
1111338,1,-80
1111338,2,-75
1111338,3,-80
1111338,4,-93
1111338,5,-76
1111338,6,-78
1111338,7,-128
1131359,0,-128
1131359,1,-77
1131359,2,-76
1131359,3,-80
1131359,4,-128
1131359,5,-77
1131359,6,-77
1131359,7,-128
1151380,0,-128
1151380,1,-76
1151380,2,-75
1151380,3,-77
1151380,4,-94
1151380,5,-70
1151380,6,-80
1151380,7,-128
1171401,0,-128
1171401,1,-82
1171401,2,-75
1171401,3,-73
1171401,4,-94
1171401,5,-75
1171401,6,-78
1171401,7,-128
1191422,0,-128
1191422,1,-80
1191422,2,-74
1191422,3,-72
1191422,4,-94
1191422,5,-71
1191422,6,-78
1191422,7,-128
244
1211476,0,-128
1211476,1,-77
1211476,2,-74
1211476,3,-75
1211476,4,-94
1211476,5,-88
1211476,6,-81
1211476,7,-128
1231497,0,-128
1231497,1,-79
1231497,2,-77
1231497,3,-76
1231497,4,-94
1231497,5,-88
1231497,6,-79
1231497,7,-128
1251518,0,-128
1251518,1,-77
1251518,2,-75
1251518,3,-77
1251518,4,-91
1251518,5,-91
1251518,6,-79
1251518,7,-128
1271539,0,-128
1271539,1,-82
1271539,2,-80
1271539,3,-74
1271539,4,-94
1271539,5,-94
1271539,6,-80
1271539,7,-128
1291560,0,-128
1291560,1,-76
1291560,2,-74
1291560,3,-74
1291560,4,-94
1291560,5,-128
1291560,6,-82
1291560,7,-128
1311581,0,-128
1311581,1,-83
1311581,2,-78
1311581,3,-74
1311581,4,-94
1311581,5,-128
1311581,6,-70
1311581,7,-94
1331602,0,-128
1331602,1,-77
1331602,2,-78
1331602,3,-73
1331602,4,-94
1331602,5,-128
1331602,6,-75
1331602,7,-128
1351623,0,-128
1351623,1,-77
1351623,2,-79
1351623,3,-74
1351623,4,-94
1351623,5,-90
1351623,6,-79
1351623,7,-128
1371644,0,-128
1371644,1,-83
1371644,2,-76
1371644,3,-73
1371644,4,-128
1371644,5,-128
1371644,6,-82
1371644,7,-128
1391665,0,-128
1391665,1,-84
1391665,2,-80
1391665,3,-84
1391665,4,-94
1391665,5,-128
1391665,6,-87
1391665,7,-94
243
1411720,0,-128
1411720,1,-84
1411720,2,-81
1411720,3,-80
1411720,4,-128
1411720,5,-128
1411720,6,-93
1411720,7,-94
1431741,0,-128
1431741,1,-89
1431741,2,-83
1431741,3,-90
1431741,4,-94
1431741,5,-128
1431741,6,-93
1431741,7,-128
1451762,0,-128
1451762,1,-90
1451762,2,-79
1451762,3,-92
1451762,4,-89
1451762,5,-128
1451762,6,-94
1451762,7,-128
1471783,0,-128
1471783,1,-89
1471783,2,-82
1471783,3,-92
1471783,4,-92
1471783,5,-128
1471783,6,-93
1471783,7,-128
1491804,0,-128
1491804,1,-88
1491804,2,-84
1491804,3,-93
1491804,4,-90
1491804,5,-128
1491804,6,-94
1491804,7,-128
1511825,0,-128
1511825,1,-85
1511825,2,-78
1511825,3,-94
1511825,4,-88
1511825,5,-128
1511825,6,-94
1511825,7,-128
1531846,0,-128
1531846,1,-89
1531846,2,-79
1531846,3,-94
1531846,4,-128
1531846,5,-128
1531846,6,-93
1531846,7,-128
1551867,0,-128
1551867,1,-85
1551867,2,-78
1551867,3,-94
1551867,4,-128
1551867,5,-128
1551867,6,-94
1551867,7,-128
1571888,0,-128
1571888,1,-85
1571888,2,-77
1571888,3,-128
1571888,4,-128
1571888,5,-128
1571888,6,-94
1571888,7,-128
1591909,0,-128
1591909,1,-82
1591909,2,-79
1591909,3,-128
1591909,4,-128
1591909,5,-128
1591909,6,-92
1591909,7,-128
242
1611964,0,-128
1611964,1,-88
1611964,2,-85
1611964,3,-128
1611964,4,-94
1611964,5,-128
1611964,6,-94
1611964,7,-94
1631985,0,-128
1631985,1,-89
1631985,2,-79
1631985,3,-128
1631985,4,-94
1631985,5,-94
1631985,6,-92
1631985,7,-128
1652006,0,-128
1652006,1,-83
1652006,2,-80
1652006,3,-128
1652006,4,-94
1652006,5,-128
1652006,6,-92
1652006,7,-128
1672027,0,-128
1672027,1,-88
1672027,2,-82
1672027,3,-128
1672027,4,-128
1672027,5,-128
1672027,6,-93
1672027,7,-128
1692048,0,-128
1692048,1,-86
1692048,2,-80
1692048,3,-128
1692048,4,-128
1692048,5,-128
1692048,6,-94
1692048,7,-128
1712069,0,-128
1712069,1,-84
1712069,2,-86
1712069,3,-128
1712069,4,-128
1712069,5,-92
1712069,6,-80
1712069,7,-94
1732090,0,-128
1732090,1,-91
1732090,2,-86
1732090,3,-94
1732090,4,-128
1732090,5,-94
1732090,6,-89
1732090,7,-128
1752111,0,-128
1752111,1,-93
1752111,2,-83
1752111,3,-128
1752111,4,-94
1752111,5,-94
1752111,6,-90
1752111,7,-128
1772132,0,-128
1772132,1,-94
1772132,2,-85
1772132,3,-128
1772132,4,-128
1772132,5,-94
1772132,6,-87
1772132,7,-128
1792153,0,-128
1792153,1,-94
1792153,2,-84
1792153,3,-128
1792153,4,-128
1792153,5,-128
1792153,6,-85
1792153,7,-128
241
1812208,0,-128
1812208,1,-92
1812208,2,-91
1812208,3,-128
1812208,4,-128
1812208,5,-94
1812208,6,-89
1812208,7,-128
1832229,0,-128
1832229,1,-88
1832229,2,-94
1832229,3,-128
1832229,4,-94
1832229,5,-128
1832229,6,-90
1832229,7,-128
1852250,0,-128
1852250,1,-128
1852250,2,-94
1852250,3,-128
1852250,4,-128
1852250,5,-128
1852250,6,-80
1852250,7,-128
1872271,0,-128
1872271,1,-94
1872271,2,-92
1872271,3,-128
1872271,4,-94
1872271,5,-94
1872271,6,-90
1872271,7,-128
1892292,0,-128
1892292,1,-94
1892292,2,-94
1892292,3,-128
1892292,4,-128
1892292,5,-128
1892292,6,-90
1892292,7,-128
1912313,0,-128
1912313,1,-128
1912313,2,-92
1912313,3,-128
1912313,4,-128
1912313,5,-94
1912313,6,-128
1912313,7,-128
1932334,0,-128
1932334,1,-128
1932334,2,-84
1932334,3,-128
1932334,4,-128
1932334,5,-94
1932334,6,-92
1932334,7,-128
1952355,0,-128
1952355,1,-128
1952355,2,-90
1952355,3,-128
1952355,4,-128
1952355,5,-94
1952355,6,-94
1952355,7,-128
1972376,0,-128
1972376,1,-128
1972376,2,-92
1972376,3,-128
1972376,4,-128
1972376,5,-128
1972376,6,-94
1972376,7,-128
1992397,0,-128
1992397,1,-128
1992397,2,-89
1992397,3,-128
1992397,4,-128
1992397,5,-128
1992397,6,-94
1992397,7,-128
240
2012452,0,-128
2012452,1,-128
2012452,2,-128
2012452,3,-128
2012452,4,-128
2012452,5,-128
2012452,6,-94
2012452,7,-128
2032473,0,-128
2032473,1,-128
2032473,2,-128
2032473,3,-128
2032473,4,-128
2032473,5,-128
2032473,6,-90
2032473,7,-128
2052494,0,-128
2052494,1,-128
2052494,2,-128
2052494,3,-128
2052494,4,-128
2052494,5,-128
2052494,6,-90
2052494,7,-128
2072515,0,-128
2072515,1,-94
2072515,2,-128
2072515,3,-128
2072515,4,-128
2072515,5,-128
2072515,6,-128
2072515,7,-128
2092536,0,-128
2092536,1,-93
2092536,2,-128
2092536,3,-128
2092536,4,-128
2092536,5,-128
2092536,6,-128
2092536,7,-128
2112557,0,-128
2112557,1,-94
2112557,2,-128
2112557,3,-94
2112557,4,-128
2112557,5,-128
2112557,6,-128
2112557,7,-128
2132578,0,-128
2132578,1,-94
2132578,2,-128
2132578,3,-128
2132578,4,-128
2132578,5,-128
2132578,6,-128
2132578,7,-128
2152599,0,-128
2152599,1,-93
2152599,2,-128
2152599,3,-93
2152599,4,-128
2152599,5,-128
2152599,6,-128
2152599,7,-128
2172620,0,-128
2172620,1,-93
2172620,2,-128
2172620,3,-94
2172620,4,-128
2172620,5,-128
2172620,6,-128
2172620,7,-128
2192641,0,-128
2192641,1,-94
2192641,2,-128
2192641,3,-94
2192641,4,-128
2192641,5,-128
2192641,6,-128
2192641,7,-128
239
2212696,0,-128
2212696,1,-93
2212696,2,-128
2212696,3,-94
2212696,4,-128
2212696,5,-128
2212696,6,-128
2212696,7,-94
2232717,0,-128
2232717,1,-94
2232717,2,-128
2232717,3,-94
2232717,4,-94
2232717,5,-128
2232717,6,-128
2232717,7,-128
2252738,0,-128
2252738,1,-94
2252738,2,-128
2252738,3,-94
2252738,4,-128
2252738,5,-128
2252738,6,-128
2252738,7,-128
2272759,0,-128
2272759,1,-94
2272759,2,-128
2272759,3,-94
2272759,4,-94
2272759,5,-128
2272759,6,-128
2272759,7,-94
2292780,0,-128
2292780,1,-93
2292780,2,-128
2292780,3,-94
2292780,4,-128
2292780,5,-128
2292780,6,-128
2292780,7,-128
2312801,0,-128
2312801,1,-93
2312801,2,-94
2312801,3,-94
2312801,4,-94
2312801,5,-128
2312801,6,-128
2312801,7,-128
2332822,0,-128
2332822,1,-128
2332822,2,-90
2332822,3,-94
2332822,4,-128
2332822,5,-128
2332822,6,-128
2332822,7,-128
2352843,0,-128
2352843,1,-128
2352843,2,-94
2352843,3,-128
2352843,4,-94
2352843,5,-128
2352843,6,-128
2352843,7,-93
2372864,0,-128
2372864,1,-94
2372864,2,-128
2372864,3,-94
2372864,4,-128
2372864,5,-128
2372864,6,-128
2372864,7,-92
2392885,0,-128
2392885,1,-94
2392885,2,-128
2392885,3,-94
2392885,4,-128
2392885,5,-128
2392885,6,-128
2392885,7,-93
238
2412940,0,-128
2412940,1,-92
2412940,2,-94
2412940,3,-128
2412940,4,-128
2412940,5,-128
2412940,6,-128
2412940,7,-94
2432961,0,-128
2432961,1,-94
2432961,2,-128
2432961,3,-94
2432961,4,-128
2432961,5,-128
2432961,6,-128
2432961,7,-128
2452982,0,-128
2452982,1,-128
2452982,2,-94
2452982,3,-94
2452982,4,-128
2452982,5,-128
2452982,6,-128
2452982,7,-128
2473003,0,-128
2473003,1,-128
2473003,2,-94
2473003,3,-94
2473003,4,-128
2473003,5,-128
2473003,6,-128
2473003,7,-128
2493024,0,-128
2493024,1,-94
2493024,2,-94
2493024,3,-128
2493024,4,-128
2493024,5,-128
2493024,6,-128
2493024,7,-128
2513045,0,-128
2513045,1,-93
2513045,2,-128
2513045,3,-128
2513045,4,-128
2513045,5,-128
2513045,6,-94
2513045,7,-128
2533066,0,-128
2533066,1,-94
2533066,2,-128
2533066,3,-128
2533066,4,-128
2533066,5,-128
2533066,6,-92
2533066,7,-94
2553087,0,-128
2553087,1,-94
2553087,2,-128
2553087,3,-128
2553087,4,-94
2553087,5,-128
2553087,6,-94
2553087,7,-94
2573108,0,-128
2573108,1,-94
2573108,2,-93
2573108,3,-128
2573108,4,-94
2573108,5,-128
2573108,6,-94
2573108,7,-94
2593129,0,-128
2593129,1,-93
2593129,2,-128
2593129,3,-94
2593129,4,-128
2593129,5,-128
2593129,6,-94
2593129,7,-94
237
2613184,0,-128
2613184,1,-94
2613184,2,-128
2613184,3,-94
2613184,4,-128
2613184,5,-128
2613184,6,-93
2613184,7,-128
2633205,0,-128
2633205,1,-94
2633205,2,-94
2633205,3,-94
2633205,4,-128
2633205,5,-128
2633205,6,-94
2633205,7,-94
2653226,0,-128
2653226,1,-94
2653226,2,-128
2653226,3,-93
2653226,4,-128
2653226,5,-128
2653226,6,-94
2653226,7,-128
2673247,0,-128
2673247,1,-93
2673247,2,-128
2673247,3,-94
2673247,4,-94
2673247,5,-128
2673247,6,-91
2673247,7,-93
2693268,0,-128
2693268,1,-90
2693268,2,-128
2693268,3,-94
2693268,4,-94
2693268,5,-128
2693268,6,-94
2693268,7,-94
2713289,0,-128
2713289,1,-91
2713289,2,-94
2713289,3,-128
2713289,4,-94
2713289,5,-128
2713289,6,-94
2713289,7,-128
2733310,0,-128
2733310,1,-94
2733310,2,-128
2733310,3,-94
2733310,4,-94
2733310,5,-128
2733310,6,-94
2733310,7,-128
2753331,0,-128
2753331,1,-94
2753331,2,-128
2753331,3,-94
2753331,4,-128
2753331,5,-94
2753331,6,-128
2753331,7,-128
2773352,0,-128
2773352,1,-94
2773352,2,-128
2773352,3,-94
2773352,4,-94
2773352,5,-128
2773352,6,-94
2773352,7,-128
2793373,0,-128
2793373,1,-93
2793373,2,-128
2793373,3,-94
2793373,4,-94
2793373,5,-128
2793373,6,-128
2793373,7,-128
236
2813428,0,-128
2813428,1,-94
2813428,2,-94
2813428,3,-128
2813428,4,-94
2813428,5,-128
2813428,6,-94
2813428,7,-94
2833449,0,-128
2833449,1,-92
2833449,2,-128
2833449,3,-94
2833449,4,-94
2833449,5,-128
2833449,6,-94
2833449,7,-128
2853470,0,-128
2853470,1,-94
2853470,2,-94
2853470,3,-94
2853470,4,-128
2853470,5,-128
2853470,6,-94
2853470,7,-128
2873491,0,-128
2873491,1,-94
2873491,2,-94
2873491,3,-128
2873491,4,-128
2873491,5,-94
2873491,6,-94
2873491,7,-128
2893512,0,-128
2893512,1,-94
2893512,2,-94
2893512,3,-94
2893512,4,-94
2893512,5,-128
2893512,6,-94
2893512,7,-128
2913533,0,-128
2913533,1,-92
2913533,2,-128
2913533,3,-94
2913533,4,-94
2913533,5,-128
2913533,6,-128
2913533,7,-128
2933555,0,-128
2933555,1,-93
2933555,2,-128
2933555,3,-128
2933555,4,-94
2933555,5,-128
2933555,6,-94
2933555,7,-128
2953576,0,-128
2953576,1,-128
2953576,2,-128
2953576,3,-128
2953576,4,-94
2953576,5,-128
2953576,6,-94
2953576,7,-128
2973597,0,-128
2973597,1,-94
2973597,2,-128
2973597,3,-128
2973597,4,-94
2973597,5,-128
2973597,6,-93
2973597,7,-128
2993618,0,-128
2993618,1,-128
2993618,2,-128
2993618,3,-128
2993618,4,-94
2993618,5,-128
2993618,6,-94
2993618,7,-128
235
3013673,0,-128
3013673,1,-128
3013673,2,-128
3013673,3,-128
3013673,4,-128
3013673,5,-128
3013673,6,-94
3013673,7,-128
3033694,0,-128
3033694,1,-128
3033694,2,-128
3033694,3,-94
3033694,4,-94
3033694,5,-94
3033694,6,-94
3033694,7,-128
3053715,0,-128
3053715,1,-128
3053715,2,-128
3053715,3,-94
3053715,4,-128
3053715,5,-128
3053715,6,-93
3053715,7,-128
3072000,0,-128
3072000,1,-128
3072000,2,-128
3072000,3,-94
3072000,4,-128
3072000,5,-128
3072000,6,-93
3072000,7,-128
3092021,0,-128
3092021,1,-128
3092021,2,-128
3092021,3,-128
3092021,4,-94
3092021,5,-128
3092021,6,-94
3092021,7,-128
3112042,0,-128
3112042,1,-128
3112042,2,-94
3112042,3,-94
3112042,4,-128
3112042,5,-128
3112042,6,-128
3112042,7,-128
3132063,0,-128
3132063,1,-93
3132063,2,-128
3132063,3,-128
3132063,4,-94
3132063,5,-128
3132063,6,-94
3132063,7,-128
3152084,0,-128
3152084,1,-94
3152084,2,-128
3152084,3,-128
3152084,4,-128
3152084,5,-128
3152084,6,-128
3152084,7,-128
3172105,0,-128
3172105,1,-94
3172105,2,-94
3172105,3,-92
3172105,4,-128
3172105,5,-128
3172105,6,-94
3172105,7,-128
3192126,0,-128
3192126,1,-94
3192126,2,-128
3192126,3,-94
3192126,4,-128
3192126,5,-128
3192126,6,-128
3192126,7,-128
234
3212181,0,-128
3212181,1,-128
3212181,2,-128
3212181,3,-94
3212181,4,-94
3212181,5,-94
3212181,6,-128
3212181,7,-128
3232202,0,-128
3232202,1,-128
3232202,2,-128
3232202,3,-89
3232202,4,-94
3232202,5,-128
3232202,6,-94
3232202,7,-94
3252223,0,-128
3252223,1,-128
3252223,2,-94
3252223,3,-94
3252223,4,-94
3252223,5,-128
3252223,6,-94
3252223,7,-92
3272244,0,-128
3272244,1,-128
3272244,2,-128
3272244,3,-94
3272244,4,-94
3272244,5,-128
3272244,6,-128
3272244,7,-94
3292265,0,-128
3292265,1,-128
3292265,2,-128
3292265,3,-128
3292265,4,-128
3292265,5,-128
3292265,6,-128
3292265,7,-94
3312286,0,-128
3312286,1,-93
3312286,2,-128
3312286,3,-128
3312286,4,-128
3312286,5,-128
3312286,6,-128
3312286,7,-128
3332307,0,-128
3332307,1,-92
3332307,2,-128
3332307,3,-128
3332307,4,-128
3332307,5,-128
3332307,6,-128
3332307,7,-128
3352328,0,-128
3352328,1,-128
3352328,2,-128
3352328,3,-128
3352328,4,-128
3352328,5,-128
3352328,6,-128
3352328,7,-94
3372349,0,-128
3372349,1,-94
3372349,2,-128
3372349,3,-128
3372349,4,-128
3372349,5,-128
3372349,6,-128
3372349,7,-94
3392370,0,-128
3392370,1,-94
3392370,2,-128
3392370,3,-128
3392370,4,-128
3392370,5,-128
3392370,6,-128
3392370,7,-94
233
3412425,0,-128
3412425,1,-94
3412425,2,-128
3412425,3,-128
3412425,4,-128
3412425,5,-128
3412425,6,-128
3412425,7,-94
3432446,0,-128
3432446,1,-128
3432446,2,-128
3432446,3,-128
3432446,4,-128
3432446,5,-128
3432446,6,-128
3432446,7,-128
3452467,0,-128
3452467,1,-94
3452467,2,-128
3452467,3,-128
3452467,4,-128
3452467,5,-128
3452467,6,-128
3452467,7,-128
3472488,0,-128
3472488,1,-94
3472488,2,-128
3472488,3,-94
3472488,4,-128
3472488,5,-128
3472488,6,-128
3472488,7,-94
3492509,0,-128
3492509,1,-128
3492509,2,-128
3492509,3,-128
3492509,4,-128
3492509,5,-128
3492509,6,-128
3492509,7,-128
3512530,0,-128
3512530,1,-94
3512530,2,-128
3512530,3,-94
3512530,4,-128
3512530,5,-128
3512530,6,-128
3512530,7,-128
3532551,0,-128
3532551,1,-128
3532551,2,-128
3532551,3,-128
3532551,4,-128
3532551,5,-128
3532551,6,-128
3532551,7,-128
3552572,0,-128
3552572,1,-128
3552572,2,-128
3552572,3,-128
3552572,4,-128
3552572,5,-128
3552572,6,-128
3552572,7,-128
3572593,0,-128
3572593,1,-128
3572593,2,-128
3572593,3,-128
3572593,4,-128
3572593,5,-128
3572593,6,-128
3572593,7,-128
3584000,0,-128
3584000,1,-128
3584000,2,-128
3584000,3,-128
3584000,4,-128
3584000,5,-128
3584000,6,-128
3584000,7,-128
232
3604055,0,-128
3604055,1,-128
3604055,2,-128
3604055,3,-128
3604055,4,-128
3604055,5,-128
3604055,6,-128
3604055,7,-94
3624076,0,-128
3624076,1,-128
3624076,2,-128
3624076,3,-128
3624076,4,-128
3624076,5,-128
3624076,6,-128
3624076,7,-128
3644097,0,-128
3644097,1,-128
3644097,2,-128
3644097,3,-128
3644097,4,-128
3644097,5,-128
3644097,6,-128
3644097,7,-128
3664118,0,-128
3664118,1,-128
3664118,2,-128
3664118,3,-128
3664118,4,-128
3664118,5,-128
3664118,6,-128
3664118,7,-94
3684139,0,-128
3684139,1,-128
3684139,2,-128
3684139,3,-128
3684139,4,-128
3684139,5,-128
3684139,6,-128
3684139,7,-128
3704160,0,-128
3704160,1,-128
3704160,2,-128
3704160,3,-128
3704160,4,-128
3704160,5,-128
3704160,6,-128
3704160,7,-128
3724181,0,-128
3724181,1,-128
3724181,2,-128
3724181,3,-94
3724181,4,-128
3724181,5,-128
3724181,6,-128
3724181,7,-94
3744202,0,-128
3744202,1,-128
3744202,2,-128
3744202,3,-128
3744202,4,-128
3744202,5,-128
3744202,6,-128
3744202,7,-94
3764223,0,-128
3764223,1,-128
3764223,2,-128
3764223,3,-128
3764223,4,-128
3764223,5,-128
3764223,6,-128
3764223,7,-94
3784244,0,-128
3784244,1,-128
3784244,2,-128
3784244,3,-94
3784244,4,-128
3784244,5,-128
3784244,6,-128
3784244,7,-89
231
3804299,0,-128
3804299,1,-128
3804299,2,-128
3804299,3,-92
3804299,4,-128
3804299,5,-128
3804299,6,-128
3804299,7,-128
3824320,0,-128
3824320,1,-128
3824320,2,-128
3824320,3,-94
3824320,4,-128
3824320,5,-128
3824320,6,-128
3824320,7,-91
3844341,0,-128
3844341,1,-128
3844341,2,-128
3844341,3,-128
3844341,4,-128
3844341,5,-128
3844341,6,-128
3844341,7,-94
3864362,0,-128
3864362,1,-128
3864362,2,-128
3864362,3,-94
3864362,4,-128
3864362,5,-128
3864362,6,-128
3864362,7,-128
3884383,0,-128
3884383,1,-128
3884383,2,-128
3884383,3,-94
3884383,4,-128
3884383,5,-128
3884383,6,-128
3884383,7,-128
3904404,0,-128
3904404,1,-128
3904404,2,-128
3904404,3,-128
3904404,4,-128
3904404,5,-128
3904404,6,-128
3904404,7,-128
3924425,0,-128
3924425,1,-128
3924425,2,-94
3924425,3,-94
3924425,4,-128
3924425,5,-128
3924425,6,-128
3924425,7,-128
3944446,0,-128
3944446,1,-128
3944446,2,-128
3944446,3,-93
3944446,4,-128
3944446,5,-128
3944446,6,-128
3944446,7,-128
3964467,0,-128
3964467,1,-128
3964467,2,-128
3964467,3,-92
3964467,4,-128
3964467,5,-128
3964467,6,-128
3964467,7,-94
3984488,0,-128
3984488,1,-128
3984488,2,-94
3984488,3,-94
3984488,4,-128
3984488,5,-128
3984488,6,-128
3984488,7,-128
230
4004543,0,-128
4004543,1,-128
4004543,2,-94
4004543,3,-94
4004543,4,-128
4004543,5,-128
4004543,6,-128
4004543,7,-128
4024564,0,-128
4024564,1,-128
4024564,2,-94
4024564,3,-94
4024564,4,-128
4024564,5,-128
4024564,6,-128
4024564,7,-94
4044585,0,-128
4044585,1,-128
4044585,2,-128
4044585,3,-94
4044585,4,-128
4044585,5,-128
4044585,6,-128
4044585,7,-128
4064606,0,-128
4064606,1,-128
4064606,2,-128
4064606,3,-94
4064606,4,-128
4064606,5,-128
4064606,6,-128
4064606,7,-128
4084627,0,-128
4084627,1,-128
4084627,2,-94
4084627,3,-93
4084627,4,-128
4084627,5,-128
4084627,6,-128
4084627,7,-93
4104648,0,-128
4104648,1,-128
4104648,2,-94
4104648,3,-94
4104648,4,-128
4104648,5,-128
4104648,6,-128
4104648,7,-86
4124669,0,-128
4124669,1,-128
4124669,2,-94
4124669,3,-93
4124669,4,-128
4124669,5,-128
4124669,6,-128
4124669,7,-94
4144690,0,-128
4144690,1,-128
4144690,2,-94
4144690,3,-94
4144690,4,-128
4144690,5,-128
4144690,6,-128
4144690,7,-128
4164711,0,-128
4164711,1,-128
4164711,2,-92
4164711,3,-93
4164711,4,-128
4164711,5,-128
4164711,6,-128
4164711,7,-128
4184732,0,-128
4184732,1,-128
4184732,2,-128
4184732,3,-93
4184732,4,-128
4184732,5,-128
4184732,6,-128
4184732,7,-128
229
4204787,0,-128
4204787,1,-128
4204787,2,-94
4204787,3,-94
4204787,4,-128
4204787,5,-128
4204787,6,-128
4204787,7,-128
4224808,0,-128
4224808,1,-128
4224808,2,-94
4224808,3,-93
4224808,4,-128
4224808,5,-128
4224808,6,-128
4224808,7,-93
4244829,0,-128
4244829,1,-128
4244829,2,-94
4244829,3,-94
4244829,4,-128
4244829,5,-128
4244829,6,-128
4244829,7,-93
4264850,0,-128
4264850,1,-128
4264850,2,-94
4264850,3,-94
4264850,4,-128
4264850,5,-128
4264850,6,-128
4264850,7,-128
4284871,0,-128
4284871,1,-128
4284871,2,-94
4284871,3,-94
4284871,4,-128
4284871,5,-128
4284871,6,-128
4284871,7,-128
4304892,0,-128
4304892,1,-128
4304892,2,-94
4304892,3,-94
4304892,4,-91
4304892,5,-128
4304892,6,-128
4304892,7,-94
4324913,0,-128
4324913,1,-128
4324913,2,-94
4324913,3,-93
4324913,4,-128
4324913,5,-128
4324913,6,-128
4324913,7,-94
4344934,0,-128
4344934,1,-128
4344934,2,-92
4344934,3,-128
4344934,4,-128
4344934,5,-128
4344934,6,-128
4344934,7,-128
4364955,0,-128
4364955,1,-128
4364955,2,-128
4364955,3,-94
4364955,4,-128
4364955,5,-128
4364955,6,-128
4364955,7,-128
4384976,0,-128
4384976,1,-94
4384976,2,-128
4384976,3,-93
4384976,4,-128
4384976,5,-128
4384976,6,-128
4384976,7,-128
228
4405031,0,-128
4405031,1,-128
4405031,2,-128
4405031,3,-92
4405031,4,-128
4405031,5,-128
4405031,6,-128
4405031,7,-128
4425052,0,-128
4425052,1,-128
4425052,2,-128
4425052,3,-94
4425052,4,-94
4425052,5,-128
4425052,6,-128
4425052,7,-128
4445073,0,-128
4445073,1,-128
4445073,2,-94
4445073,3,-128
4445073,4,-94
4445073,5,-128
4445073,6,-128
4445073,7,-128
4465094,0,-128
4465094,1,-128
4465094,2,-128
4465094,3,-128
4465094,4,-94
4465094,5,-128
4465094,6,-128
4465094,7,-128
4485115,0,-128
4485115,1,-94
4485115,2,-128
4485115,3,-128
4485115,4,-128
4485115,5,-128
4485115,6,-128
4485115,7,-128
4505136,0,-128
4505136,1,-94
4505136,2,-128
4505136,3,-128
4505136,4,-94
4505136,5,-128
4505136,6,-128
4505136,7,-128
4525157,0,-128
4525157,1,-92
4525157,2,-128
4525157,3,-128
4525157,4,-94
4525157,5,-128
4525157,6,-128
4525157,7,-128
4545178,0,-128
4545178,1,-91
4545178,2,-128
4545178,3,-128
4545178,4,-128
4545178,5,-128
4545178,6,-128
4545178,7,-128
4565199,0,-128
4565199,1,-93
4565199,2,-128
4565199,3,-128
4565199,4,-128
4565199,5,-128
4565199,6,-128
4565199,7,-94
4585220,0,-128
4585220,1,-128
4585220,2,-94
4585220,3,-128
4585220,4,-128
4585220,5,-128
4585220,6,-128
4585220,7,-86
227
4605275,0,-128
4605275,1,-128
4605275,2,-94
4605275,3,-128
4605275,4,-128
4605275,5,-128
4605275,6,-94
4605275,7,-86
4625296,0,-128
4625296,1,-128
4625296,2,-94
4625296,3,-128
4625296,4,-128
4625296,5,-128
4625296,6,-128
4625296,7,-93
4645317,0,-128
4645317,1,-128
4645317,2,-94
4645317,3,-128
4645317,4,-128
4645317,5,-128
4645317,6,-128
4645317,7,-93
4665338,0,-128
4665338,1,-128
4665338,2,-128
4665338,3,-128
4665338,4,-94
4665338,5,-128
4665338,6,-128
4665338,7,-128
4685359,0,-128
4685359,1,-128
4685359,2,-94
4685359,3,-128
4685359,4,-92
4685359,5,-128
4685359,6,-128
4685359,7,-128
4705380,0,-128
4705380,1,-128
4705380,2,-94
4705380,3,-128
4705380,4,-94
4705380,5,-128
4705380,6,-128
4705380,7,-128
4725401,0,-128
4725401,1,-128
4725401,2,-94
4725401,3,-128
4725401,4,-128
4725401,5,-128
4725401,6,-128
4725401,7,-128
4745422,0,-128
4745422,1,-128
4745422,2,-128
4745422,3,-128
4745422,4,-128
4745422,5,-128
4745422,6,-128
4745422,7,-128
4765443,0,-128
4765443,1,-128
4765443,2,-94
4765443,3,-128
4765443,4,-128
4765443,5,-128
4765443,6,-128
4765443,7,-94
4785464,0,-128
4785464,1,-128
4785464,2,-93
4785464,3,-128
4785464,4,-128
4785464,5,-128
4785464,6,-128
4785464,7,-93
226
4805519,0,-128
4805519,1,-128
4805519,2,-93
4805519,3,-128
4805519,4,-128
4805519,5,-128
4805519,6,-128
4805519,7,-128
4825540,0,-128
4825540,1,-128
4825540,2,-128
4825540,3,-128
4825540,4,-128
4825540,5,-128
4825540,6,-128
4825540,7,-128
4845561,0,-128
4845561,1,-128
4845561,2,-128
4845561,3,-128
4845561,4,-128
4845561,5,-128
4845561,6,-128
4845561,7,-94
4865582,0,-128
4865582,1,-128
4865582,2,-93
4865582,3,-128
4865582,4,-128
4865582,5,-128
4865582,6,-128
4865582,7,-94
4885603,0,-128
4885603,1,-128
4885603,2,-128
4885603,3,-128
4885603,4,-128
4885603,5,-128
4885603,6,-128
4885603,7,-128
4905624,0,-128
4905624,1,-128
4905624,2,-128
4905624,3,-128
4905624,4,-128
4905624,5,-128
4905624,6,-128
4905624,7,-94
4925645,0,-128
4925645,1,-128
4925645,2,-128
4925645,3,-128
4925645,4,-128
4925645,5,-128
4925645,6,-128
4925645,7,-94
4945666,0,-128
4945666,1,-128
4945666,2,-128
4945666,3,-128
4945666,4,-128
4945666,5,-128
4945666,6,-94
4945666,7,-128
4965687,0,-128
4965687,1,-128
4965687,2,-128
4965687,3,-128
4965687,4,-128
4965687,5,-128
4965687,6,-94
4965687,7,-128
4985708,0,-128
4985708,1,-128
4985708,2,-128
4985708,3,-128
4985708,4,-128
4985708,5,-128
4985708,6,-94
4985708,7,-94
225
5005763,0,-128
5005763,1,-128
5005763,2,-128
5005763,3,-128
5005763,4,-128
5005763,5,-128
5005763,6,-128
5005763,7,-94
5025784,0,-128
5025784,1,-128
5025784,2,-128
5025784,3,-128
5025784,4,-128
5025784,5,-128
5025784,6,-128
5025784,7,-94
5045805,0,-128
5045805,1,-94
5045805,2,-128
5045805,3,-128
5045805,4,-128
5045805,5,-128
5045805,6,-128
5045805,7,-128
5065826,0,-128
5065826,1,-128
5065826,2,-128
5065826,3,-128
5065826,4,-128
5065826,5,-128
5065826,6,-128
5065826,7,-128
5085847,0,-128
5085847,1,-128
5085847,2,-128
5085847,3,-128
5085847,4,-128
5085847,5,-128
5085847,6,-128
5085847,7,-92
5105868,0,-128
5105868,1,-128
5105868,2,-94
5105868,3,-128
5105868,4,-128
5105868,5,-128
5105868,6,-128
5105868,7,-89
5125889,0,-128
5125889,1,-128
5125889,2,-94
5125889,3,-94
5125889,4,-128
5125889,5,-93
5125889,6,-128
5125889,7,-128
5145910,0,-128
5145910,1,-128
5145910,2,-128
5145910,3,-94
5145910,4,-128
5145910,5,-92
5145910,6,-128
5145910,7,-128
5165931,0,-128
5165931,1,-128
5165931,2,-94
5165931,3,-94
5165931,4,-128
5165931,5,-94
5165931,6,-128
5165931,7,-94
5185952,0,-128
5185952,1,-128
5185952,2,-128
5185952,3,-94
5185952,4,-128
5185952,5,-88
5185952,6,-128
5185952,7,-94
224
5206007,0,-128
5206007,1,-128
5206007,2,-94
5206007,3,-128
5206007,4,-128
5206007,5,-90
5206007,6,-128
5206007,7,-94
5226028,0,-128
5226028,1,-128
5226028,2,-128
5226028,3,-128
5226028,4,-128
5226028,5,-93
5226028,6,-128
5226028,7,-128
5246049,0,-128
5246049,1,-128
5246049,2,-128
5246049,3,-94
5246049,4,-128
5246049,5,-128
5246049,6,-128
5246049,7,-128
5266070,0,-128
5266070,1,-128
5266070,2,-94
5266070,3,-94
5266070,4,-128
5266070,5,-94
5266070,6,-128
5266070,7,-128
5286091,0,-128
5286091,1,-128
5286091,2,-128
5286091,3,-94
5286091,4,-128
5286091,5,-128
5286091,6,-128
5286091,7,-93
5306112,0,-128
5306112,1,-128
5306112,2,-94
5306112,3,-94
5306112,4,-128
5306112,5,-128
5306112,6,-128
5306112,7,-128
5326133,0,-128
5326133,1,-128
5326133,2,-94
5326133,3,-94
5326133,4,-128
5326133,5,-128
5326133,6,-128
5326133,7,-94
5346154,0,-128
5346154,1,-128
5346154,2,-93
5346154,3,-94
5346154,4,-128
5346154,5,-128
5346154,6,-128
5346154,7,-128
5366175,0,-128
5366175,1,-128
5366175,2,-128
5366175,3,-94
5366175,4,-128
5366175,5,-94
5366175,6,-128
5366175,7,-94
5386196,0,-128
5386196,1,-128
5386196,2,-128
5386196,3,-94
5386196,4,-128
5386196,5,-128
5386196,6,-128
5386196,7,-128
223
5406250,0,-128
5406250,1,-128
5406250,2,-94
5406250,3,-94
5406250,4,-128
5406250,5,-128
5406250,6,-94
5406250,7,-93
5426271,0,-128
5426271,1,-128
5426271,2,-94
5426271,3,-128
5426271,4,-128
5426271,5,-128
5426271,6,-128
5426271,7,-94
5446292,0,-128
5446292,1,-128
5446292,2,-94
5446292,3,-128
5446292,4,-128
5446292,5,-128
5446292,6,-128
5446292,7,-88
5466313,0,-128
5466313,1,-128
5466313,2,-94
5466313,3,-94
5466313,4,-128
5466313,5,-128
5466313,6,-94
5466313,7,-90
5486334,0,-128
5486334,1,-128
5486334,2,-94
5486334,3,-94
5486334,4,-128
5486334,5,-128
5486334,6,-128
5486334,7,-90
5506355,0,-128
5506355,1,-128
5506355,2,-94
5506355,3,-94
5506355,4,-128
5506355,5,-128
5506355,6,-94
5506355,7,-91
5526376,0,-128
5526376,1,-128
5526376,2,-128
5526376,3,-94
5526376,4,-128
5526376,5,-128
5526376,6,-128
5526376,7,-89
5546397,0,-128
5546397,1,-128
5546397,2,-128
5546397,3,-94
5546397,4,-128
5546397,5,-128
5546397,6,-128
5546397,7,-94
5566418,0,-128
5566418,1,-128
5566418,2,-128
5566418,3,-94
5566418,4,-128
5566418,5,-128
5566418,6,-128
5566418,7,-92
5586439,0,-128
5586439,1,-128
5586439,2,-128
5586439,3,-94
5586439,4,-128
5586439,5,-128
5586439,6,-128
5586439,7,-92
222
5606494,0,-128
5606494,1,-128
5606494,2,-128
5606494,3,-94
5606494,4,-128
5606494,5,-128
5606494,6,-128
5606494,7,-94
5626515,0,-128
5626515,1,-128
5626515,2,-94
5626515,3,-94
5626515,4,-128
5626515,5,-128
5626515,6,-128
5626515,7,-128
5646536,0,-128
5646536,1,-128
5646536,2,-128
5646536,3,-94
5646536,4,-128
5646536,5,-128
5646536,6,-128
5646536,7,-94
5666557,0,-128
5666557,1,-128
5666557,2,-128
5666557,3,-128
5666557,4,-128
5666557,5,-128
5666557,6,-128
5666557,7,-94
5686578,0,-128
5686578,1,-128
5686578,2,-128
5686578,3,-128
5686578,4,-128
5686578,5,-128
5686578,6,-128
5686578,7,-91
5706599,0,-128
5706599,1,-128
5706599,2,-94
5706599,3,-94
5706599,4,-94
5706599,5,-128
5706599,6,-128
5706599,7,-90
5726620,0,-128
5726620,1,-128
5726620,2,-128
5726620,3,-94
5726620,4,-94
5726620,5,-128
5726620,6,-128
5726620,7,-90
5746641,0,-128
5746641,1,-128
5746641,2,-128
5746641,3,-128
5746641,4,-94
5746641,5,-128
5746641,6,-128
5746641,7,-128
5766662,0,-128
5766662,1,-128
5766662,2,-94
5766662,3,-94
5766662,4,-93
5766662,5,-91
5766662,6,-128
5766662,7,-128
5786683,0,-128
5786683,1,-128
5786683,2,-128
5786683,3,-128
5786683,4,-89
5786683,5,-92
5786683,6,-128
5786683,7,-128
221
5806738,0,-128
5806738,1,-128
5806738,2,-94
5806738,3,-94
5806738,4,-92
5806738,5,-128
5806738,6,-128
5806738,7,-128
5826759,0,-128
5826759,1,-128
5826759,2,-128
5826759,3,-93
5826759,4,-91
5826759,5,-93
5826759,6,-128
5826759,7,-90
5846780,0,-128
5846780,1,-128
5846780,2,-94
5846780,3,-94
5846780,4,-92
5846780,5,-94
5846780,6,-128
5846780,7,-94
5866801,0,-128
5866801,1,-128
5866801,2,-94
5866801,3,-94
5866801,4,-94
5866801,5,-128
5866801,6,-128
5866801,7,-128
5886822,0,-128
5886822,1,-128
5886822,2,-128
5886822,3,-128
5886822,4,-94
5886822,5,-90
5886822,6,-128
5886822,7,-128
5906843,0,-128
5906843,1,-128
5906843,2,-94
5906843,3,-94
5906843,4,-93
5906843,5,-94
5906843,6,-128
5906843,7,-128
5926864,0,-128
5926864,1,-128
5926864,2,-88
5926864,3,-128
5926864,4,-128
5926864,5,-94
5926864,6,-128
5926864,7,-128
5946885,0,-128
5946885,1,-128
5946885,2,-94
5946885,3,-93
5946885,4,-128
5946885,5,-128
5946885,6,-128
5946885,7,-128
5966906,0,-128
5966906,1,-128
5966906,2,-128
5966906,3,-93
5966906,4,-128
5966906,5,-94
5966906,6,-128
5966906,7,-128
5986927,0,-128
5986927,1,-128
5986927,2,-128
5986927,3,-94
5986927,4,-128
5986927,5,-94
5986927,6,-128
5986927,7,-128
220
6006982,0,-128
6006982,1,-128
6006982,2,-94
6006982,3,-92
6006982,4,-128
6006982,5,-94
6006982,6,-128
6006982,7,-94
6027003,0,-128
6027003,1,-94
6027003,2,-94
6027003,3,-94
6027003,4,-128
6027003,5,-94
6027003,6,-128
6027003,7,-94
6047024,0,-128
6047024,1,-94
6047024,2,-94
6047024,3,-94
6047024,4,-128
6047024,5,-93
6047024,6,-128
6047024,7,-93
6067045,0,-128
6067045,1,-93
6067045,2,-94
6067045,3,-128
6067045,4,-94
6067045,5,-128
6067045,6,-94
6067045,7,-94
6087066,0,-128
6087066,1,-94
6087066,2,-94
6087066,3,-94
6087066,4,-128
6087066,5,-128
6087066,6,-128
6087066,7,-94
6107087,0,-128
6107087,1,-93
6107087,2,-128
6107087,3,-94
6107087,4,-128
6107087,5,-92
6107087,6,-94
6107087,7,-94
6127108,0,-128
6127108,1,-93
6127108,2,-94
6127108,3,-128
6127108,4,-94
6127108,5,-94
6127108,6,-128
6127108,7,-128
6147129,0,-128
6147129,1,-128
6147129,2,-94
6147129,3,-128
6147129,4,-128
6147129,5,-94
6147129,6,-128
6147129,7,-128
6167150,0,-128
6167150,1,-128
6167150,2,-128
6167150,3,-128
6167150,4,-128
6167150,5,-93
6167150,6,-128
6167150,7,-128
6187171,0,-128
6187171,1,-128
6187171,2,-128
6187171,3,-128
6187171,4,-128
6187171,5,-94
6187171,6,-128
6187171,7,-128
219
6207226,0,-128
6207226,1,-128
6207226,2,-128
6207226,3,-128
6207226,4,-128
6207226,5,-93
6207226,6,-128
6207226,7,-128
6227247,0,-128
6227247,1,-128
6227247,2,-94
6227247,3,-94
6227247,4,-128
6227247,5,-128
6227247,6,-128
6227247,7,-94
6247268,0,-128
6247268,1,-128
6247268,2,-94
6247268,3,-94
6247268,4,-128
6247268,5,-128
6247268,6,-94
6247268,7,-94
6267289,0,-128
6267289,1,-128
6267289,2,-92
6267289,3,-94
6267289,4,-128
6267289,5,-128
6267289,6,-94
6267289,7,-94
6287310,0,-128
6287310,1,-128
6287310,2,-128
6287310,3,-94
6287310,4,-128
6287310,5,-128
6287310,6,-93
6287310,7,-94
6307331,0,-128
6307331,1,-128
6307331,2,-128
6307331,3,-92
6307331,4,-128
6307331,5,-94
6307331,6,-91
6307331,7,-128
6327352,0,-128
6327352,1,-128
6327352,2,-128
6327352,3,-92
6327352,4,-128
6327352,5,-94
6327352,6,-92
6327352,7,-128
6347373,0,-128
6347373,1,-128
6347373,2,-128
6347373,3,-91
6347373,4,-128
6347373,5,-94
6347373,6,-88
6347373,7,-128
6367394,0,-128
6367394,1,-93
6367394,2,-128
6367394,3,-75
6367394,4,-128
6367394,5,-128
6367394,6,-83
6367394,7,-128
6387415,0,-128
6387415,1,-94
6387415,2,-128
6387415,3,-80
6387415,4,-128
6387415,5,-94
6387415,6,-86
6387415,7,-128
218
6407470,0,-128
6407470,1,-94
6407470,2,-128
6407470,3,-79
6407470,4,-94
6407470,5,-92
6407470,6,-75
6407470,7,-128
6427491,0,-128
6427491,1,-94
6427491,2,-94
6427491,3,-81
6427491,4,-90
6427491,5,-79
6427491,6,-85
6427491,7,-128
6447512,0,-128
6447512,1,-94
6447512,2,-128
6447512,3,-76
6447512,4,-89
6447512,5,-69
6447512,6,-75
6447512,7,-128
6467533,0,-128
6467533,1,-94
6467533,2,-94
6467533,3,-80
6467533,4,-76
6467533,5,-75
6467533,6,-76
6467533,7,-94
6487554,0,-128
6487554,1,-94
6487554,2,-86
6487554,3,-77
6487554,4,-73
6487554,5,-74
6487554,6,-80
6487554,7,-128
6507575,0,-128
6507575,1,-94
6507575,2,-81
6507575,3,-82
6507575,4,-72
6507575,5,-73
6507575,6,-76
6507575,7,-94
6527596,0,-128
6527596,1,-128
6527596,2,-84
6527596,3,-76
6527596,4,-72
6527596,5,-69
6527596,6,-85
6527596,7,-94
6547617,0,-128
6547617,1,-93
6547617,2,-90
6547617,3,-76
6547617,4,-73
6547617,5,-76
6547617,6,-83
6547617,7,-94
6567638,0,-128
6567638,1,-82
6567638,2,-80
6567638,3,-77
6567638,4,-76
6567638,5,-77
6567638,6,-75
6567638,7,-94
6587659,0,-128
6587659,1,-79
6587659,2,-86
6587659,3,-76
6587659,4,-72
6587659,5,-70
6587659,6,-75
6587659,7,-89
217
6607714,0,-128
6607714,1,-78
6607714,2,-84
6607714,3,-74
6607714,4,-77
6607714,5,-77
6607714,6,-79
6607714,7,-89
6627735,0,-128
6627735,1,-85
6627735,2,-81
6627735,3,-75
6627735,4,-77
6627735,5,-69
6627735,6,-82
6627735,7,-88
6647756,0,-128
6647756,1,-78
6647756,2,-81
6647756,3,-81
6647756,4,-77
6647756,5,-75
6647756,6,-77
6647756,7,-86
6667777,0,-128
6667777,1,-80
6667777,2,-86
6667777,3,-78
6667777,4,-73
6667777,5,-74
6667777,6,-76
6667777,7,-91
6687798,0,-128
6687798,1,-79
6687798,2,-85
6687798,3,-85
6687798,4,-74
6687798,5,-76
6687798,6,-80
6687798,7,-78
6707819,0,-128
6707819,1,-81
6707819,2,-79
6707819,3,-80
6707819,4,-78
6707819,5,-70
6707819,6,-76
6707819,7,-78
6727840,0,-128
6727840,1,-87
6727840,2,-85
6727840,3,-85
6727840,4,-80
6727840,5,-75
6727840,6,-75
6727840,7,-82
6747861,0,-128
6747861,1,-79
6747861,2,-86
6747861,3,-87
6747861,4,-73
6747861,5,-74
6747861,6,-78
6747861,7,-80
6767882,0,-128
6767882,1,-86
6767882,2,-81
6767882,3,-77
6767882,4,-77
6767882,5,-78
6767882,6,-75
6767882,7,-78
6787903,0,-128
6787903,1,-79
6787903,2,-82
6787903,3,-79
6787903,4,-77
6787903,5,-72
6787903,6,-87
6787903,7,-78
216
6807958,0,-128
6807958,1,-76
6807958,2,-85
6807958,3,-75
6807958,4,-74
6807958,5,-73
6807958,6,-84
6807958,7,-81
6827979,0,-128
6827979,1,-80
6827979,2,-82
6827979,3,-78
6827979,4,-79
6827979,5,-74
6827979,6,-75
6827979,7,-80
6848000,0,-128
6848000,1,-87
6848000,2,-84
6848000,3,-77
6848000,4,-73
6848000,5,-70
6848000,6,-81
6848000,7,-82
6868021,0,-128
6868021,1,-77
6868021,2,-82
6868021,3,-79
6868021,4,-80
6868021,5,-74
6868021,6,-75
6868021,7,-84
6888042,0,-128
6888042,1,-78
6888042,2,-84
6888042,3,-75
6888042,4,-77
6888042,5,-70
6888042,6,-77
6888042,7,-87
6908063,0,-128
6908063,1,-78
6908063,2,-82
6908063,3,-77
6908063,4,-79
6908063,5,-76
6908063,6,-77
6908063,7,-79
6928084,0,-128
6928084,1,-85
6928084,2,-82
6928084,3,-79
6928084,4,-76
6928084,5,-70
6928084,6,-76
6928084,7,-81
6948105,0,-128
6948105,1,-86
6948105,2,-89
6948105,3,-77
6948105,4,-77
6948105,5,-75
6948105,6,-76
6948105,7,-83
6968126,0,-128
6968126,1,-76
6968126,2,-92
6968126,3,-78
6968126,4,-81
6968126,5,-73
6968126,6,-86
6968126,7,-81
6988147,0,-128
6988147,1,-80
6988147,2,-86
6988147,3,-77
6988147,4,-77
6988147,5,-70
6988147,6,-78
6988147,7,-84
215
7008201,0,-128
7008201,1,-82
7008201,2,-87
7008201,3,-87
7008201,4,-72
7008201,5,-73
7008201,6,-78
7008201,7,-77
7028222,0,-128
7028222,1,-82
7028222,2,-89
7028222,3,-79
7028222,4,-77
7028222,5,-75
7028222,6,-79
7028222,7,-77
7048243,0,-128
7048243,1,-77
7048243,2,-87
7048243,3,-79
7048243,4,-73
7048243,5,-74
7048243,6,-75
7048243,7,-79
7068264,0,-128
7068264,1,-84
7068264,2,-90
7068264,3,-78
7068264,4,-72
7068264,5,-72
7068264,6,-81
7068264,7,-80
7088285,0,-128
7088285,1,-75
7088285,2,-87
7088285,3,-81
7088285,4,-74
7088285,5,-71
7088285,6,-78
7088285,7,-86
7108306,0,-128
7108306,1,-78
7108306,2,-87
7108306,3,-79
7108306,4,-80
7108306,5,-76
7108306,6,-77
7108306,7,-79
7128327,0,-128
7128327,1,-77
7128327,2,-84
7128327,3,-78
7128327,4,-80
7128327,5,-73
7128327,6,-78
7128327,7,-77
7148348,0,-128
7148348,1,-78
7148348,2,-81
7148348,3,-82
7148348,4,-79
7148348,5,-73
7148348,6,-84
7148348,7,-87
7168369,0,-128
7168369,1,-84
7168369,2,-87
7168369,3,-81
7168369,4,-74
7168369,5,-76
7168369,6,-86
7168369,7,-80
7188390,0,-128
7188390,1,-81
7188390,2,-84
7188390,3,-81
7188390,4,-77
7188390,5,-71
7188390,6,-76
7188390,7,-86
214
7208445,0,-128
7208445,1,-87
7208445,2,-85
7208445,3,-81
7208445,4,-76
7208445,5,-73
7208445,6,-75
7208445,7,-76
7228466,0,-128
7228466,1,-84
7228466,2,-84
7228466,3,-79
7228466,4,-74
7228466,5,-74
7228466,6,-84
7228466,7,-79
7248487,0,-128
7248487,1,-76
7248487,2,-89
7248487,3,-82
7248487,4,-78
7248487,5,-73
7248487,6,-83
7248487,7,-76
7268508,0,-128
7268508,1,-78
7268508,2,-84
7268508,3,-82
7268508,4,-74
7268508,5,-72
7268508,6,-79
7268508,7,-77
7288529,0,-128
7288529,1,-78
7288529,2,-88
7288529,3,-82
7288529,4,-76
7288529,5,-72
7288529,6,-89
7288529,7,-84
7308550,0,-128
7308550,1,-77
7308550,2,-87
7308550,3,-81
7308550,4,-73
7308550,5,-74
7308550,6,-83
7308550,7,-87
7328571,0,-128
7328571,1,-77
7328571,2,-86
7328571,3,-82
7328571,4,-78
7328571,5,-70
7328571,6,-80
7328571,7,-85
7348592,0,-128
7348592,1,-76
7348592,2,-85
7348592,3,-84
7348592,4,-76
7348592,5,-68
7348592,6,-82
7348592,7,-75
7368613,0,-128
7368613,1,-78
7368613,2,-88
7368613,3,-86
7368613,4,-76
7368613,5,-70
7368613,6,-81
7368613,7,-89
7388634,0,-128
7388634,1,-76
7388634,2,-83
7388634,3,-83
7388634,4,-76
7388634,5,-69
7388634,6,-76
7388634,7,-84
213
7408689,0,-128
7408689,1,-78
7408689,2,-87
7408689,3,-85
7408689,4,-71
7408689,5,-72
7408689,6,-77
7408689,7,-81
7428710,0,-128
7428710,1,-77
7428710,2,-88
7428710,3,-83
7428710,4,-76
7428710,5,-74
7428710,6,-89
7428710,7,-78
7448731,0,-128
7448731,1,-84
7448731,2,-88
7448731,3,-81
7448731,4,-77
7448731,5,-74
7448731,6,-85
7448731,7,-84
7468752,0,-128
7468752,1,-76
7468752,2,-88
7468752,3,-82
7468752,4,-76
7468752,5,-74
7468752,6,-77
7468752,7,-79
7488773,0,-128
7488773,1,-76
7488773,2,-87
7488773,3,-83
7488773,4,-73
7488773,5,-70
7488773,6,-81
7488773,7,-88
7508794,0,-128
7508794,1,-77
7508794,2,-83
7508794,3,-81
7508794,4,-75
7508794,5,-73
7508794,6,-80
7508794,7,-82
7528815,0,-128
7528815,1,-75
7528815,2,-82
7528815,3,-81
7528815,4,-74
7528815,5,-74
7528815,6,-89
7528815,7,-83
7548836,0,-128
7548836,1,-75
7548836,2,-85
7548836,3,-83
7548836,4,-78
7548836,5,-74
7548836,6,-77
7548836,7,-81
7568857,0,-128
7568857,1,-77
7568857,2,-85
7568857,3,-80
7568857,4,-72
7568857,5,-74
7568857,6,-84
7568857,7,-86
7588878,0,-128
7588878,1,-85
7588878,2,-84
7588878,3,-83
7588878,4,-73
7588878,5,-74
7588878,6,-85
7588878,7,-87
212
7608933,0,-128
7608933,1,-77
7608933,2,-88
7608933,3,-83
7608933,4,-77
7608933,5,-74
7608933,6,-85
7608933,7,-82
7628954,0,-128
7628954,1,-85
7628954,2,-86
7628954,3,-82
7628954,4,-76
7628954,5,-69
7628954,6,-77
7628954,7,-78
7648975,0,-128
7648975,1,-77
7648975,2,-88
7648975,3,-82
7648975,4,-76
7648975,5,-70
7648975,6,-80
7648975,7,-81
7668996,0,-128
7668996,1,-83
7668996,2,-87
7668996,3,-83
7668996,4,-76
7668996,5,-70
7668996,6,-77
7668996,7,-80
7689017,0,-128
7689017,1,-80
7689017,2,-84
7689017,3,-88
7689017,4,-74
7689017,5,-72
7689017,6,-83
7689017,7,-89
7709038,0,-128
7709038,1,-75
7709038,2,-88
7709038,3,-89
7709038,4,-74
7709038,5,-69
7709038,6,-86
7709038,7,-88
7729059,0,-128
7729059,1,-75
7729059,2,-86
7729059,3,-82
7729059,4,-74
7729059,5,-75
7729059,6,-77
7729059,7,-80
7749080,0,-128
7749080,1,-77
7749080,2,-83
7749080,3,-83
7749080,4,-75
7749080,5,-75
7749080,6,-79
7749080,7,-80
7769101,0,-128
7769101,1,-76
7769101,2,-89
7769101,3,-82
7769101,4,-72
7769101,5,-70
7769101,6,-81
7769101,7,-80
7789122,0,-128
7789122,1,-78
7789122,2,-88
7789122,3,-82
7789122,4,-75
7789122,5,-71
7789122,6,-84
7789122,7,-88
211
7809176,0,-128
7809176,1,-78
7809176,2,-85
7809176,3,-83
7809176,4,-75
7809176,5,-68
7809176,6,-77
7809176,7,-84
7829197,0,-128
7829197,1,-75
7829197,2,-84
7829197,3,-85
7829197,4,-73
7829197,5,-74
7829197,6,-82
7829197,7,-80
7849218,0,-128
7849218,1,-86
7849218,2,-86
7849218,3,-86
7849218,4,-74
7849218,5,-74
7849218,6,-80
7849218,7,-82
7869239,0,-128
7869239,1,-79
7869239,2,-85
7869239,3,-85
7869239,4,-76
7869239,5,-75
7869239,6,-85
7869239,7,-79
7889260,0,-128
7889260,1,-81
7889260,2,-83
7889260,3,-85
7889260,4,-77
7889260,5,-74
7889260,6,-77
7889260,7,-87
7909281,0,-128
7909281,1,-80
7909281,2,-87
7909281,3,-83
7909281,4,-77
7909281,5,-73
7909281,6,-77
7909281,7,-79
7929302,0,-128
7929302,1,-75
7929302,2,-84
7929302,3,-81
7929302,4,-73
7929302,5,-75
7929302,6,-82
7929302,7,-87
7949323,0,-128
7949323,1,-81
7949323,2,-86
7949323,3,-81
7949323,4,-74
7949323,5,-74
7949323,6,-77
7949323,7,-85
7969344,0,-128
7969344,1,-75
7969344,2,-86
7969344,3,-83
7969344,4,-72
7969344,5,-74
7969344,6,-78
7969344,7,-82
7989365,0,-128
7989365,1,-75
7989365,2,-82
7989365,3,-83
7989365,4,-75
7989365,5,-70
7989365,6,-77
7989365,7,-84
210
8009420,0,-128
8009420,1,-76
8009420,2,-84
8009420,3,-87
8009420,4,-78
8009420,5,-74
8009420,6,-77
8009420,7,-88
8029441,0,-128
8029441,1,-80
8029441,2,-81
8029441,3,-81
8029441,4,-72
8029441,5,-74
8029441,6,-86
8029441,7,-83
8049462,0,-128
8049462,1,-79
8049462,2,-81
8049462,3,-82
8049462,4,-75
8049462,5,-71
8049462,6,-77
8049462,7,-79
8069483,0,-128
8069483,1,-79
8069483,2,-86
8069483,3,-88
8069483,4,-77
8069483,5,-68
8069483,6,-78
8069483,7,-80
8089504,0,-128
8089504,1,-77
8089504,2,-82
8089504,3,-82
8089504,4,-74
8089504,5,-73
8089504,6,-77
8089504,7,-81
8109525,0,-128
8109525,1,-84
8109525,2,-84
8109525,3,-81
8109525,4,-76
8109525,5,-71
8109525,6,-77
8109525,7,-81
8129546,0,-128
8129546,1,-75
8129546,2,-84
8129546,3,-81
8129546,4,-76
8129546,5,-74
8129546,6,-85
8129546,7,-83
8149567,0,-128
8149567,1,-75
8149567,2,-84
8149567,3,-82
8149567,4,-76
8149567,5,-74
8149567,6,-77
8149567,7,-80
8169588,0,-128
8169588,1,-75
8169588,2,-91
8169588,3,-81
8169588,4,-77
8169588,5,-69
8169588,6,-77
8169588,7,-88
8189609,0,-128
8189609,1,-76
8189609,2,-87
8189609,3,-83
8189609,4,-76
8189609,5,-70
8189609,6,-77
8189609,7,-80
209
8209664,0,-128
8209664,1,-77
8209664,2,-81
8209664,3,-82
8209664,4,-76
8209664,5,-68
8209664,6,-79
8209664,7,-88
8229685,0,-128
8229685,1,-84
8229685,2,-82
8229685,3,-82
8229685,4,-77
8229685,5,-75
8229685,6,-85
8229685,7,-83
8249706,0,-128
8249706,1,-76
8249706,2,-89
8249706,3,-83
8249706,4,-73
8249706,5,-74
8249706,6,-86
8249706,7,-82
8269727,0,-128
8269727,1,-82
8269727,2,-83
8269727,3,-83
8269727,4,-75
8269727,5,-70
8269727,6,-77
8269727,7,-80
8289748,0,-128
8289748,1,-78
8289748,2,-89
8289748,3,-83
8289748,4,-76
8289748,5,-75
8289748,6,-81
8289748,7,-82
8309769,0,-128
8309769,1,-78
8309769,2,-82
8309769,3,-84
8309769,4,-77
8309769,5,-71
8309769,6,-77
8309769,7,-81
8329790,0,-128
8329790,1,-78
8329790,2,-85
8329790,3,-81
8329790,4,-75
8329790,5,-74
8329790,6,-79
8329790,7,-79
8349811,0,-128
8349811,1,-82
8349811,2,-83
8349811,3,-79
8349811,4,-74
8349811,5,-67
8349811,6,-77
8349811,7,-83
8369832,0,-128
8369832,1,-83
8369832,2,-87
8369832,3,-81
8369832,4,-74
8369832,5,-72
8369832,6,-89
8369832,7,-79
8389853,0,-128
8389853,1,-75
8389853,2,-81
8389853,3,-81
8389853,4,-79
8389853,5,-70
8389853,6,-77
8389853,7,-85
208
8409908,0,-128
8409908,1,-77
8409908,2,-85
8409908,3,-81
8409908,4,-77
8409908,5,-68
8409908,6,-83
8409908,7,-85
8429929,0,-128
8429929,1,-77
8429929,2,-86
8429929,3,-83
8429929,4,-77
8429929,5,-74
8429929,6,-77
8429929,7,-81
8449950,0,-128
8449950,1,-83
8449950,2,-86
8449950,3,-82
8449950,4,-73
8449950,5,-68
8449950,6,-76
8449950,7,-79
8469971,0,-128
8469971,1,-79
8469971,2,-84
8469971,3,-80
8469971,4,-77
8469971,5,-72
8469971,6,-77
8469971,7,-79
8489992,0,-128
8489992,1,-79
8489992,2,-84
8489992,3,-88
8489992,4,-77
8489992,5,-70
8489992,6,-78
8489992,7,-83
8510013,0,-128
8510013,1,-85
8510013,2,-86
8510013,3,-83
8510013,4,-79
8510013,5,-74
8510013,6,-77
8510013,7,-78
8530034,0,-128
8530034,1,-93
8530034,2,-84
8530034,3,-90
8530034,4,-75
8530034,5,-74
8530034,6,-84
8530034,7,-79
8550055,0,-128
8550055,1,-128
8550055,2,-82
8550055,3,-80
8550055,4,-78
8550055,5,-71
8550055,6,-80
8550055,7,-80
8570077,0,-128
8570077,1,-128
8570077,2,-88
8570077,3,-85
8570077,4,-74
8570077,5,-73
8570077,6,-80
8570077,7,-86
8590098,0,-128
8590098,1,-128
8590098,2,-85
8590098,3,-82
8590098,4,-77
8590098,5,-70
8590098,6,-84
8590098,7,-82
207
8610153,0,-128
8610153,1,-128
8610153,2,-84
8610153,3,-86
8610153,4,-77
8610153,5,-70
8610153,6,-83
8610153,7,-85
8630174,0,-128
8630174,1,-128
8630174,2,-81
8630174,3,-82
8630174,4,-73
8630174,5,-76
8630174,6,-76
8630174,7,-83
8650195,0,-128
8650195,1,-128
8650195,2,-87
8650195,3,-84
8650195,4,-78
8650195,5,-70
8650195,6,-77
8650195,7,-81
8670216,0,-128
8670216,1,-128
8670216,2,-85
8670216,3,-85
8670216,4,-77
8670216,5,-77
8670216,6,-86
8670216,7,-77
8690237,0,-128
8690237,1,-128
8690237,2,-80
8690237,3,-88
8690237,4,-84
8690237,5,-88
8690237,6,-86
8690237,7,-84
8710258,0,-128
8710258,1,-128
8710258,2,-83
8710258,3,-91
8710258,4,-84
8710258,5,-94
8710258,6,-94
8710258,7,-82
8730279,0,-128
8730279,1,-94
8730279,2,-85
8730279,3,-88
8730279,4,-78
8730279,5,-128
8730279,6,-94
8730279,7,-76
8750300,0,-128
8750300,1,-128
8750300,2,-85
8750300,3,-94
8750300,4,-80
8750300,5,-128
8750300,6,-128
8750300,7,-82
8770321,0,-128
8770321,1,-128
8770321,2,-80
8770321,3,-94
8770321,4,-78
8770321,5,-128
8770321,6,-128
8770321,7,-76
8790342,0,-128
8790342,1,-94
8790342,2,-79
8790342,3,-92
8790342,4,-83
8790342,5,-128
8790342,6,-128
8790342,7,-79
206
8810396,0,-128
8810396,1,-93
8810396,2,-82
8810396,3,-128
8810396,4,-80
8810396,5,-128
8810396,6,-128
8810396,7,-78
8830417,0,-128
8830417,1,-128
8830417,2,-82
8830417,3,-128
8830417,4,-79
8830417,5,-128
8830417,6,-128
8830417,7,-83
8850438,0,-128
8850438,1,-128
8850438,2,-82
8850438,3,-128
8850438,4,-84
8850438,5,-128
8850438,6,-128
8850438,7,-80
8870459,0,-128
8870459,1,-128
8870459,2,-82
8870459,3,-128
8870459,4,-82
8870459,5,-128
8870459,6,-128
8870459,7,-76
8890480,0,-128
8890480,1,-128
8890480,2,-78
8890480,3,-128
8890480,4,-82
8890480,5,-128
8890480,6,-128
8890480,7,-85
8910501,0,-128
8910501,1,-128
8910501,2,-84
8910501,3,-128
8910501,4,-81
8910501,5,-128
8910501,6,-128
8910501,7,-77
8930522,0,-128
8930522,1,-94
8930522,2,-91
8930522,3,-128
8930522,4,-82
8930522,5,-92
8930522,6,-128
8930522,7,-89
8950543,0,-128
8950543,1,-128
8950543,2,-85
8950543,3,-128
8950543,4,-85
8950543,5,-128
8950543,6,-128
8950543,7,-80
8970564,0,-128
8970564,1,-128
8970564,2,-91
8970564,3,-128
8970564,4,-88
8970564,5,-91
8970564,6,-128
8970564,7,-76
8990585,0,-128
8990585,1,-94
8990585,2,-91
8990585,3,-128
8990585,4,-128
8990585,5,-93
8990585,6,-128
8990585,7,-78
205
9010640,0,-128
9010640,1,-92
9010640,2,-92
9010640,3,-128
9010640,4,-128
9010640,5,-94
9010640,6,-128
9010640,7,-78
9030661,0,-128
9030661,1,-93
9030661,2,-128
9030661,3,-128
9030661,4,-128
9030661,5,-128
9030661,6,-128
9030661,7,-78
9050683,0,-128
9050683,1,-94
9050683,2,-128
9050683,3,-128
9050683,4,-128
9050683,5,-128
9050683,6,-128
9050683,7,-83
9070705,0,-128
9070705,1,-128
9070705,2,-128
9070705,3,-128
9070705,4,-128
9070705,5,-94
9070705,6,-128
9070705,7,-78
9090726,0,-128
9090726,1,-128
9090726,2,-128
9090726,3,-128
9090726,4,-128
9090726,5,-128
9090726,6,-128
9090726,7,-82
9110747,0,-128
9110747,1,-128
9110747,2,-128
9110747,3,-128
9110747,4,-128
9110747,5,-128
9110747,6,-128
9110747,7,-77
9130768,0,-128
9130768,1,-128
9130768,2,-128
9130768,3,-128
9130768,4,-128
9130768,5,-128
9130768,6,-128
9130768,7,-78
9150789,0,-128
9150789,1,-128
9150789,2,-128
9150789,3,-128
9150789,4,-128
9150789,5,-128
9150789,6,-128
9150789,7,-78
9170810,0,-128
9170810,1,-128
9170810,2,-128
9170810,3,-128
9170810,4,-128
9170810,5,-128
9170810,6,-94
9170810,7,-79
9190831,0,-128
9190831,1,-128
9190831,2,-128
9190831,3,-128
9190831,4,-128
9190831,5,-93
9190831,6,-94
9190831,7,-78
204
9210886,0,-128
9210886,1,-128
9210886,2,-128
9210886,3,-128
9210886,4,-128
9210886,5,-93
9210886,6,-94
9210886,7,-81
9230907,0,-128
9230907,1,-92
9230907,2,-128
9230907,3,-128
9230907,4,-128
9230907,5,-93
9230907,6,-94
9230907,7,-78
9250928,0,-128
9250928,1,-94
9250928,2,-128
9250928,3,-128
9250928,4,-128
9250928,5,-128
9250928,6,-92
9250928,7,-78
9270949,0,-128
9270949,1,-128
9270949,2,-128
9270949,3,-128
9270949,4,-128
9270949,5,-128
9270949,6,-94
9270949,7,-77
9290970,0,-128
9290970,1,-94
9290970,2,-128
9290970,3,-128
9290970,4,-128
9290970,5,-128
9290970,6,-128
9290970,7,-81
9310991,0,-128
9310991,1,-128
9310991,2,-128
9310991,3,-128
9310991,4,-128
9310991,5,-128
9310991,6,-94
9310991,7,-79
9331012,0,-128
9331012,1,-94
9331012,2,-128
9331012,3,-128
9331012,4,-128
9331012,5,-128
9331012,6,-93
9331012,7,-77
9351033,0,-128
9351033,1,-94
9351033,2,-128
9351033,3,-128
9351033,4,-128
9351033,5,-128
9351033,6,-94
9351033,7,-77
9371054,0,-128
9371054,1,-128
9371054,2,-128
9371054,3,-128
9371054,4,-128
9371054,5,-128
9371054,6,-94
9371054,7,-77
9391075,0,-128
9391075,1,-128
9391075,2,-128
9391075,3,-128
9391075,4,-128
9391075,5,-128
9391075,6,-94
9391075,7,-76
203
9411130,0,-128
9411130,1,-128
9411130,2,-128
9411130,3,-128
9411130,4,-128
9411130,5,-128
9411130,6,-94
9411130,7,-77
9431151,0,-128
9431151,1,-128
9431151,2,-128
9431151,3,-128
9431151,4,-128
9431151,5,-128
9431151,6,-91
9431151,7,-77
9451172,0,-128
9451172,1,-91
9451172,2,-128
9451172,3,-128
9451172,4,-128
9451172,5,-128
9451172,6,-89
9451172,7,-77
9471193,0,-128
9471193,1,-94
9471193,2,-128
9471193,3,-128
9471193,4,-128
9471193,5,-128
9471193,6,-94
9471193,7,-81
9491214,0,-128
9491214,1,-128
9491214,2,-128
9491214,3,-128
9491214,4,-128
9491214,5,-128
9491214,6,-94
9491214,7,-77
9511235,0,-128
9511235,1,-128
9511235,2,-128
9511235,3,-128
9511235,4,-128
9511235,5,-128
9511235,6,-92
9511235,7,-77
9531256,0,-128
9531256,1,-94
9531256,2,-128
9531256,3,-128
9531256,4,-128
9531256,5,-128
9531256,6,-94
9531256,7,-77
9551277,0,-128
9551277,1,-128
9551277,2,-128
9551277,3,-128
9551277,4,-128
9551277,5,-128
9551277,6,-128
9551277,7,-81
9571298,0,-128
9571298,1,-128
9571298,2,-128
9571298,3,-128
9571298,4,-128
9571298,5,-128
9571298,6,-93
9571298,7,-77
9591319,0,-128
9591319,1,-128
9591319,2,-128
9591319,3,-128
9591319,4,-128
9591319,5,-128
9591319,6,-94
9591319,7,-77
202
9611373,0,-128
9611373,1,-128
9611373,2,-128
9611373,3,-128
9611373,4,-128
9611373,5,-128
9611373,6,-92
9611373,7,-94
9631394,0,-128
9631394,1,-128
9631394,2,-128
9631394,3,-94
9631394,4,-94
9631394,5,-128
9631394,6,-128
9631394,7,-128
9651415,0,-128
9651415,1,-128
9651415,2,-128
9651415,3,-128
9651415,4,-128
9651415,5,-128
9651415,6,-128
9651415,7,-128
9671436,0,-128
9671436,1,-128
9671436,2,-128
9671436,3,-128
9671436,4,-128
9671436,5,-128
9671436,6,-128
9671436,7,-128
9691457,0,-128
9691457,1,-94
9691457,2,-128
9691457,3,-128
9691457,4,-128
9691457,5,-128
9691457,6,-128
9691457,7,-128
9711478,0,-128
9711478,1,-94
9711478,2,-94
9711478,3,-128
9711478,4,-94
9711478,5,-128
9711478,6,-128
9711478,7,-128
9731499,0,-128
9731499,1,-128
9731499,2,-128
9731499,3,-128
9731499,4,-128
9731499,5,-128
9731499,6,-128
9731499,7,-128
9751520,0,-128
9751520,1,-128
9751520,2,-94
9751520,3,-128
9751520,4,-93
9751520,5,-128
9751520,6,-128
9751520,7,-128
9771541,0,-128
9771541,1,-128
9771541,2,-128
9771541,3,-128
9771541,4,-128
9771541,5,-128
9771541,6,-128
9771541,7,-128
9791562,0,-128
9791562,1,-128
9791562,2,-128
9791562,3,-128
9791562,4,-94
9791562,5,-128
9791562,6,-128
9791562,7,-94
201
9811617,0,-128
9811617,1,-94
9811617,2,-128
9811617,3,-128
9811617,4,-92
9811617,5,-128
9811617,6,-128
9811617,7,-94
9831638,0,-128
9831638,1,-128
9831638,2,-128
9831638,3,-128
9831638,4,-128
9831638,5,-128
9831638,6,-128
9831638,7,-128
9851659,0,-128
9851659,1,-94
9851659,2,-128
9851659,3,-128
9851659,4,-94
9851659,5,-94
9851659,6,-128
9851659,7,-128
9871680,0,-128
9871680,1,-128
9871680,2,-128
9871680,3,-128
9871680,4,-94
9871680,5,-128
9871680,6,-128
9871680,7,-128
9891701,0,-128
9891701,1,-94
9891701,2,-128
9891701,3,-128
9891701,4,-94
9891701,5,-128
9891701,6,-128
9891701,7,-128
9911722,0,-128
9911722,1,-128
9911722,2,-128
9911722,3,-128
9911722,4,-128
9911722,5,-128
9911722,6,-128
9911722,7,-128
9931743,0,-128
9931743,1,-128
9931743,2,-128
9931743,3,-128
9931743,4,-94
9931743,5,-128
9931743,6,-128
9931743,7,-128
9951764,0,-128
9951764,1,-128
9951764,2,-128
9951764,3,-128
9951764,4,-128
9951764,5,-128
9951764,6,-128
9951764,7,-128
9971785,0,-128
9971785,1,-128
9971785,2,-128
9971785,3,-128
9971785,4,-94
9971785,5,-128
9971785,6,-128
9971785,7,-94
9991806,0,-128
9991806,1,-94
9991806,2,-128
9991806,3,-128
9991806,4,-94
9991806,5,-128
9991806,6,-128
9991806,7,-94
200
10011861,0,-128
10011861,1,-94
10011861,2,-128
10011861,3,-128
10011861,4,-94
10011861,5,-128
10011861,6,-128
10011861,7,-94
10031882,0,-128
10031882,1,-94
10031882,2,-128
10031882,3,-128
10031882,4,-93
10031882,5,-128
10031882,6,-128
10031882,7,-128
10051903,0,-128
10051903,1,-94
10051903,2,-128
10051903,3,-128
10051903,4,-94
10051903,5,-128
10051903,6,-128
10051903,7,-128
10071924,0,-128
10071924,1,-94
10071924,2,-128
10071924,3,-128
10071924,4,-91
10071924,5,-128
10071924,6,-128
10071924,7,-128
10091945,0,-128
10091945,1,-128
10091945,2,-128
10091945,3,-128
10091945,4,-93
10091945,5,-128
10091945,6,-94
10091945,7,-94
10111966,0,-128
10111966,1,-128
10111966,2,-128
10111966,3,-128
10111966,4,-128
10111966,5,-128
10111966,6,-128
10111966,7,-128
10131987,0,-128
10131987,1,-94
10131987,2,-128
10131987,3,-128
10131987,4,-128
10131987,5,-128
10131987,6,-128
10131987,7,-128
10152008,0,-128
10152008,1,-94
10152008,2,-128
10152008,3,-128
10152008,4,-128
10152008,5,-128
10152008,6,-128
10152008,7,-128
10172029,0,-128
10172029,1,-128
10172029,2,-128
10172029,3,-128
10172029,4,-128
10172029,5,-128
10172029,6,-128
10172029,7,-128
10192050,0,-128
10192050,1,-94
10192050,2,-128
10192050,3,-128
10192050,4,-128
10192050,5,-128
10192050,6,-128
10192050,7,-128
199
10212104,0,-128
10212104,1,-94
10212104,2,-128
10212104,3,-128
10212104,4,-128
10212104,5,-128
10212104,6,-128
10212104,7,-128
10232125,0,-128
10232125,1,-128
10232125,2,-128
10232125,3,-128
10232125,4,-94
10232125,5,-128
10232125,6,-128
10232125,7,-128
10252146,0,-128
10252146,1,-128
10252146,2,-128
10252146,3,-128
10252146,4,-94
10252146,5,-128
10252146,6,-128
10252146,7,-128
10272167,0,-128
10272167,1,-128
10272167,2,-128
10272167,3,-128
10272167,4,-94
10272167,5,-128
10272167,6,-128
10272167,7,-128
10292188,0,-128
10292188,1,-128
10292188,2,-128
10292188,3,-128
10292188,4,-92
10292188,5,-128
10292188,6,-128
10292188,7,-128
10312209,0,-128
10312209,1,-128
10312209,2,-128
10312209,3,-128
10312209,4,-93
10312209,5,-128
10312209,6,-128
10312209,7,-128
10332230,0,-128
10332230,1,-128
10332230,2,-128
10332230,3,-128
10332230,4,-128
10332230,5,-128
10332230,6,-128
10332230,7,-128
10352251,0,-128
10352251,1,-128
10352251,2,-128
10352251,3,-128
10352251,4,-128
10352251,5,-128
10352251,6,-128
10352251,7,-128
10372272,0,-128
10372272,1,-128
10372272,2,-128
10372272,3,-128
10372272,4,-128
10372272,5,-128
10372272,6,-128
10372272,7,-94
10392293,0,-128
10392293,1,-128
10392293,2,-128
10392293,3,-128
10392293,4,-128
10392293,5,-128
10392293,6,-128
10392293,7,-128
198
10412348,0,-128
10412348,1,-128
10412348,2,-128
10412348,3,-128
10412348,4,-128
10412348,5,-128
10412348,6,-128
10412348,7,-128
10432369,0,-128
10432369,1,-128
10432369,2,-128
10432369,3,-128
10432369,4,-94
10432369,5,-128
10432369,6,-128
10432369,7,-128
10452390,0,-128
10452390,1,-128
10452390,2,-128
10452390,3,-128
10452390,4,-94
10452390,5,-128
10452390,6,-128
10452390,7,-128
10472411,0,-128
10472411,1,-128
10472411,2,-128
10472411,3,-128
10472411,4,-128
10472411,5,-128
10472411,6,-128
10472411,7,-128
10492432,0,-128
10492432,1,-128
10492432,2,-128
10492432,3,-128
10492432,4,-128
10492432,5,-128
10492432,6,-128
10492432,7,-128
10512453,0,-128
10512453,1,-94
10512453,2,-128
10512453,3,-128
10512453,4,-128
10512453,5,-128
10512453,6,-128
10512453,7,-128
10532474,0,-128
10532474,1,-94
10532474,2,-128
10532474,3,-128
10532474,4,-128
10532474,5,-128
10532474,6,-128
10532474,7,-128
10552495,0,-128
10552495,1,-128
10552495,2,-128
10552495,3,-128
10552495,4,-128
10552495,5,-128
10552495,6,-128
10552495,7,-128
10572517,0,-128
10572517,1,-128
10572517,2,-128
10572517,3,-128
10572517,4,-128
10572517,5,-128
10572517,6,-128
10572517,7,-128
10592538,0,-128
10592538,1,-128
10592538,2,-128
10592538,3,-128
10592538,4,-93
10592538,5,-128
10592538,6,-128
10592538,7,-128
197
10612593,0,-128
10612593,1,-128
10612593,2,-128
10612593,3,-128
10612593,4,-94
10612593,5,-128
10612593,6,-128
10612593,7,-128
10632614,0,-128
10632614,1,-128
10632614,2,-128
10632614,3,-128
10632614,4,-93
10632614,5,-128
10632614,6,-128
10632614,7,-128
10652635,0,-128
10652635,1,-128
10652635,2,-128
10652635,3,-128
10652635,4,-89
10652635,5,-128
10652635,6,-128
10652635,7,-128
10672656,0,-128
10672656,1,-94
10672656,2,-128
10672656,3,-128
10672656,4,-94
10672656,5,-128
10672656,6,-128
10672656,7,-128
10692677,0,-128
10692677,1,-94
10692677,2,-128
10692677,3,-128
10692677,4,-94
10692677,5,-128
10692677,6,-128
10692677,7,-128
10712698,0,-128
10712698,1,-128
10712698,2,-128
10712698,3,-128
10712698,4,-94
10712698,5,-128
10712698,6,-128
10712698,7,-128
10732719,0,-128
10732719,1,-128
10732719,2,-128
10732719,3,-128
10732719,4,-92
10732719,5,-128
10732719,6,-128
10732719,7,-128
10752740,0,-128
10752740,1,-128
10752740,2,-128
10752740,3,-128
10752740,4,-94
10752740,5,-128
10752740,6,-128
10752740,7,-128
10772761,0,-128
10772761,1,-128
10772761,2,-128
10772761,3,-128
10772761,4,-94
10772761,5,-128
10772761,6,-128
10772761,7,-128
10792782,0,-128
10792782,1,-128
10792782,2,-128
10792782,3,-128
10792782,4,-94
10792782,5,-128
10792782,6,-128
10792782,7,-128
196