250
78090005
178090005
277090005
372090005
482090005
570090005
666090005
873090005
970090005
80090015
178090015
277090015
372090015
480090015
569090015
666090015
873090015
970090015
78090025
178090025
277090025
372090025
483090025
570090025
666090025
872090025
970090025
78090035
179090035
276090035
372090035
480090035
569090035
666090035
873090035
970090035
79090045
179090045
277090045
372090045
480090045
569090045
666090045
872090045
970090045
77090055
178090055
277090055
372090055
482090055
569090055
666090055
874090055
970090055
78090105
178090105
276090105
372090105
480090105
569090105
666090105
872090105
970090105
79090115
178090115
277090115
372090115
480090115
569090115
666090115
872090115
971090115
79090125
178090125
277090125
372090125
480090125
569090125
666090125
873090125
970090125
79090135
178090135
277090135
372090135
481090135
569090135
666090135
873090135
970090135
79090145
177090145
277090145
372090145
480090145
569090145
666090145
873090145
970090145
78090155
178090155
277090155
372090155
480090155
568090155
666090155
872090155
971090155
79090205
178090205
277090205
372090205
480090205
569090205
666090205
873090205
972090205
79090215
178090215
277090215
372090215
480090215
569090215
666090215
874090215
970090215
79090225
179090225
277090225
372090225
481090225
569090225
666090225
873090225
970090225
79090235
178090235
276090235
372090235
481090235
568090235
666090235
873090235
970090235
78090245
179090245
277090245
372090245
479090245
570090245
666090245
873090245
970090245
78090255
178090255
277090255
371090255
483090255
570090255
665090255
873090255
970090255
79090305
179090305
277090305
372090305
479090305
569090305
666090305
872090305
970090305
79090315
178090315
277090315
372090315
480090315
569090315
666090315
873090315
970090315
78090325
178090325
277090325
372090325
479090325
570090325
666090325
872090325
970090325
79090335
178090335
276090335
372090335
480090335
569090335
666090335
873090335
970090335
79090345
178090345
276090345
372090345
482090345
570090345
666090345
872090345
971090345
79090355
179090355
276090355
372090355
480090355
569090355
666090355
872090355
970090355
78090405
178090405
277090405
372090405
482090405
569090405
666090405
873090405
971090405
78090415
178090415
277090415
372090415
480090415
571090415
666090415
873090415
970090415
78090425
178090425
277090425
372090425
481090425
569090425
249
666090425
872090425
970090425
79090435
178090435
276090435
373090435
480090435
570090435
666090435
872090435
970090435
79090445
179090445
277090445
372090445
481090445
570090445
666090445
873090445
970090445
79090455
177090455
277090455
372090455
483090455
569090455
666090455
872090455
970090455
78090505
178090505
277090505
372090505
480090505
569090505
666090505
873090505
971090505
79090515
178090515
277090515
372090515
480090515
569090515
666090515
872090515
970090515
78090525
179090525
276090525
373090525
480090525
569090525
666090525
872090525
970090525
77090535
178090535
277090535
372090535
480090535
569090535
666090535
873090535
970090535
80090545
178090545
277090545
372090545
481090545
569090545
666090545
873090545
971090545
78090555
178090555
277090555
372090555
481090555
570090555
665090555
872090555
970090555
79090605
177090605
277090605
372090605
482090605
569090605
666090605
873090605
970090605
80090615
179090615
278090615
372090615
480090615
569090615
666090615
873090615
970090615
79090625
178090625
277090625
372090625
480090625
570090625
666090625
873090625
970090625
80090635
177090635
276090635
372090635
481090635
568090635
666090635
872090635
971090635
79090645
178090645
277090645
372090645
483090645
570090645
666090645
872090645
970090645
78090655
178090655
277090655
372090655
482090655
569090655
666090655
873090655
971090655
79090705
178090705
277090705
372090705
481090705
569090705
666090705
873090705
970090705
79090715
178090715
277090715
372090715
480090715
569090715
666090715
873090715
970090715
78090725
178090725
277090725
372090725
480090725
569090725
666090725
872090725
970090725
79090735
178090735
277090735
372090735
481090735
569090735
666090735
873090735
970090735
79090745
178090745
276090745
372090745
481090745
569090745
666090745
873090745
971090745
79090755
177090755
278090755
372090755
481090755
569090755
666090755
872090755
970090755
78090805
178090805
277090805
372090805
482090805
569090805
666090805
873090805
970090805
80090815
179090815
277090815
372090815
480090815
569090815
666090815
873090815
970090815
78090825
177090825
277090825
372090825
481090825
569090825
666090825
873090825
970090825
79090835
178090835
277090835
372090835
481090835
569090835
666090835
873090835
971090835
79090845
178090845
277090845
372090845
480090845
569090845
666090845
872090845
970090845
78090855
178090855
277090855
248
372090855
481090855
570090855
666090855
873090855
971090855
78090905
178090905
277090905
372090905
480090905
570090905
666090905
873090905
970090905
80090915
178090915
277090915
372090915
480090915
570090915
666090915
872090915
970090915
78090925
179090925
277090925
372090925
481090925
569090925
666090925
873090925
971090925
78090935
178090935
277090935
373090935
481090935
568090935
666090935
872090935
970090935
80090945
178090945
276090945
373090945
480090945
570090945
666090945
873090945
970090945
79090955
178090955
277090955
372090955
481090955
568090955
666090955
872090955
971090955
79091005
179091005
276091005
372091005
481091005
569091005
666091005
872091005
971091005
79091015
179091015
277091015
372091015
480091015
569091015
666091015
873091015
970091015
79091025
178091025
276091025
372091025
480091025
568091025
666091025
873091025
971091025
79091035
178091035
276091035
372091035
480091035
569091035
666091035
872091035
971091035
79091045
178091045
276091045
372091045
480091045
570091045
666091045
873091045
970091045
79091055
177091055
277091055
372091055
480091055
570091055
666091055
873091055
971091055
79091105
177091105
276091105
372091105
480091105
569091105
666091105
872091105
970091105
80091115
179091115
277091115
372091115
481091115
569091115
666091115
873091115
971091115
79091125
179091125
277091125
372091125
480091125
569091125
666091125
873091125
970091125
80091135
178091135
276091135
372091135
481091135
569091135
666091135
872091135
970091135
79091145
178091145
277091145
372091145
481091145
570091145
666091145
873091145
970091145
78091155
178091155
277091155
372091155
480091155
569091155
666091155
872091155
971091155
79091205
178091205
276091205
372091205
480091205
569091205
666091205
873091205
970091205
79091215
178091215
277091215
372091215
480091215
569091215
666091215
873091215
970091215
78091225
178091225
277091225
372091225
481091225
569091225
666091225
873091225
970091225
80091235
178091235
277091235
372091235
480091235
569091235
667091235
871091235
970091235
79091245
178091245
277091245
372091245
482091245
570091245
666091245
872091245
970091245
78091255
178091255
278091255
372091255
479091255
569091255
666091255
872091255
970091255
78091305
178091305
277091305
372091305
479091305
569091305
666091305
872091305
970091305
79091315
177091315
277091315
372091315
480091315
569091315
666091315
873091315
971091315
247
78091325
178091325
277091325
373091325
480091325
569091325
666091325
873091325
971091325
80091335
179091335
277091335
372091335
480091335
570091335
666091335
872091335
970091335
79091345
178091345
277091345
372091345
481091345
569091345
666091345
873091345
971091345
79091355
177091355
277091355
372091355
481091355
569091355
666091355
872091355
970091355
78091405
179091405
277091405
372091405
480091405
569091405
666091405
873091405
970091405
78091415
177091415
277091415
372091415
480091415
570091415
666091415
873091415
970091415
79091425
178091425
277091425
372091425
480091425
570091425
666091425
872091425
970091425
78091435
177091435
277091435
372091435
480091435
569091435
666091435
873091435
971091435
79091445
177091445
277091445
372091445
481091445
570091445
666091445
873091445
971091445
80091455
178091455
277091455
372091455
479091455
570091455
666091455
873091455
970091455
78091505
177091505
277091505
372091505
480091505
569091505
666091505
872091505
970091505
1094091505
78091515
179091515
277091515
372091515
480091515
569091515
666091515
873091515
970091515
78091525
178091525
276091525
372091525
480091525
569091525
666091525
873091525
971091525
1094091525
79091535
178091535
276091535
372091535
479091535
569091535
666091535
873091535
970091535
1087091535
1194091535
78091545
179091545
277091545
372091545
480091545
570091545
666091545
873091545
971091545
1093091545
1193091545
78091555
178091555
277091555
372091555
480091555
569091555
666091555
872091555
970091555
1094091555
78091605
180091605
277091605
372091605
479091605
570091605
666091605
872091605
970091605
1093091605
79091615
179091615
277091615
372091615
480091615
568091615
666091615
873091615
970091615
1094091615
1194091615
78091625
178091625
279091625
372091625
480091625
570091625
666091625
873091625
971091625
1094091625
75091635
178091635
278091635
372091635
481091635
570091635
666091635
873091635
971091635
1094091635
75091645
179091645
277091645
372091645
480091645
569091645
666091645
872091645
970091645
1094091645
75091655
179091655
277091655
371091655
482091655
569091655
665091655
873091655
970091655
1093091655
75091705
180091705
277091705
371091705
482091705
570091705
666091705
870091705
969091705
1094091705
75091715
178091715
279091715
372091715
481091715
570091715
666091715
872091715
970091715
1092091715
76091725
180091725
276091725
371091725
480091725
569091725
666091725
871091725
246
969091725
1093091725
79091735
181091735
278091735
374091735
483091735
574091735
669091735
877091735
970091735
1093091735
-1
-1
-1
-1
-1
-1
-1
-1
-1
-1
-1
-1
-1
-1
-1
-1
-1
-1
-1
-1
-1
-1
-1
-1
-1
-1
-1
-1
-1
-1
-1
-1
-1
-1
-1
-1
-1
-1
-1
-1
-1
-1
-1
-1
-1
-1
-1
-1
-1
-1
-1
-1
-1
-1
-1
-1
-1
-1
-1
-1
-1
-1
-1
-1
-1
-1
-1
-1
-1
-1
-1
-1
-1
-1
-1
-1
-1
-1
-1
-1
-1
-1
-1
-1
-1
-1
-1
-1
-1
-1
-1
-1
-1
-1
-1
-1
-1
-1
-1
-1
-1
-1
-1
-1
-1
-1
-1
-1
-1
-1
-1
-1
-1
-1
-1
-1
-1
-1
-1
-1
-1
-1
-1
-1
-1
-1
-1
-1
-1
-1
-1
-1
-1
-1
-1
-1
-1
-1
-1
-1
-1
-1
-1
-1
-1
-1
-1
-1
-1
-1
-1
-1
-1
-1
-1
-1
-1
-1
-1
-1
-1
-1
-1
-1
-1
-1
-1
-1
-1
-1
-1
-1
-1
-1
-1
-1
-1
-1
-1
-1
-1
-1
-1
-1
-1
-1
-1
-1
-1
-1
-1
-1
-1
-1
-1
-1
-1
-1
-1
-1
-1
-1
-1
-1
-1
-1
-1
-1
-1
-1
-1
-1
-1
-1
-1
-1
-1
-1
-1
-1
-1
-1
-1
-1
-1
-1
-1
-1
245
