250
234360,0,-93
234360,1,-93
255557,0,-93
255557,5,-91
255557,6,-93
276752,0,-93
276752,1,-93
276752,2,-93
276752,5,-93
276752,6,-93
297948,0,-93
297948,3,-93
297948,4,-93
297948,5,-93
319145,2,-93
319145,6,-93
319145,7,-93
340340,0,-93
340340,1,-93
340340,2,-92
340340,3,-93
340340,4,-93
340340,8,-93
361536,0,-93
361536,1,-93
361536,2,-91
361536,3,-93
361536,8,-93
382732,1,-93
382732,2,-93
382732,3,-93
382732,5,-93
403930,0,-93
403930,5,-93
425129,5,-93
533181,0,-93
533181,1,-93
554378,3,-88
554378,7,-84
554378,8,-88
575577,0,-86
596771,0,-93
596771,2,-85
596771,3,-88
596771,5,-84
596771,6,-84
596771,7,-83
639165,0,-84
639165,1,-87
639165,3,-85
639165,6,-93
639165,7,-86
639165,8,-83
660364,2,-93
702761,0,-93
702761,5,-93
702761,7,-93
745158,1,-88
745158,3,-88
745158,8,-83
766356,0,-93
766356,2,-93
787554,3,-88
787554,4,-89
808751,1,-87
808751,2,-87
808751,6,-86
829946,1,-87
829946,2,-87
829946,3,-83
829946,6,-84
829946,7,-83
851143,0,-83
851143,2,-83
851143,3,-84
893541,2,-93
893541,6,-93
999539,0,-93
999539,7,-93
1041938,2,-93
249
1147969,3,-93
1147969,7,-93
1147969,8,-93
1190381,2,-93
1190381,3,-93
1190381,7,-93
1232780,2,-93
1275179,2,-93
1317577,2,-93
1317577,7,-93
1338776,2,-93
1423574,1,-93
1423574,6,-93
1444773,2,-93
1465972,2,-93
1487171,8,-93
1508370,5,-93
1529569,2,-93
1593168,2,-93
1614367,3,-93
1635563,1,-93
1635563,2,-93
1635563,3,-93
1635563,5,-93
1656762,2,-93
1677961,7,-93
1720356,2,-93
1720356,4,-93
1720356,6,-93
1720356,7,-93
1720356,8,-93
1762755,2,-93
1805153,1,-93
1805153,2,-93
1868749,1,-93
1868749,6,-93
1868749,7,-93
1868749,8,-93
1889948,2,-93
1911147,2,-93
2017146,2,-93
2038345,2,-93
2123142,1,-93
2123142,2,-93
2123142,6,-93
2186741,2,-93
2271540,6,-93
2356339,1,-93
2398738,2,-93
2462336,2,-93
2462336,7,-93
2483535,2,-93
2631934,2,-93
2695532,2,-93
2695532,6,-93
2737930,2,-92
2737930,7,-93
2759128,0,-93
2759128,1,-93
2780327,2,-92
2801526,2,-89
2822723,0,-93
2822723,2,-93
2822723,3,-93
2843920,0,-93
2843920,2,-93
2843920,6,-93
2865119,2,-90
2865119,5,-93
2886318,7,-93
2907516,2,-90
2907516,3,-93
2928712,1,-93
2928712,2,-92
2928712,5,-93
2928712,7,-93
2949911,5,-92
2971109,2,-93
2971109,8,-93
2992308,5,-92
248
3013540,1,-93
3013540,2,-92
3013540,5,-93
3034754,2,-92
3055953,5,-93
3077152,5,-91
3098351,2,-93
3119550,1,-93
3140749,0,-93
3161947,3,-93
3161947,5,-93
3204344,0,-93
3204344,5,-92
3204344,7,-93
3225543,5,-93
3267942,2,-93
3289141,4,-93
3310338,0,-93
3310338,2,-93
3310338,4,-93
3331538,2,-90
3352736,2,-93
3352736,4,-93
3373933,0,-93
3373933,4,-93
3373933,5,-93
3395128,0,-93
3395128,2,-93
3395128,4,-93
3395128,5,-92
3395128,8,-93
3416327,0,-90
3416327,4,-92
3437524,0,-93
3437524,2,-92
3437524,4,-93
3437524,5,-87
3458721,2,-93
3458721,4,-93
3458721,5,-93
3479920,8,-93
3522316,3,-93
3522316,4,-93
3522316,5,-93
3522316,7,-93
3522316,8,-92
3543514,3,-93
3543514,5,-92
3543514,7,-93
3564714,5,-90
3585912,5,-93
3585912,8,-93
3607110,4,-93
3607110,5,-93
3628309,5,-93
3649505,4,-93
3649505,5,-93
3649505,6,-93
3649505,7,-93
3670702,3,-93
3670702,4,-93
3670702,5,-90
3691900,3,-93
3691900,4,-93
3691900,5,-93
3713098,3,-93
3713098,5,-88
3734296,3,-93
3734296,4,-93
3734296,5,-91
3755493,3,-86
3755493,4,-93
3755493,5,-93
3755493,7,-93
3776691,3,-93
3776691,4,-93
3797890,3,-93
3819088,3,-93
3819088,7,-93
3840285,3,-93
247
3840319,4,-91
3840319,5,-93
3840319,7,-93
3861531,3,-93
3861531,4,-93
3861531,5,-93
3882729,3,-89
3882729,5,-93
3882729,7,-93
3903927,3,-91
3903927,5,-92
3903927,7,-93
3925125,3,-93
3925125,5,-93
3946325,3,-88
3967523,3,-90
3967523,5,-93
3967523,8,-93
3988722,3,-92
3988722,7,-93
4009920,2,-93
4009920,3,-92
4009920,7,-93
4031120,3,-92
4052319,0,-93
4052319,3,-92
4073518,3,-92
4073518,4,-93
4094715,2,-93
4094715,3,-92
4094715,7,-89
4115911,0,-92
4115911,2,-93
4115911,3,-93
4115911,4,-93
4115911,5,-93
4137108,0,-93
4137108,2,-93
4137108,3,-89
4137108,4,-93
4158304,0,-93
4158304,1,-93
4158304,2,-89
4158304,3,-93
4158304,4,-93
4179502,1,-93
4179502,3,-92
4179502,7,-91
4200699,3,-92
4200699,4,-93
4200699,5,-93
4221898,3,-93
4243098,0,-93
4243098,3,-92
4264296,3,-93
4264296,5,-93
4285494,3,-93
4285494,5,-93
4306693,2,-93
4327889,0,-93
4327889,2,-93
4327889,5,-93
4327889,7,-93
4349087,0,-93
4349087,2,-90
4349087,5,-92
4370284,0,-93
4370284,2,-80
4370284,3,-93
4370284,7,-91
4370284,8,-93
4391481,3,-93
4391481,5,-93
4391481,7,-92
4412678,0,-93
4412678,2,-89
4412678,3,-91
4412678,6,-93
4412678,7,-93
4412678,8,-93
246
4433911,0,-92
4433911,2,-91
4433911,3,-93
4433911,5,-92
4433911,8,-93
4455125,0,-93
4455125,2,-91
4455125,3,-93
4455125,5,-89
4455125,7,-93
4476323,0,-93
4476323,2,-91
4476323,3,-93
4476323,5,-93
4497521,0,-93
4497521,2,-92
4497521,3,-93
4497521,5,-93
4518716,0,-93
4518716,2,-89
4518716,3,-93
4518716,4,-93
4518716,5,-93
4518716,8,-92
4539913,0,-93
4539913,2,-90
4539913,3,-93
4539913,7,-93
4561109,0,-93
4561109,2,-93
4561109,3,-93
4561109,4,-93
4561109,7,-93
4582306,2,-91
4582306,3,-93
4582306,4,-93
4582306,5,-93
4603503,3,-93
4603503,4,-88
4603503,5,-93
4603503,7,-93
4624700,3,-93
4624700,4,-93
4624700,5,-93
4645899,3,-92
4645899,4,-90
4667096,3,-93
4667096,4,-88
4667096,5,-93
4667096,7,-92
4688291,0,-93
4688291,2,-93
4688291,3,-93
4688291,4,-92
4688291,5,-93
4688291,8,-93
4709487,0,-92
4709487,3,-93
4709487,4,-92
4709487,5,-93
4709487,6,-93
4709487,7,-93
4730684,0,-93
4730684,2,-93
4730684,3,-93
4730684,5,-88
4730684,7,-93
4751881,0,-92
4751881,2,-93
4751881,3,-93
4751881,5,-93
4773076,0,-93
4773076,2,-93
4773076,3,-93
4773076,4,-93
4773076,5,-93
4794275,0,-93
4794275,2,-93
4794275,3,-92
4794275,4,-91
245
4815505,0,-93
4815505,2,-93
4815505,3,-93
4815505,4,-91
4815505,5,-93
4815505,6,-91
4836718,0,-93
4836718,3,-93
4836718,4,-92
4836718,5,-93
4836718,6,-88
4857915,0,-93
4857915,3,-91
4857915,4,-91
4857915,5,-93
4857915,6,-93
4879114,4,-89
4879114,5,-93
4900311,1,-93
4900311,3,-93
4900311,6,-93
4921508,1,-89
4921508,3,-93
4921508,4,-93
4921508,6,-93
4942706,1,-92
4942706,3,-93
4963905,1,-90
4963905,3,-93
4985102,1,-91
4985102,2,-93
4985102,3,-92
4985102,5,-93
4985102,6,-93
5006301,1,-93
5006301,5,-90
5006301,6,-90
5027499,1,-93
5027499,2,-92
5027499,5,-93
5027499,6,-91
5048697,0,-93
5048697,1,-92
5048697,4,-93
5048697,5,-92
5048697,6,-88
5069896,1,-89
5069896,2,-93
5091094,1,-84
5091094,2,-93
5091094,3,-93
5091094,6,-90
5112293,1,-86
5112293,2,-93
5112293,3,-93
5112293,6,-86
5133492,1,-86
5133492,3,-93
5133492,7,-91
5154689,1,-93
5154689,5,-93
5154689,7,-93
5175886,1,-93
5175886,2,-93
5175886,5,-93
5175886,6,-93
5197085,6,-93
5260683,4,-93
5260683,6,-93
5281881,3,-93
5281881,8,-93
5303076,1,-93
5303076,3,-93
5303076,4,-93
5303076,5,-93
5303076,7,-91
5324274,4,-93
5324274,7,-92
5324274,8,-93
5345471,1,-93
244
5345505,5,-93
5345505,8,-93
5366717,5,-93
5366717,6,-93
5366717,7,-93
5387914,3,-93
5387914,5,-93
5387914,8,-93
5409111,1,-93
5409111,4,-93
5409111,5,-93
5430309,1,-93
5430309,4,-93
5430309,5,-93
5451507,5,-93
5451507,8,-93
5472705,0,-93
5472705,6,-93
5493903,0,-92
5493903,8,-92
5515100,5,-93
5515100,6,-92
5515100,8,-93
5536299,8,-93
5557497,5,-92
5557497,8,-93
5578694,2,-93
5578694,4,-93
5578694,8,-93
5599891,2,-93
5599891,4,-93
5599891,7,-93
5599891,8,-93
5621090,7,-93
5642288,6,-93
5642288,7,-93
5663486,2,-93
5663486,8,-93
5684683,2,-92
5684683,4,-93
5684683,6,-93
5705879,2,-91
5705879,4,-93
5705879,5,-93
5705879,8,-93
5727075,2,-93
5727075,4,-92
5727075,7,-93
5727075,8,-93
5748272,2,-92
5748272,5,-90
5748272,8,-93
5769469,2,-93
5769469,5,-93
5769469,6,-93
5769469,8,-93
5790666,0,-93
5790666,2,-92
5790666,6,-90
5790666,8,-93
5811863,2,-93
5811863,5,-93
5811863,8,-93
5833060,2,-93
5833060,5,-92
5833060,8,-92
5854257,5,-93
5854257,7,-93
5854257,8,-93
5875455,5,-93
5875455,8,-93
5896653,6,-93
5896653,8,-93
5917850,5,-93
5917850,6,-91
5917850,7,-93
5917850,8,-93
5939049,5,-93
5939049,6,-91
5960245,4,-93
243
5960279,5,-91
5960279,7,-92
5960279,8,-93
5981492,4,-93
5981492,6,-93
5981492,8,-91
6002689,4,-93
6002689,5,-89
6002689,6,-93
6002689,7,-93
6023886,2,-93
6023886,4,-93
6023886,7,-93
6045086,5,-87
6066283,3,-93
6066283,5,-93
6066283,7,-93
6087479,2,-92
6087479,3,-93
6087479,6,-93
6087479,7,-93
6108675,2,-93
6108675,3,-93
6108675,6,-93
6108675,8,-93
6129874,0,-92
6129874,2,-92
6151072,2,-91
6151072,6,-93
6172268,0,-93
6172268,2,-93
6172268,4,-93
6172268,5,-90
6172268,6,-93
6193466,1,-93
6193466,2,-92
6193466,7,-93
6214664,1,-93
6214664,5,-92
6214664,7,-93
6235860,2,-93
6235860,4,-93
6235860,6,-93
6235860,7,-93
6257055,2,-93
6257055,3,-93
6257055,5,-93
6257055,6,-93
6257055,7,-93
6278251,0,-93
6278251,2,-93
6278251,6,-92
6278251,7,-93
6299446,1,-93
6299446,2,-93
6299446,4,-93
6299446,5,-93
6299446,6,-93
6320643,1,-93
6320643,2,-93
6320643,5,-93
6320643,6,-91
6341839,0,-93
6341839,1,-93
6341839,2,-93
6341839,6,-93
6363035,0,-93
6363035,5,-93
6363035,6,-93
6363035,7,-92
6384231,1,-93
6384231,2,-90
6384231,5,-93
6384231,6,-93
6384231,7,-93
6405428,1,-93
6405428,2,-93
6405428,6,-93
6405428,8,-93
6426625,5,-93
242
6426659,6,-92
6426659,7,-93
6426659,8,-93
6447873,5,-93
6447873,6,-92
6447873,8,-91
6469071,2,-93
6469071,6,-92
6469071,8,-90
6490270,2,-91
6490270,4,-93
6490270,6,-93
6511468,2,-93
6511468,5,-93
6511468,6,-93
6532668,2,-90
6532668,6,-93
6553867,4,-93
6575066,2,-93
6596263,1,-93
6596263,2,-93
6596263,8,-93
6617461,1,-93
6617461,2,-93
6617461,6,-88
6638658,2,-91
6638658,5,-90
6638658,6,-93
6659856,2,-93
6659856,5,-93
6659856,6,-89
6681052,1,-93
6681052,2,-92
6681052,5,-93
6681052,6,-93
6702250,2,-92
6702250,6,-93
6723449,8,-93
6744647,0,-93
6744647,8,-93
6765845,0,-93
6765845,3,-93
6765845,5,-88
6765845,8,-92
6787042,0,-93
6787042,5,-93
6787042,6,-93
6808240,3,-92
6808240,4,-93
6808240,5,-93
6829438,3,-93
6829438,7,-93
6850636,3,-92
6850636,7,-93
6871833,3,-91
6871833,7,-87
6871833,8,-93
6893030,1,-93
6893030,2,-93
6893030,3,-89
6893030,5,-93
6914228,0,-93
6914228,2,-93
6914228,3,-90
6935424,0,-93
6935424,2,-92
6935424,3,-90
6935424,5,-93
6935424,6,-93
6935424,7,-88
6935424,8,-93
6956621,0,-93
6956621,2,-93
6956621,3,-86
6956621,7,-89
6956621,8,-93
6977819,0,-93
6977819,2,-93
6977819,3,-90
6977819,8,-93
241
6999050,2,-93
6999050,3,-93
6999050,4,-93
6999050,5,-93
7020261,2,-93
7020261,3,-91
7020261,4,-92
7020261,5,-91
7041457,0,-93
7041457,3,-90
7041457,5,-92
7041457,6,-93
7041457,8,-93
7062655,3,-91
7062655,7,-93
7083853,1,-92
7083853,3,-89
7083853,7,-93
7105051,0,-93
7105051,3,-90
7105051,6,-93
7105051,7,-93
7126249,0,-87
7126249,3,-85
7126249,4,-93
7126249,7,-93
7147448,3,-88
7147448,7,-92
7168159,3,-89
7168159,4,-93
7168159,7,-93
7189355,0,-93
7189355,3,-93
7189355,7,-92
7189355,8,-93
7210552,2,-93
7210552,3,-89
7210552,6,-93
7210552,8,-93
7231747,0,-93
7231747,2,-93
7231747,3,-93
7231747,6,-93
7231747,7,-93
7252943,2,-92
7252943,3,-93
7252943,7,-93
7252943,8,-93
7274140,2,-93
7274140,5,-93
7274140,7,-93
7295336,0,-93
7295336,2,-93
7295336,3,-93
7295336,6,-93
7316533,2,-93
7316533,3,-89
7316533,5,-93
7316533,6,-93
7316533,7,-87
7337729,0,-93
7337729,2,-93
7337729,3,-89
7337729,6,-93
7337729,7,-92
7358926,0,-92
7358926,2,-89
7358926,3,-88
7358926,6,-93
7358926,7,-92
7380121,0,-93
7380121,2,-93
7380121,3,-93
7380121,6,-93
7380121,7,-87
7380121,8,-93
7401318,0,-93
7401318,2,-93
7401318,3,-88
7401318,5,-93
240
7401352,7,-87
7422566,0,-93
7422566,3,-90
7422566,7,-93
7443763,0,-93
7443763,3,-85
7443763,5,-92
7443763,6,-93
7443763,7,-92
7443763,8,-93
7464960,0,-91
7464960,3,-89
7464960,5,-93
7464960,6,-91
7464960,7,-88
7464960,8,-93
7486157,0,-93
7486157,5,-93
7486157,7,-93
7486157,8,-93
7507352,0,-93
7507352,1,-91
7507352,3,-93
7507352,5,-93
7507352,6,-92
7507352,7,-86
7528548,1,-93
7528548,3,-93
7528548,4,-92
7528548,5,-92
7528548,6,-90
7528548,7,-91
7528548,8,-93
7549746,0,-93
7549746,3,-89
7549746,5,-92
7549746,6,-92
7549746,7,-92
7570943,0,-93
7570943,1,-93
7570943,3,-89
7570943,5,-93
7570943,6,-92
7570943,7,-92
7592138,0,-93
7592138,1,-93
7592138,3,-93
7592138,5,-91
7592138,6,-93
7592138,7,-89
7613333,0,-93
7613333,1,-93
7613333,2,-93
7613333,3,-93
7613333,5,-90
7613333,7,-91
7634530,3,-93
7634530,4,-93
7634530,6,-92
7634530,7,-85
7634530,8,-93
7655726,0,-93
7655726,1,-93
7655726,3,-93
7655726,6,-93
7655726,7,-80
7676922,1,-93
7676922,3,-92
7676922,6,-93
7676922,7,-93
7698120,2,-91
7698120,3,-91
7698120,7,-93
7719317,3,-93
7719317,5,-92
7719317,7,-93
7719317,8,-93
7740512,1,-93
7740512,2,-93
7740512,3,-93
239
7740546,4,-93
7740546,5,-93
7740546,7,-93
7761758,0,-93
7761758,3,-87
7761758,4,-93
7761758,7,-92
7761758,8,-93
7782956,0,-93
7782956,3,-93
7782956,7,-89
7782956,8,-91
7804154,0,-93
7804154,3,-91
7804154,4,-93
7804154,5,-93
7804154,7,-82
7825351,1,-93
7825351,3,-92
7825351,7,-93
7846549,1,-93
7846549,3,-92
7846549,7,-88
7846549,8,-93
7867745,0,-93
7867745,3,-93
7867745,5,-93
7867745,7,-90
7867745,8,-93
7888940,1,-93
7888940,3,-93
7888940,4,-93
7888940,5,-93
7888940,7,-89
7888940,8,-93
7910135,1,-93
7910135,3,-84
7910135,4,-93
7910135,5,-89
7910135,6,-93
7910135,7,-88
7910135,8,-93
7931333,1,-93
7931333,3,-87
7931333,6,-93
7931333,7,-92
7952531,1,-93
7952531,3,-92
7952531,7,-89
7973728,0,-92
7973728,1,-93
7973728,3,-93
7994926,1,-93
7994926,3,-88
7994926,7,-93
8016123,0,-93
8016123,1,-93
8016123,3,-92
8016123,7,-93
8037319,0,-91
8037319,3,-91
8037319,6,-93
8037319,7,-93
8058518,0,-93
8058518,3,-90
8079714,0,-85
8079714,1,-93
8079714,2,-90
8079714,6,-93
8079714,7,-93
8100910,0,-93
8100910,1,-91
8100910,3,-91
8100910,4,-93
8100910,6,-90
8100910,7,-93
8100910,8,-93
8122107,3,-90
8122107,4,-93
8122107,7,-92
238
8122141,8,-92
8143353,0,-93
8143353,1,-93
8143353,2,-93
8143353,3,-93
8164549,3,-93
8164549,5,-93
8164549,6,-92
8164549,8,-93
8185746,0,-91
8185746,2,-93
8185746,3,-91
8185746,5,-93
8185746,6,-93
8206943,1,-93
8206943,2,-93
8206943,3,-93
8228142,2,-93
8228142,3,-93
8249340,0,-93
8249340,3,-93
8270534,0,-93
8270534,1,-91
8270534,3,-93
8270534,4,-93
8270534,5,-93
8270534,6,-93
8291731,1,-93
8291731,3,-93
8291731,4,-93
8312926,1,-93
8312926,2,-93
8312926,3,-93
8312926,4,-93
8312926,6,-93
8334125,3,-92
8334125,6,-93
8355321,1,-93
8355321,5,-93
8355321,6,-92
8355321,8,-93
8376515,1,-93
8376515,2,-93
8376515,5,-93
8376515,6,-93
8376515,7,-93
8376515,8,-93
8397713,1,-93
8397713,5,-93
8397713,6,-88
8418909,0,-93
8418909,2,-93
8418909,6,-93
8418909,7,-91
8418909,8,-91
8440107,2,-93
8440107,7,-92
8440107,8,-93
8461303,2,-92
8461303,3,-93
8461303,5,-93
8461303,6,-91
8461303,7,-93
8482497,0,-93
8482497,2,-93
8482497,3,-93
8482497,4,-93
8482497,6,-93
8482497,7,-93
8503695,3,-93
8503695,4,-92
8503695,7,-92
8524894,1,-93
8546091,3,-93
8546091,4,-93
8546091,7,-93
8567290,4,-93
8588489,7,-93
8630888,4,-93
8715687,7,-93
237
8736920,7,-93
8779334,2,-93
8779334,7,-93
8800532,2,-93
8800532,7,-93
8821730,2,-93
8821730,7,-93
8842929,7,-93
8864127,4,-93
8864127,7,-93
8885326,4,-93
8948925,6,-93
9012525,7,-93
9033724,3,-93
9054921,3,-93
9054921,6,-93
9054921,7,-93
9097320,0,-93
9245719,7,-93
9266918,7,-93
9288117,7,-93
9309316,7,-93
9330515,7,-93
9351715,7,-92
9372914,7,-93
9394113,7,-93
9500112,7,-93
9521311,7,-93
9563710,7,-93
9627309,5,-93
10920508,5,-93
10984107,3,-93
11005305,1,-93
11005305,7,-93
11026504,2,-92
11047703,2,-90
11068902,2,-93
11090101,3,-93
11090101,7,-93
11111299,3,-93
11111299,7,-92
11132498,3,-91
11132498,7,-93
11217298,7,-92
11280897,7,-93
11302097,7,-90
11344496,7,-93
11429295,7,-92
11450494,7,-92
11514093,7,-93
11535292,6,-93
11641291,6,-92
11683690,5,-92
11726089,8,-93
11747288,5,-93
11747288,8,-86
11768485,5,-93
11768485,6,-93
11768485,8,-93
11789684,5,-93
11789684,8,-92
11832083,4,-93
11832083,8,-91
11853280,5,-93
11853280,6,-93
11853280,8,-93
11874479,8,-93
11895676,4,-93
11895676,5,-93
11895676,6,-93
11916874,4,-93
11916874,6,-93
11938072,5,-93
11938072,6,-93
11959269,1,-93
11959269,4,-93
11959269,5,-92
11959269,6,-93
11980466,1,-93
11980466,5,-93
236
11980500,6,-93
12001714,1,-91
12001714,4,-93
12022912,1,-93
12022912,4,-92
12022912,6,-92
12044110,0,-93
12044110,4,-90
12044110,5,-93
12065307,0,-93
12065307,1,-89
12065307,4,-93
12065307,5,-93
12065307,8,-91
12086502,0,-93
12086502,1,-93
12086502,4,-91
12086502,5,-93
12086502,6,-91
12107699,1,-93
12107699,4,-93
12107699,6,-93
12107699,8,-91
12128895,0,-93
12128895,1,-93
12128895,5,-92
12128895,6,-91
12128895,8,-93
12150091,0,-92
12150091,1,-93
12150091,5,-93
12150091,6,-93
12171286,0,-93
12171286,1,-93
12171286,3,-92
12171286,4,-93
12171286,6,-86
12192482,0,-93
12192482,1,-93
12192482,3,-86
12192482,6,-93
12213681,3,-91
12213681,6,-93
12213681,8,-91
12234878,1,-93
12234878,3,-88
12234878,4,-93
12234878,6,-93
12256075,2,-93
12256075,3,-93
12256075,4,-93
12298473,2,-88
12298473,3,-93
12298473,4,-91
12319668,0,-93
12319668,2,-93
12319668,3,-93
12319668,4,-93
12319668,6,-93
12340863,0,-93
12340863,2,-88
12340863,3,-93
12340863,4,-93
12340863,6,-93
12362059,0,-93
12362059,1,-93
12362059,3,-93
12362059,6,-93
12383258,3,-92
12383258,4,-93
12404457,3,-92
12404457,6,-93
12425656,3,-91
12425656,6,-93
12446855,3,-91
12468052,3,-93
12468052,6,-93
12468052,8,-93
12489248,0,-93
12489248,3,-93
235
12489282,4,-93
12489282,7,-93
12510496,3,-92
12510496,4,-93
12531695,3,-93
12552894,3,-93
12552894,6,-93
12821181,3,-93
12821181,7,-93
12842378,2,-93
12842378,3,-93
12842378,7,-93
12863575,3,-93
12863575,7,-93
12863575,8,-93
12884773,2,-93
12884773,3,-93
12905971,3,-93
12905971,6,-93
12927170,3,-93
12927170,6,-93
12948369,3,-93
12948369,7,-93
12969567,0,-92
12969567,3,-93
12990765,3,-93
12990765,4,-93
13011964,4,-93
13011964,7,-91
13033163,3,-93
13033163,6,-87
13054362,2,-88
13054362,6,-93
13075560,2,-93
13075560,6,-93
13096757,2,-93
13096757,5,-89
13096757,7,-93
13117955,3,-93
13117955,7,-93
13139154,3,-93
13160353,3,-93
13181550,2,-93
13181550,3,-93
13181550,7,-93
13202747,2,-93
13202747,4,-93
13202747,7,-93
13223946,3,-93
13223946,7,-93
13245141,2,-93
13245141,3,-93
13245141,4,-93
13245141,6,-93
13245141,7,-93
13266340,3,-89
13287539,7,-91
13308738,3,-93
13372337,3,-93
13393536,3,-93
13414734,4,-93
13414734,7,-93
13457134,7,-93
13499533,3,-93
13866382,3,-93
13887581,4,-93
13908779,4,-91
13908779,6,-93
13972378,0,-93
13993576,3,-93
13993576,6,-93
14014775,3,-93
14035974,3,-93
14078373,6,-93
14099571,3,-93
14099571,4,-93
14120770,4,-93
14141969,3,-93
14184367,4,-93
14184367,6,-93
234
14205600,6,-93
14248015,6,-93
14375214,3,-93
14396411,0,-93
14396411,2,-93
14396411,3,-93
14417608,2,-93
14417608,4,-93
14417608,7,-93
14438807,4,-93
14460005,7,-93
14460005,8,-93
14481203,6,-93
14481203,8,-93
14502400,4,-93
14502400,6,-91
14502400,7,-93
14523597,1,-93
14523597,3,-93
14523597,7,-93
14544795,3,-93
14544795,4,-93
14565993,3,-86
14565993,6,-93
14565993,7,-93
14587190,3,-93
14587190,4,-93
14587190,7,-93
14608387,1,-93
14608387,3,-87
14608387,4,-93
14608387,8,-93
14629585,3,-93
14629585,7,-93
14650781,1,-93
14650781,3,-93
14650781,4,-93
14650781,7,-93
14671980,1,-91
14671980,3,-93
14693177,0,-93
14693177,1,-90
14693177,3,-92
14693177,4,-92
14693177,7,-93
14714375,3,-91
14714375,6,-92
14714375,7,-93
14735571,1,-93
14735571,3,-93
14735571,6,-93
14735571,8,-93
14756768,1,-93
14756768,3,-92
14756768,6,-93
14756768,7,-93
14777965,1,-91
14777965,3,-92
14777965,6,-92
14777965,7,-93
14799162,1,-93
14799162,4,-93
14799162,7,-93
14820359,1,-93
14820359,5,-93
14820359,7,-93
14841554,1,-93
14841554,3,-92
14841554,4,-93
14841554,6,-93
14841554,7,-93
14841554,8,-93
14862752,1,-92
14862752,3,-93
14862752,4,-92
14862752,6,-93
14883946,1,-93
14883946,3,-93
14883946,4,-93
14883946,5,-93
233