250
400120,0,-75
400120,1,-66
400120,2,-77
400120,3,-83
400120,4,-65
400120,5,-49
400120,6,-79
400120,7,-71
400120,8,-75
400120,9,-47
400120,10,-73
400120,11,-73
400120,12,-80
400120,13,-128
400120,14,-128
475769,0,-75
475769,1,-61
475769,2,-85
475769,3,-90
475769,4,-65
475769,5,-55
475769,6,-83
475769,7,-79
475769,8,-77
475769,9,-49
475769,10,-73
475769,11,-74
475769,12,-77
475769,13,-128
475770,14,-80
551392,0,-87
551392,1,-59
551392,2,-77
551392,3,-90
551392,4,-64
551392,5,-52
551392,6,-88
551392,7,-82
551392,8,-77
551392,9,-55
551392,10,-75
551392,11,-76
551392,12,-75
551392,13,-128
551392,14,-72
627003,0,-88
627003,1,-84
627003,2,-89
627003,3,-91
627003,4,-58
627003,5,-50
627003,6,-73
627003,7,-79
627003,8,-79
627003,9,-57
627003,10,-75
627003,11,-78
627003,12,-75
627003,13,-128
627003,14,-79
702593,0,-88
702593,1,-78
702593,2,-83
702593,3,-68
702593,4,-71
702593,5,-72
702593,6,-88
702593,7,-79
702593,8,-77
702593,9,-50
702593,10,-83
702593,11,-80
702593,12,-80
702593,13,-128
702593,14,-84
0,0,0
0,0,0
0,0,0
0,0,0
0,0,0
249
778229,0,-91
778229,1,-83
778229,2,-89
778229,3,-75
778229,4,-71
778229,5,-74
778229,6,-84
778229,7,-88
778229,8,-90
778229,9,-89
778229,10,-94
778229,11,-84
778229,12,-73
778229,13,-128
778229,14,-84
853793,0,-75
853793,1,-80
853793,2,-87
853793,3,-86
853793,4,-87
853793,5,-90
853793,6,-93
853793,7,-83
853793,8,-81
853793,9,-94
853793,10,-86
853793,11,-82
853793,12,-46
853793,13,-128
853793,14,-72
929153,0,-128
929153,1,-128
929153,2,-128
929153,3,-128
929153,4,-128
929153,5,-128
929153,6,-128
929153,7,-128
929153,8,-95
929153,9,-128
929153,10,-128
929153,11,-128
929153,12,-92
929153,13,-128
929153,14,-94
1004461,0,-128
1004461,1,-128
1004461,2,-128
1004461,3,-128
1004461,4,-128
1004461,5,-128
1004461,6,-128
1004461,7,-128
1004461,8,-128
1004461,9,-128
1004461,10,-128
1004461,11,-128
1004461,12,-128
1004461,13,-128
1004461,14,-128
1079768,0,-128
1079768,1,-128
1079768,2,-128
1079768,3,-128
1079768,4,-128
1079768,5,-128
1079768,6,-128
1079768,7,-128
1079768,8,-128
1079768,9,-128
1079768,10,-128
1079768,11,-128
1079768,12,-128
1079768,13,-128
1079768,14,-95
0,0,0
0,0,0
0,0,0
0,0,0
0,0,0
248
1155154,0,-128
1155154,1,-128
1155154,2,-128
1155154,3,-128
1155154,4,-128
1155154,5,-128
1155154,6,-128
1155154,7,-128
1155154,8,-128
1155154,9,-128
1155154,10,-128
1155154,11,-128
1155154,12,-95
1155154,13,-128
1155154,14,-128
1230462,0,-128
1230462,1,-128
1230462,2,-128
1230462,3,-128
1230462,4,-128
1230462,5,-128
1230462,6,-128
1230462,7,-128
1230462,8,-128
1230462,9,-128
1230462,10,-128
1230462,11,-128
1230462,12,-95
1230462,13,-128
1230462,14,-128
1305770,0,-128
1305770,1,-128
1305770,2,-128
1305770,3,-128
1305770,4,-128
1305770,5,-128
1305770,6,-128
1305770,7,-128
1305770,8,-128
1305770,9,-128
1305770,10,-128
1305770,11,-128
1305770,12,-128
1305770,13,-128
1305770,14,-128
1381078,0,-128
1381078,1,-128
1381078,2,-128
1381078,3,-128
1381078,4,-128
1381078,5,-128
1381078,6,-128
1381078,7,-128
1381078,8,-128
1381078,9,-128
1381078,10,-128
1381078,11,-128
1381078,12,-128
1381078,13,-128
1381078,14,-128
1456386,0,-128
1456386,1,-128
1456386,2,-128
1456386,3,-128
1456386,4,-128
1456386,5,-128
1456386,6,-128
1456386,7,-128
1456386,8,-128
1456386,9,-128
1456386,10,-128
1456386,11,-128
1456386,12,-128
1456386,13,-128
1456386,14,-128
0,0,0
0,0,0
0,0,0
0,0,0
0,0,0
247
1531760,0,-128
1531760,1,-128
1531760,2,-128
1531760,3,-128
1531760,4,-128
1531760,5,-128
1531760,6,-128
1531760,7,-128
1531760,8,-128
1531760,9,-128
1531760,10,-128
1531760,11,-128
1531760,12,-128
1531760,13,-128
1531760,14,-128
1607067,0,-128
1607067,1,-128
1607067,2,-128
1607067,3,-128
1607067,4,-128
1607067,5,-128
1607067,6,-128
1607067,7,-128
1607067,8,-128
1607067,9,-128
1607067,10,-128
1607067,11,-128
1607067,12,-94
1607067,13,-128
1607067,14,-128
1682393,0,-128
1682393,1,-128
1682393,2,-128
1682393,3,-128
1682393,4,-128
1682393,5,-128
1682393,6,-128
1682393,7,-128
1682393,8,-128
1682393,9,-128
1682393,10,-128
1682393,11,-128
1682393,12,-92
1682393,13,-128
1682393,14,-128
1757704,0,-128
1757704,1,-128
1757704,2,-128
1757704,3,-128
1757704,4,-128
1757704,5,-128
1757704,6,-128
1757704,7,-128
1757704,8,-128
1757704,9,-128
1757704,10,-128
1757704,11,-128
1757704,12,-95
1757704,13,-128
1757704,14,-128
1833012,0,-128
1833012,1,-128
1833012,2,-128
1833012,3,-128
1833012,4,-128
1833012,5,-128
1833012,6,-128
1833012,7,-128
1833012,8,-128
1833012,9,-128
1833012,10,-128
1833012,11,-128
1833012,12,-128
1833012,13,-128
1833012,14,-128
0,0,0
0,0,0
0,0,0
0,0,0
0,0,0
246
1908386,0,-128
1908386,1,-128
1908386,2,-128
1908386,3,-128
1908386,4,-128
1908386,5,-128
1908386,6,-128
1908386,7,-128
1908386,8,-128
1908386,9,-128
1908386,10,-128
1908386,11,-128
1908386,12,-128
1908386,13,-128
1908386,14,-128
1983694,0,-128
1983694,1,-128
1983694,2,-128
1983694,3,-128
1983694,4,-128
1983694,5,-128
1983694,6,-128
1983694,7,-128
1983694,8,-128
1983694,9,-128
1983694,10,-128
1983694,11,-128
1983694,12,-128
1983694,13,-128
1983694,14,-128
2059002,0,-128
2059002,1,-128
2059002,2,-128
2059002,3,-128
2059002,4,-128
2059002,5,-128
2059002,6,-128
2059002,7,-128
2059002,8,-128
2059002,9,-128
2059002,10,-128
2059002,11,-128
2059002,12,-128
2059002,13,-128
2059002,14,-128
2134310,0,-128
2134310,1,-128
2134310,2,-128
2134310,3,-128
2134310,4,-128
2134310,5,-128
2134310,6,-128
2134310,7,-128
2134310,8,-128
2134310,9,-128
2134310,10,-128
2134310,11,-128
2134310,12,-128
2134310,13,-128
2134310,14,-128
2209618,0,-128
2209618,1,-128
2209618,2,-128
2209618,3,-128
2209618,4,-128
2209618,5,-128
2209618,6,-128
2209618,7,-128
2209618,8,-128
2209618,9,-128
2209618,10,-128
2209618,11,-128
2209618,12,-128
2209618,13,-128
2209618,14,-128
0,0,0
0,0,0
0,0,0
0,0,0
0,0,0
245
2284994,0,-128
2284994,1,-128
2284994,2,-128
2284994,3,-128
2284994,4,-128
2284994,5,-128
2284994,6,-128
2284994,7,-128
2284994,8,-128
2284994,9,-128
2284994,10,-128
2284994,11,-128
2284994,12,-128
2284994,13,-128
2284994,14,-128
2360302,0,-128
2360302,1,-128
2360302,2,-128
2360302,3,-128
2360302,4,-128
2360302,5,-128
2360302,6,-128
2360302,7,-128
2360302,8,-128
2360302,9,-128
2360302,10,-128
2360302,11,-128
2360302,12,-128
2360302,13,-128
2360302,14,-128
2435610,0,-128
2435610,1,-128
2435610,2,-128
2435610,3,-128
2435610,4,-128
2435610,5,-128
2435610,6,-128
2435610,7,-128
2435610,8,-128
2435610,9,-128
2435610,10,-128
2435610,11,-128
2435610,12,-128
2435610,13,-128
2435610,14,-128
2510918,0,-128
2510918,1,-128
2510918,2,-128
2510918,3,-128
2510918,4,-128
2510918,5,-128
2510918,6,-128
2510918,7,-128
2510918,8,-128
2510918,9,-128
2510918,10,-128
2510918,11,-128
2510918,12,-128
2510918,13,-128
2510918,14,-128
2586221,0,-93
2586221,1,-95
2586221,2,-95
2586221,3,-95
2586221,4,-95
2586221,5,-128
2586221,6,-95
2586221,7,-94
2586221,8,-95
2586221,9,-95
2586221,10,-95
2586221,11,-95
2586221,12,-128
2586221,13,-128
2586221,14,-128
0,0,0
0,0,0
0,0,0
0,0,0
0,0,0
244
2661632,0,-94
2661632,1,-128
2661632,2,-128
2661632,3,-128
2661632,4,-128
2661632,5,-128
2661632,6,-128
2661632,7,-128
2661632,8,-128
2661632,9,-128
2661632,10,-128
2661632,11,-128
2661632,12,-128
2661632,13,-128
2661632,14,-128
2736940,0,-128
2736940,1,-128
2736940,2,-128
2736940,3,-128
2736940,4,-94
2736940,5,-128
2736940,6,-128
2736940,7,-128
2736940,8,-128
2736940,9,-128
2736940,10,-128
2736940,11,-128
2736940,12,-128
2736940,13,-128
2736940,14,-128
2812256,0,-128
2812256,1,-128
2812256,2,-128
2812256,3,-128
2812256,4,-128
2812256,5,-128
2812256,6,-128
2812256,7,-128
2812256,8,-128
2812256,9,-128
2812256,10,-128
2812256,11,-128
2812256,12,-128
2812256,13,-128
2812256,14,-128
2887564,0,-128
2887564,1,-128
2887564,2,-128
2887564,3,-128
2887564,4,-128
2887564,5,-128
2887564,6,-128
2887564,7,-128
2887564,8,-128
2887564,9,-128
2887564,10,-128
2887564,11,-128
2887564,12,-128
2887564,13,-128
2887564,14,-128
2962872,0,-128
2962872,1,-128
2962872,2,-128
2962872,3,-128
2962872,4,-128
2962872,5,-128
2962872,6,-128
2962872,7,-128
2962872,8,-128
2962872,9,-128
2962872,10,-128
2962872,11,-128
2962872,12,-128
2962872,13,-128
2962872,14,-128
0,0,0
0,0,0
0,0,0
0,0,0
0,0,0
243
3038297,0,-128
3038297,1,-95
3038297,2,-95
3038297,3,-95
3038297,4,-128
3038297,5,-95
3038297,6,-95
3038297,7,-95
3038297,8,-95
3038297,9,-95
3038297,10,-128
3038297,11,-95
3038297,12,-95
3038297,13,-128
3038297,14,-128
3113617,0,-128
3113617,1,-128
3113617,2,-128
3113617,3,-128
3113617,4,-128
3113617,5,-128
3113617,6,-128
3113617,7,-128
3113617,8,-128
3113617,9,-128
3113617,10,-128
3113617,11,-128
3113617,12,-128
3113617,13,-128
3113617,14,-128
3188925,0,-128
3188925,1,-128
3188925,2,-128
3188925,3,-128
3188925,4,-128
3188925,5,-128
3188925,6,-128
3188925,7,-128
3188925,8,-128
3188925,9,-128
3188925,10,-128
3188925,11,-128
3188925,12,-128
3188925,13,-128
3188925,14,-128
3264233,0,-128
3264233,1,-128
3264233,2,-128
3264233,3,-128
3264233,4,-128
3264233,5,-128
3264233,6,-128
3264233,7,-128
3264233,8,-128
3264233,9,-128
3264233,10,-128
3264233,11,-128
3264233,12,-128
3264233,13,-128
3264233,14,-128
3339580,0,-95
3339580,1,-128
3339580,2,-128
3339580,3,-128
3339580,4,-128
3339580,5,-128
3339580,6,-95
3339580,7,-128
3339580,8,-88
3339580,9,-128
3339580,10,-128
3339580,11,-95
3339580,12,-93
3339580,13,-128
3339580,14,-128
0,0,0
0,0,0
0,0,0
0,0,0
0,0,0
242
3414955,0,-128
3414955,1,-128
3414955,2,-128
3414955,3,-128
3414955,4,-128
3414955,5,-128
3414955,6,-128
3414955,7,-95
3414955,8,-84
3414955,9,-128
3414955,10,-94
3414955,11,-128
3414955,12,-128
3414955,13,-128
3414955,14,-128
3490300,0,-128
3490300,1,-128
3490300,2,-128
3490300,3,-128
3490300,4,-128
3490300,5,-128
3490300,6,-128
3490300,7,-128
3490300,8,-128
3490300,9,-128
3490300,10,-128
3490300,11,-128
3490300,12,-128
3490300,13,-128
3490300,14,-128
3565628,0,-128
3565628,1,-128
3565628,2,-128
3565628,3,-128
3565628,4,-128
3565628,5,-128
3565628,6,-128
3565628,7,-128
3565628,8,-128
3565628,9,-91
3565628,10,-128
3565628,11,-128
3565628,12,-128
3565628,13,-128
3565628,14,-128
3640888,0,-95
3640888,1,-91
3640888,2,-128
3640888,3,-128
3640888,4,-128
3640888,5,-128
3640888,6,-128
3640888,7,-128
3640888,8,-128
3640888,9,-128
3640888,10,-128
3640888,11,-128
3640888,12,-128
3640888,13,-128
3640888,14,-128
3716212,0,-128
3716212,1,-128
3716212,2,-94
3716212,3,-95
3716212,4,-128
3716212,5,-90
3716212,6,-128
3716212,7,-94
3716212,8,-128
3716212,9,-128
3716213,10,-128
3716213,11,-94
3716213,12,-128
3716213,13,-128
3716213,14,-128
0,0,0
0,0,0
0,0,0
0,0,0
0,0,0
241
3791626,0,-128
3791626,1,-128
3791626,2,-95
3791626,3,-94
3791626,4,-128
3791626,5,-94
3791626,6,-128
3791626,7,-128
3791626,8,-128
3791626,9,-95
3791626,10,-128
3791626,11,-95
3791626,12,-94
3791626,13,-128
3791626,14,-128
3866941,0,-128
3866941,1,-128
3866941,2,-94
3866941,3,-94
3866941,4,-128
3866941,5,-95
3866941,6,-128
3866941,7,-128
3866941,8,-128
3866941,9,-128
3866941,10,-128
3866941,11,-94
3866941,12,-128
3866941,13,-128
3866941,14,-128
3942275,0,-128
3942275,1,-128
3942275,2,-128
3942275,3,-95
3942275,4,-128
3942275,5,-93
3942275,6,-128
3942275,7,-128
3942275,8,-128
3942275,9,-91
3942275,10,-95
3942275,11,-128
3942275,12,-128
3942275,13,-128
3942275,14,-128
4017628,0,-128
4017628,1,-128
4017628,2,-128
4017628,3,-128
4017628,4,-128
4017628,5,-95
4017628,6,-128
4017628,7,-128
4017628,8,-128
4017628,9,-93
4017628,10,-128
4017628,11,-128
4017628,12,-128
4017628,13,-128
4017628,14,-128
4092942,0,-95
4092942,1,-128
4092942,2,-95
4092942,3,-128
4092942,4,-128
4092942,5,-128
4092942,6,-128
4092942,7,-94
4092942,8,-128
4092942,9,-92
4092942,10,-128
4092942,11,-128
4092942,12,-95
4092942,13,-128
4092942,14,-128
0,0,0
0,0,0
0,0,0
0,0,0
0,0,0
240
4168329,0,-128
4168329,1,-128
4168329,2,-128
4168329,3,-128
4168329,4,-95
4168329,5,-128
4168329,6,-95
4168329,7,-128
4168329,8,-128
4168329,9,-94
4168329,10,-128
4168329,11,-128
4168329,12,-95
4168329,13,-128
4168329,14,-128
4243634,0,-128
4243634,1,-128
4243634,2,-95
4243634,3,-95
4243634,4,-128
4243634,5,-128
4243634,6,-128
4243634,7,-128
4243634,8,-128
4243634,9,-94
4243634,10,-128
4243634,11,-95
4243634,12,-128
4243634,13,-128
4243634,14,-128
4318986,0,-128
4318986,1,-128
4318986,2,-94
4318986,3,-95
4318986,4,-128
4318986,5,-128
4318986,6,-128
4318986,7,-128
4318986,8,-128
4318986,9,-93
4318986,10,-128
4318986,11,-95
4318986,12,-128
4318986,13,-128
4318986,14,-128
4394303,0,-128
4394303,1,-128
4394303,2,-95
4394303,3,-95
4394303,4,-128
4394303,5,-128
4394303,6,-128
4394303,7,-128
4394303,8,-128
4394303,9,-94
4394303,10,-128
4394303,11,-95
4394303,12,-128
4394303,13,-128
4394303,14,-128
4469634,0,-128
4469634,1,-128
4469634,2,-95
4469634,3,-128
4469634,4,-128
4469634,5,-128
4469634,6,-128
4469634,7,-128
4469634,8,-128
4469634,9,-94
4469634,10,-128
4469634,11,-95
4469634,12,-128
4469634,13,-128
4469634,14,-128
0,0,0
0,0,0
0,0,0
0,0,0
0,0,0
239
4545043,0,-128
4545043,1,-128
4545043,2,-128
4545043,3,-128
4545043,4,-95
4545043,5,-95
4545043,6,-128
4545043,7,-128
4545043,8,-128
4545043,9,-89
4545043,10,-128
4545043,11,-95
4545043,12,-128
4545043,13,-128
4545043,14,-128
4620359,0,-128
4620359,1,-95
4620359,2,-128
4620359,3,-95
4620359,4,-93
4620359,5,-94
4620359,6,-128
4620359,7,-128
4620359,8,-128
4620359,9,-95
4620359,10,-128
4620359,11,-128
4620359,12,-128
4620359,13,-128
4620359,14,-128
4695680,0,-128
4695680,1,-128
4695680,2,-128
4695680,3,-128
4695680,4,-128
4695680,5,-128
4695680,6,-128
4695680,7,-128
4695680,8,-128
4695680,9,-128
4695680,10,-128
4695680,11,-128
4695680,12,-128
4695680,13,-128
4695680,14,-128
4770986,0,-128
4770986,1,-128
4770986,2,-128
4770986,3,-128
4770986,4,-95
4770986,5,-128
4770986,6,-128
4770986,7,-128
4770986,8,-128
4770986,9,-95
4770986,10,-128
4770986,11,-128
4770986,12,-128
4770986,13,-128
4770986,14,-128
4846299,0,-128
4846299,1,-128
4846299,2,-128
4846299,3,-128
4846299,4,-95
4846299,5,-128
4846299,6,-128
4846299,7,-128
4846299,8,-128
4846299,9,-95
4846299,10,-128
4846299,11,-128
4846299,12,-128
4846299,13,-128
4846299,14,-128
0,0,0
0,0,0
0,0,0
0,0,0
0,0,0
238
4921712,0,-128
4921712,1,-128
4921712,2,-128
4921712,3,-128
4921712,4,-128
4921712,5,-128
4921712,6,-128
4921712,7,-95
4921712,8,-128
4921712,9,-87
4921712,10,-93
4921712,11,-128
4921712,12,-128
4921712,13,-128
4921712,14,-128
4997019,0,-128
4997019,1,-128
4997019,2,-128
4997019,3,-128
4997019,4,-95
4997019,5,-128
4997019,6,-128
4997019,7,-95
4997019,8,-128
4997019,9,-95
4997019,10,-94
4997019,11,-128
4997019,12,-128
4997019,13,-128
4997019,14,-128
5072326,0,-93
5072326,1,-128
5072326,2,-128
5072326,3,-128
5072326,4,-128
5072326,5,-128
5072326,6,-128
5072326,7,-128
5072326,8,-128
5072326,9,-128
5072326,10,-128
5072326,11,-128
5072326,12,-128
5072326,13,-128
5072326,14,-128
5147685,0,-128
5147685,1,-128
5147685,2,-128
5147685,3,-128
5147685,4,-95
5147685,5,-128
5147685,6,-90
5147685,7,-94
5147685,8,-128
5147685,9,-128
5147685,10,-128
5147685,11,-128
5147685,12,-95
5147685,13,-128
5147685,14,-128
5222991,0,-95
5222991,1,-128
5222991,2,-128
5222991,3,-128
5222991,4,-128
5222991,5,-128
5222991,6,-128
5222991,7,-128
5222991,8,-128
5222991,9,-95
5222991,10,-95
5222991,11,-128
5222991,12,-128
5222991,13,-128
5222991,14,-128
0,0,0
0,0,0
0,0,0
0,0,0
0,0,0
237
5298362,0,-95
5298362,1,-128
5298362,2,-128
5298362,3,-95
5298362,4,-128
5298362,5,-128
5298362,6,-128
5298362,7,-128
5298362,8,-128
5298362,9,-95
5298362,10,-128
5298362,11,-95
5298362,12,-128
5298362,13,-128
5298362,14,-128
5373697,0,-128
5373697,1,-128
5373697,2,-128
5373697,3,-128
5373697,4,-128
5373697,5,-128
5373697,6,-128
5373697,7,-128
5373697,8,-128
5373697,9,-95
5373697,10,-128
5373697,11,-94
5373697,12,-128
5373697,13,-128
5373697,14,-128
5449009,0,-128
5449009,1,-128
5449009,2,-128
5449009,3,-128
5449009,4,-128
5449009,5,-128
5449009,6,-128
5449009,7,-95
5449009,8,-128
5449009,9,-128
5449009,10,-128
5449009,11,-128
5449009,12,-128
5449009,13,-128
5449009,14,-128
5524316,0,-128
5524316,1,-128
5524316,2,-128
5524316,3,-128
5524316,4,-128
5524316,5,-128
5524316,6,-128
5524316,7,-128
5524316,8,-128
5524316,9,-95
5524316,10,-128
5524316,11,-128
5524316,12,-128
5524316,13,-128
5524316,14,-128
5599663,0,-128
5599663,1,-128
5599663,2,-83
5599663,3,-128
5599663,4,-128
5599663,5,-128
5599663,6,-128
5599663,7,-128
5599663,8,-128
5599663,9,-95
5599663,10,-128
5599663,11,-128
5599663,12,-128
5599663,13,-128
5599663,14,-128
0,0,0
0,0,0
0,0,0
0,0,0
0,0,0
236
5675036,0,-128
5675036,1,-128
5675036,2,-128
5675036,3,-128
5675036,4,-128
5675036,5,-128
5675036,6,-90
5675036,7,-128
5675036,8,-128
5675036,9,-95
5675036,10,-128
5675036,11,-128
5675036,12,-128
5675036,13,-128
5675036,14,-128
5750394,0,-128
5750394,1,-128
5750394,2,-86
5750394,3,-128
5750394,4,-128
5750394,5,-128
5750394,6,-95
5750394,7,-128
5750394,8,-128
5750394,9,-82
5750394,10,-128
5750394,11,-128
5750394,12,-128
5750394,13,-128
5750394,14,-128
5825701,0,-128
5825701,1,-95
5825701,2,-92
5825701,3,-128
5825701,4,-128
5825701,5,-95
5825701,6,-128
5825701,7,-128
5825701,8,-128
5825701,9,-95
5825701,10,-128
5825701,11,-128
5825701,12,-128
5825701,13,-128
5825701,14,-128
5901030,0,-128
5901030,1,-94
5901030,2,-128
5901030,3,-128
5901030,4,-128
5901030,5,-128
5901030,6,-128
5901030,7,-128
5901030,8,-128
5901030,9,-128
5901030,10,-128
5901030,11,-128
5901030,12,-128
5901030,13,-128
5901030,14,-128
5976383,0,-128
5976383,1,-128
5976383,2,-94
5976383,3,-128
5976383,4,-128
5976383,5,-128
5976383,6,-128
5976383,7,-128
5976383,8,-128
5976383,9,-92
5976383,10,-128
5976383,11,-128
5976383,12,-128
5976383,13,-128
5976383,14,-128
0,0,0
0,0,0
0,0,0
0,0,0
0,0,0
235
6051786,0,-128
6051786,1,-128
6051786,2,-95
6051786,3,-128
6051786,4,-128
6051786,5,-95
6051786,6,-128
6051786,7,-128
6051786,8,-128
6051786,9,-94
6051786,10,-128
6051786,11,-128
6051786,12,-128
6051786,13,-128
6051786,14,-128
6127093,0,-128
6127093,1,-128
6127093,2,-128
6127093,3,-128
6127093,4,-128
6127093,5,-95
6127093,6,-128
6127093,7,-128
6127093,8,-128
6127093,9,-128
6127093,10,-128
6127093,11,-128
6127093,12,-128
6127093,13,-128
6127093,14,-128
6202423,0,-128
6202423,1,-128
6202423,2,-95
6202423,3,-128
6202423,4,-128
6202423,5,-128
6202423,6,-128
6202423,7,-128
6202423,8,-128
6202423,9,-128
6202423,10,-128
6202423,11,-128
6202423,12,-128
6202423,13,-128
6202423,14,-128
6277742,0,-128
6277742,1,-95
6277742,2,-94
6277742,3,-128
6277742,4,-128
6277742,5,-128
6277742,6,-128
6277742,7,-128
6277742,8,-128
6277742,9,-128
6277742,10,-128
6277742,11,-128
6277742,12,-128
6277742,13,-128
6277742,14,-128
6353074,0,-128
6353074,1,-95
6353074,2,-128
6353074,3,-128
6353074,4,-128
6353074,5,-128
6353074,6,-128
6353074,7,-128
6353074,8,-128
6353074,9,-128
6353074,10,-128
6353074,11,-90
6353074,12,-128
6353074,13,-128
6353074,14,-128
0,0,0
0,0,0
0,0,0
0,0,0
0,0,0
234
6428474,0,-128
6428474,1,-128
6428474,2,-93
6428474,3,-128
6428474,4,-128
6428474,5,-128
6428474,6,-128
6428474,7,-128
6428474,8,-128
6428474,9,-128
6428474,10,-128
6428474,11,-95
6428474,12,-128
6428474,13,-128
6428474,14,-128
6503800,0,-128
6503800,1,-128
6503800,2,-128
6503800,3,-128
6503800,4,-128
6503800,5,-128
6503800,6,-94
6503800,7,-128
6503800,8,-128
6503800,9,-128
6503800,10,-128
6503800,11,-88
6503800,12,-128
6503800,13,-128
6503800,14,-128
6579107,0,-128
6579107,1,-128
6579107,2,-95
6579107,3,-128
6579107,4,-128
6579107,5,-128
6579107,6,-128
6579107,7,-128
6579107,8,-128
6579107,9,-128
6579107,10,-128
6579107,11,-128
6579107,12,-128
6579107,13,-128
6579107,14,-128
6654415,0,-128
6654415,1,-128
6654415,2,-128
6654415,3,-128
6654415,4,-95
6654415,5,-128
6654415,6,-128
6654415,7,-128
6654415,8,-128
6654415,9,-128
6654415,10,-128
6654415,11,-92
6654415,12,-128
6654415,13,-128
6654415,14,-128
6729730,0,-128
6729730,1,-128
6729730,2,-128
6729730,3,-128
6729730,4,-128
6729730,5,-128
6729730,6,-128
6729730,7,-128
6729730,8,-128
6729730,9,-93
6729730,10,-128
6729730,11,-128
6729730,12,-128
6729730,13,-128
6729730,14,-128
0,0,0
0,0,0
0,0,0
0,0,0
0,0,0
233
6805102,0,-128
6805102,1,-128
6805102,2,-128
6805102,3,-128
6805102,4,-94
6805102,5,-95
6805102,6,-128
6805102,7,-128
6805102,8,-128
6805102,9,-95
6805102,10,-128
6805102,11,-95
6805102,12,-128
6805102,13,-128
6805102,14,-128
6880460,0,-128
6880460,1,-128
6880460,2,-128
6880460,3,-95
6880460,4,-95
6880460,5,-128
6880460,6,-128
6880460,7,-128
6880460,8,-128
6880460,9,-94
6880460,10,-128
6880460,11,-94
6880460,12,-128
6880460,13,-128
6880460,14,-128
6955804,0,-128
6955804,1,-128
6955804,2,-95
6955804,3,-128
6955804,4,-95
6955804,5,-128
6955804,6,-93
6955804,7,-128
6955804,8,-128
6955804,9,-94
6955804,10,-128
6955804,11,-94
6955804,12,-128
6955804,13,-128
6955804,14,-128
7031169,0,-128
7031169,1,-95
7031169,2,-128
7031169,3,-90
7031169,4,-95
7031169,5,-95
7031169,6,-95
7031169,7,-128
7031169,8,-128
7031169,9,-95
7031169,10,-128
7031169,11,-93
7031169,12,-128
7031169,13,-128
7031169,14,-128
7106493,0,-128
7106493,1,-128
7106493,2,-128
7106493,3,-95
7106493,4,-90
7106493,5,-95
7106493,6,-95
7106493,7,-128
7106493,8,-128
7106493,9,-128
7106493,10,-128
7106493,11,-95
7106493,12,-128
7106493,13,-128
7106493,14,-128
0,0,0
0,0,0
0,0,0
0,0,0
0,0,0
232
7181891,0,-128
7181891,1,-128
7181891,2,-128
7181891,3,-128
7181891,4,-128
7181891,5,-128
7181891,6,-95
7181891,7,-128
7181891,8,-128
7181891,9,-95
7181891,10,-128
7181891,11,-128
7181891,12,-88
7181891,13,-128
7181891,14,-128
7257215,0,-128
7257215,1,-128
7257215,2,-95
7257215,3,-128
7257215,4,-95
7257215,5,-95
7257215,6,-128
7257215,7,-128
7257215,8,-128
7257215,9,-128
7257215,10,-128
7257215,11,-128
7257215,12,-128
7257215,13,-128
7257215,14,-128
7332549,0,-128
7332549,1,-128
7332549,2,-128
7332549,3,-128
7332549,4,-95
7332549,5,-128
7332549,6,-128
7332549,7,-128
7332549,8,-128
7332549,9,-128
7332549,10,-128
7332549,11,-128
7332549,12,-128
7332549,13,-128
7332549,14,-128
7407879,0,-128
7407879,1,-128
7407879,2,-128
7407879,3,-128
7407879,4,-95
7407879,5,-128
7407879,6,-128
7407879,7,-128
7407879,8,-128
7407879,9,-128
7407879,10,-128
7407879,11,-128
7407879,12,-128
7407879,13,-128
7407879,14,-128
7483187,0,-128
7483187,1,-128
7483187,2,-128
7483187,3,-128
7483187,4,-95
7483187,5,-128
7483187,6,-128
7483187,7,-128
7483187,8,-128
7483187,9,-128
7483187,10,-128
7483187,11,-128
7483187,12,-128
7483187,13,-128
7483187,14,-128
0,0,0
0,0,0
0,0,0
0,0,0
0,0,0
231
7558560,0,-128
7558560,1,-128
7558560,2,-128
7558560,3,-95
7558560,4,-93
7558560,5,-128
7558560,6,-128
7558560,7,-128
7558560,8,-128
7558560,9,-128
7558560,10,-128
7558560,11,-128
7558560,12,-128
7558560,13,-128
7558560,14,-128
7633878,0,-128
7633878,1,-128
7633878,2,-128
7633878,3,-128
7633878,4,-93
7633878,5,-128
7633878,6,-128
7633878,7,-128
7633878,8,-128
7633878,9,-128
7633878,10,-128
7633878,11,-128
7633878,12,-128
7633878,13,-128
7633878,14,-128
7709186,0,-128
7709186,1,-128
7709186,2,-128
7709186,3,-128
7709186,4,-91
7709186,5,-128
7709186,6,-128
7709186,7,-128
7709186,8,-128
7709186,9,-128
7709186,10,-128
7709186,11,-128
7709186,12,-128
7709186,13,-128
7709186,14,-128
7784543,0,-128
7784543,1,-128
7784543,2,-128
7784543,3,-128
7784543,4,-95
7784543,5,-128
7784543,6,-128
7784543,7,-128
7784543,8,-128
7784543,9,-94
7784543,10,-128
7784543,11,-95
7784543,12,-128
7784543,13,-128
7784543,14,-128
7859877,0,-128
7859877,1,-95
7859877,2,-128
7859877,3,-95
7859877,4,-95
7859877,5,-128
7859877,6,-95
7859877,7,-128
7859877,8,-128
7859877,9,-128
7859877,10,-128
7859877,11,-95
7859877,12,-128
7859877,13,-128
7859877,14,-128
0,0,0
0,0,0
0,0,0
0,0,0
0,0,0
230
7935271,0,-128
7935271,1,-128
7935271,2,-95
7935271,3,-128
7935271,4,-128
7935271,5,-128
7935271,6,-128
7935271,7,-128
7935271,8,-128
7935271,9,-90
7935271,10,-128
7935271,11,-128
7935271,12,-128
7935271,13,-128
7935271,14,-128
8010633,0,-128
8010633,1,-128
8010633,2,-95
8010633,3,-94
8010633,4,-128
8010633,5,-128
8010633,6,-128
8010633,7,-128
8010633,8,-128
8010633,9,-128
8010633,10,-91
8010633,11,-128
8010633,12,-128
8010633,13,-128
8010633,14,-128
8085965,0,-128
8085965,1,-128
8085965,2,-128
8085965,3,-128
8085965,4,-128
8085965,5,-128
8085965,6,-128
8085965,7,-128
8085965,8,-128
8085965,9,-128
8085965,10,-128
8085965,11,-95
8085965,12,-128
8085965,13,-128
8085965,14,-128
8161270,0,-128
8161270,1,-128
8161270,2,-128
8161270,3,-128
8161270,4,-95
8161270,5,-128
8161270,6,-95
8161270,7,-128
8161270,8,-128
8161270,9,-128
8161270,10,-128
8161270,11,-95
8161270,12,-128
8161270,13,-128
8161270,14,-128
8236578,0,-128
8236578,1,-128
8236578,2,-128
8236578,3,-128
8236578,4,-128
8236578,5,-128
8236578,6,-128
8236578,7,-128
8236578,8,-128
8236578,9,-128
8236578,10,-128
8236578,11,-128
8236578,12,-128
8236578,13,-128
8236578,14,-128
0,0,0
0,0,0
0,0,0
0,0,0
0,0,0
229
8311963,0,-128
8311963,1,-128
8311963,2,-95
8311963,3,-128
8311963,4,-95
8311963,5,-128
8311963,6,-128
8311963,7,-128
8311963,8,-128
8311963,9,-128
8311963,10,-128
8311963,11,-95
8311963,12,-128
8311963,13,-128
8311963,14,-128
8387272,0,-128
8387272,1,-128
8387272,2,-128
8387272,3,-128
8387272,4,-128
8387272,5,-128
8387272,6,-128
8387272,7,-128
8387272,8,-128
8387272,9,-95
8387272,10,-128
8387272,11,-91
8387272,12,-95
8387272,13,-128
8387272,14,-128
8462585,0,-128
8462585,1,-128
8462585,2,-128
8462585,3,-128
8462585,4,-128
8462585,5,-128
8462585,6,-128
8462585,7,-128
8462585,8,-128
8462585,9,-128
8462585,10,-128
8462585,11,-128
8462585,12,-128
8462585,13,-128
8462585,14,-128
8537892,0,-128
8537892,1,-128
8537892,2,-128
8537892,3,-128
8537892,4,-128
8537892,5,-128
8537892,6,-128
8537892,7,-128
8537892,8,-128
8537892,9,-128
8537892,10,-128
8537892,11,-95
8537892,12,-128
8537892,13,-128
8537892,14,-128
8613199,0,-128
8613199,1,-128
8613199,2,-128
8613199,3,-128
8613199,4,-95
8613199,5,-128
8613199,6,-128
8613199,7,-128
8613199,8,-128
8613199,9,-128
8613199,10,-128
8613199,11,-128
8613199,12,-128
8613199,13,-128
8613199,14,-128
0,0,0
0,0,0
0,0,0
0,0,0
0,0,0
228
8688571,0,-128
8688571,1,-128
8688571,2,-128
8688571,3,-128
8688571,4,-95
8688571,5,-128
8688571,6,-93
8688571,7,-128
8688571,8,-128
8688571,9,-128
8688571,10,-128
8688571,11,-128
8688571,12,-95
8688571,13,-128
8688571,14,-128
8763693,0,-128
8763693,1,-128
8763693,2,-128
8763693,3,-128
8763693,4,-95
8763693,5,-95
8763693,6,-128
8763693,7,-128
8763693,8,-128
8763693,9,-95
8763693,10,-128
8763693,11,-94
8763693,12,-128
8763693,13,-128
8763693,14,-128
8839008,0,-128
8839008,1,-95
8839008,2,-128
8839008,3,-95
8839008,4,-95
8839008,5,-95
8839008,6,-128
8839008,7,-128
8839008,8,-128
8839008,9,-128
8839008,10,-128
8839008,11,-128
8839008,12,-128
8839008,13,-128
8839008,14,-128
8914334,0,-128
8914334,1,-95
8914334,2,-128
8914334,3,-128
8914334,4,-128
8914334,5,-95
8914334,6,-128
8914334,7,-128
8914334,8,-128
8914334,9,-128
8914334,10,-94
8914334,11,-95
8914334,12,-128
8914334,13,-128
8914334,14,-128
8989643,0,-128
8989643,1,-128
8989643,2,-128
8989643,3,-128
8989643,4,-128
8989643,5,-128
8989643,6,-128
8989643,7,-128
8989643,8,-128
8989643,9,-128
8989643,10,-128
8989643,11,-128
8989643,12,-128
8989643,13,-128
8989643,14,-128
0,0,0
0,0,0
0,0,0
0,0,0
0,0,0
227
9065064,0,-128
9065064,1,-128
9065064,2,-128
9065064,3,-128
9065064,4,-128
9065064,5,-95
9065064,6,-128
9065064,7,-128
9065064,8,-128
9065064,9,-91
9065064,10,-87
9065064,11,-128
9065064,12,-128
9065064,13,-128
9065064,14,-128
9140370,0,-128
9140370,1,-128
9140370,2,-128
9140370,3,-128
9140370,4,-128
9140370,5,-95
9140370,6,-128
9140370,7,-128
9140370,8,-128
9140370,9,-94
9140370,10,-91
9140370,11,-128
9140370,12,-128
9140370,13,-128
9140370,14,-128
9215689,0,-128
9215689,1,-128
9215689,2,-128
9215689,3,-128
9215689,4,-95
9215689,5,-128
9215689,6,-128
9215689,7,-128
9215689,8,-128
9215689,9,-128
9215689,10,-128
9215689,11,-128
9215689,12,-128
9215689,13,-128
9215689,14,-128
9291003,0,-128
9291003,1,-128
9291003,2,-128
9291003,3,-95
9291003,4,-128
9291003,5,-128
9291003,6,-128
9291003,7,-128
9291003,8,-128
9291003,9,-128
9291003,10,-128
9291003,11,-128
9291003,12,-128
9291003,13,-128
9291003,14,-128
9366310,0,-128
9366310,1,-95
9366310,2,-128
9366310,3,-128
9366310,4,-128
9366310,5,-128
9366310,6,-128
9366310,7,-128
9366310,8,-128
9366310,9,-128
9366310,10,-128
9366310,11,-128
9366310,12,-128
9366310,13,-128
9366310,14,-128
0,0,0
0,0,0
0,0,0
0,0,0
0,0,0
226
9441683,0,-128
9441683,1,-128
9441683,2,-95
9441683,3,-128
9441683,4,-128
9441683,5,-128
9441683,6,-128
9441683,7,-128
9441683,8,-128
9441683,9,-128
9441683,10,-128
9441683,11,-128
9441683,12,-128
9441683,13,-128
9441683,14,-128
9516991,0,-128
9516991,1,-128
9516991,2,-128
9516991,3,-128
9516991,4,-128
9516991,5,-128
9516991,6,-128
9516991,7,-128
9516991,8,-128
9516991,9,-128
9516991,10,-128
9516991,11,-128
9516991,12,-128
9516991,13,-128
9516991,14,-128
9592299,0,-128
9592299,1,-128
9592299,2,-128
9592299,3,-128
9592299,4,-128
9592299,5,-128
9592299,6,-128
9592299,7,-128
9592299,8,-128
9592299,9,-128
9592299,10,-128
9592299,11,-128
9592299,12,-128
9592299,13,-128
9592299,14,-128
9667606,0,-128
9667606,1,-95
9667606,2,-128
9667606,3,-95
9667606,4,-128
9667606,5,-128
9667606,6,-128
9667606,7,-128
9667606,8,-128
9667606,9,-128
9667606,10,-128
9667606,11,-128
9667606,12,-128
9667606,13,-128
9667606,14,-128
9742925,0,-128
9742925,1,-95
9742925,2,-95
9742925,3,-95
9742925,4,-95
9742925,5,-93
9742925,6,-94
9742925,7,-128
9742925,8,-128
9742925,9,-128
9742925,10,-128
9742925,11,-128
9742925,12,-128
9742925,13,-128
9742925,14,-128
0,0,0
0,0,0
0,0,0
0,0,0
0,0,0
225
9818296,0,-128
9818296,1,-94
9818296,2,-95
9818296,3,-128
9818296,4,-128
9818296,5,-95
9818296,6,-128
9818296,7,-128
9818296,8,-128
9818296,9,-95
9818296,10,-128
9818296,11,-128
9818296,12,-128
9818296,13,-128
9818296,14,-128
9893601,0,-128
9893601,1,-95
9893601,2,-95
9893601,3,-128
9893601,4,-95
9893601,5,-95
9893601,6,-128
9893601,7,-128
9893601,8,-128
9893601,9,-95
9893601,10,-95
9893601,11,-128
9893601,12,-128
9893601,13,-128
9893601,14,-128
9968924,0,-128
9968924,1,-94
9968924,2,-94
9968924,3,-128
9968924,4,-92
9968924,5,-94
9968924,6,-94
9968924,7,-128
9968924,8,-128
9968924,9,-95
9968924,10,-94
9968924,11,-128
9968924,12,-92
9968924,13,-128
9968924,14,-128
10044258,0,-128
10044258,1,-95
10044258,2,-128
10044258,3,-128
10044258,4,-128
10044258,5,-128
10044258,6,-128
10044258,7,-128
10044258,8,-128
10044258,9,-128
10044258,10,-128
10044258,11,-128
10044258,12,-128
10044258,13,-128
10044258,14,-128
10119563,0,-128
10119563,1,-94
10119563,2,-128
10119563,3,-128
10119563,4,-128
10119563,5,-95
10119563,6,-128
10119563,7,-128
10119563,8,-128
10119563,9,-128
10119563,10,-128
10119563,11,-128
10119563,12,-95
10119563,13,-128
10119563,14,-128
0,0,0
0,0,0
0,0,0
0,0,0
0,0,0
224
10194965,0,-128
10194965,1,-92
10194965,2,-128
10194965,3,-128
10194965,4,-128
10194965,5,-95
10194965,6,-128
10194965,7,-128
10194965,8,-128
10194965,9,-128
10194965,10,-128
10194965,11,-128
10194965,12,-128
10194965,13,-128
10194965,14,-128
10270313,0,-128
10270313,1,-95
10270313,2,-95
10270313,3,-128
10270313,4,-128
10270313,5,-94
10270313,6,-95
10270313,7,-128
10270313,8,-128
10270313,9,-95
10270313,10,-95
10270313,11,-128
10270313,12,-95
10270313,13,-128
10270313,14,-128
10345620,0,-128
10345620,1,-95
10345620,2,-92
10345620,3,-128
10345620,4,-128
10345620,5,-128
10345620,6,-128
10345620,7,-128
10345620,8,-128
10345620,9,-128
10345620,10,-128
10345620,11,-128
10345620,12,-128
10345620,13,-128
10345620,14,-128
10420943,0,-128
10420943,1,-128
10420943,2,-95
10420943,3,-95
10420943,4,-128
10420943,5,-128
10420943,6,-128
10420943,7,-128
10420943,8,-128
10420943,9,-128
10420943,10,-128
10420943,11,-128
10420943,12,-128
10420943,13,-128
10420943,14,-128
10496261,0,-128
10496261,1,-95
10496261,2,-94
10496261,3,-95
10496261,4,-128
10496261,5,-95
10496261,6,-128
10496261,7,-128
10496261,8,-128
10496261,9,-128
10496261,10,-128
10496261,11,-128
10496261,12,-128
10496261,13,-128
10496261,14,-128
0,0,0
0,0,0
0,0,0
0,0,0
0,0,0
223
10571657,0,-128
10571657,1,-128
10571657,2,-95
10571657,3,-95
10571657,4,-128
10571657,5,-128
10571657,6,-128
10571657,7,-128
10571657,8,-128
10571657,9,-128
10571657,10,-128
10571657,11,-128
10571657,12,-128
10571657,13,-128
10571657,14,-128
10646963,0,-128
10646963,1,-95
10646963,2,-128
10646963,3,-128
10646963,4,-128
10646963,5,-95
10646963,6,-128
10646963,7,-128
10646963,8,-128
10646963,9,-128
10646963,10,-128
10646963,11,-128
10646963,12,-128
10646963,13,-128
10646963,14,-128
10722267,0,-128
10722267,1,-95
10722267,2,-95
10722267,3,-95
10722267,4,-128
10722267,5,-95
10722267,6,-128
10722267,7,-128
10722267,8,-128
10722267,9,-128
10722267,10,-128
10722267,11,-128
10722267,12,-128
10722267,13,-128
10722267,14,-128
10797592,0,-128
10797592,1,-128
10797592,2,-128
10797592,3,-128
10797592,4,-128
10797592,5,-128
10797592,6,-128
10797592,7,-128
10797592,8,-128
10797592,9,-128
10797592,10,-128
10797592,11,-128
10797592,12,-128
10797592,13,-128
10797592,14,-128
10872900,0,-128
10872900,1,-128
10872900,2,-128
10872900,3,-128
10872900,4,-128
10872900,5,-128
10872900,6,-128
10872900,7,-128
10872900,8,-128
10872900,9,-128
10872900,10,-128
10872900,11,-128
10872900,12,-128
10872900,13,-128
10872900,14,-128
0,0,0
0,0,0
0,0,0
0,0,0
0,0,0
222
10948271,0,-128
10948271,1,-128
10948271,2,-128
10948271,3,-95
10948271,4,-128
10948271,5,-95
10948271,6,-128
10948271,7,-128
10948271,8,-128
10948271,9,-128
10948271,10,-128
10948271,11,-128
10948271,12,-94
10948271,13,-128
10948271,14,-128
11023584,0,-128
11023584,1,-128
11023584,2,-128
11023584,3,-128
11023584,4,-128
11023584,5,-128
11023584,6,-128
11023584,7,-128
11023584,8,-128
11023584,9,-128
11023584,10,-128
11023584,11,-128
11023584,12,-128
11023584,13,-128
11023584,14,-128
11098892,0,-128
11098892,1,-128
11098892,2,-128
11098892,3,-128
11098892,4,-128
11098892,5,-128
11098892,6,-128
11098892,7,-128
11098892,8,-128
11098892,9,-128
11098892,10,-128
11098892,11,-128
11098892,12,-128
11098892,13,-128
11098892,14,-128
11174200,0,-128
11174200,1,-128
11174200,2,-128
11174200,3,-128
11174200,4,-128
11174200,5,-128
11174200,6,-128
11174200,7,-128
11174200,8,-128
11174200,9,-128
11174200,10,-128
11174200,11,-128
11174200,12,-128
11174200,13,-128
11174200,14,-128
11249531,0,-128
11249531,1,-128
11249531,2,-128
11249531,3,-128
11249531,4,-95
11249531,5,-128
11249531,6,-128
11249531,7,-128
11249531,8,-128
11249531,9,-128
11249531,10,-128
11249531,11,-128
11249531,12,-128
11249531,13,-128
11249531,14,-128
0,0,0
0,0,0
0,0,0
0,0,0
0,0,0
221
11324905,0,-128
11324905,1,-128
11324905,2,-128
11324905,3,-128
11324905,4,-128
11324905,5,-128
11324905,6,-128
11324905,7,-128
11324905,8,-128
11324905,9,-128
11324905,10,-128
11324905,11,-128
11324905,12,-128
11324905,13,-128
11324905,14,-128
11400234,0,-128
11400234,1,-128
11400234,2,-94
11400234,3,-94
11400234,4,-95
11400234,5,-94
11400234,6,-128
11400234,7,-128
11400234,8,-128
11400234,9,-128
11400234,10,-128
11400234,11,-128
11400234,12,-128
11400234,13,-128
11400234,14,-128
11475543,0,-128
11475543,1,-128
11475543,2,-128
11475543,3,-128
11475543,4,-91
11475543,5,-128
11475543,6,-95
11475543,7,-128
11475543,8,-128
11475543,9,-128
11475543,10,-128
11475543,11,-128
11475543,12,-128
11475543,13,-128
11475543,14,-128
11550848,0,-128
11550848,1,-128
11550848,2,-95
11550848,3,-128
11550848,4,-94
11550848,5,-128
11550848,6,-94
11550848,7,-128
11550848,8,-128
11550848,9,-128
11550848,10,-128
11550848,11,-128
11550848,12,-128
11550848,13,-128
11550848,14,-128
11626156,0,-128
11626156,1,-128
11626156,2,-128
11626156,3,-128
11626156,4,-128
11626156,5,-128
11626156,6,-128
11626156,7,-128
11626156,8,-128
11626156,9,-128
11626156,10,-128
11626156,11,-128
11626156,12,-128
11626156,13,-128
11626156,14,-128
0,0,0
0,0,0
0,0,0
0,0,0
0,0,0
220
11701529,0,-128
11701529,1,-128
11701529,2,-128
11701529,3,-128
11701529,4,-95
11701529,5,-128
11701529,6,-128
11701529,7,-128
11701529,8,-128
11701529,9,-128
11701529,10,-128
11701529,11,-128
11701529,12,-128
11701529,13,-128
11701529,14,-128
11776842,0,-128
11776842,1,-128
11776842,2,-128
11776842,3,-128
11776842,4,-94
11776842,5,-128
11776842,6,-128
11776842,7,-128
11776842,8,-128
11776842,9,-128
11776842,10,-128
11776842,11,-128
11776842,12,-128
11776842,13,-128
11776842,14,-128
11852159,0,-128
11852159,1,-128
11852159,2,-128
11852159,3,-128
11852159,4,-95
11852159,5,-128
11852159,6,-128
11852159,7,-128
11852159,8,-128
11852159,9,-128
11852159,10,-128
11852159,11,-128
11852159,12,-128
11852159,13,-128
11852159,14,-128
11927482,0,-128
11927482,1,-128
11927482,2,-128
11927482,3,-128
11927482,4,-93
11927482,5,-128
11927482,6,-128
11927482,7,-128
11927482,8,-128
11927482,9,-128
11927482,10,-128
11927482,11,-128
11927482,12,-128
11927482,13,-128
11927482,14,-128
12002792,0,-128
12002792,1,-128
12002792,2,-128
12002792,3,-128
12002792,4,-128
12002792,5,-128
12002792,6,-94
12002792,7,-128
12002792,8,-128
12002792,9,-128
12002792,10,-128
12002792,11,-128
12002792,12,-128
12002792,13,-128
12002792,14,-128
0,0,0
0,0,0
0,0,0
0,0,0
0,0,0
219
12078172,0,-128
12078172,1,-95
12078172,2,-128
12078172,3,-128
12078172,4,-128
12078172,5,-128
12078172,6,-128
12078172,7,-128
12078172,8,-128
12078172,9,-128
12078172,10,-128
12078172,11,-128
12078172,12,-128
12078172,13,-128
12078172,14,-128
12153480,0,-128
12153480,1,-128
12153480,2,-128
12153480,3,-128
12153480,4,-128
12153480,5,-128
12153480,6,-128
12153480,7,-128
12153480,8,-128
12153480,9,-128
12153480,10,-128
12153480,11,-128
12153480,12,-128
12153480,13,-128
12153480,14,-128
12228793,0,-128
12228793,1,-128
12228793,2,-128
12228793,3,-128
12228793,4,-95
12228793,5,-128
12228793,6,-94
12228793,7,-128
12228793,8,-128
12228793,9,-128
12228793,10,-128
12228793,11,-128
12228793,12,-128
12228793,13,-128
12228793,14,-128
12304100,0,-128
12304100,1,-128
12304100,2,-128
12304100,3,-128
12304100,4,-95
12304100,5,-128
12304100,6,-128
12304100,7,-128
12304100,8,-128
12304100,9,-128
12304100,10,-128
12304100,11,-128
12304100,12,-128
12304100,13,-128
12304100,14,-128
12379442,0,-128
12379442,1,-128
12379442,2,-128
12379442,3,-128
12379442,4,-95
12379442,5,-128
12379442,6,-94
12379442,7,-128
12379442,8,-128
12379442,9,-128
12379442,10,-128
12379442,11,-128
12379442,12,-128
12379442,13,-128
12379442,14,-128
0,0,0
0,0,0
0,0,0
0,0,0
0,0,0
218
12454840,0,-128
12454840,1,-128
12454840,2,-128
12454840,3,-128
12454840,4,-128
12454840,5,-95
12454840,6,-128
12454840,7,-128
12454840,8,-128
12454840,9,-128
12454840,10,-128
12454840,11,-128
12454840,12,-128
12454840,13,-128
12454840,14,-128
12530149,0,-128
12530149,1,-128
12530149,2,-128
12530149,3,-128
12530149,4,-128
12530149,5,-128
12530149,6,-128
12530149,7,-128
12530149,8,-128
12530149,9,-128
12530149,10,-128
12530149,11,-128
12530149,12,-128
12530149,13,-128
12530149,14,-128
12605461,0,-128
12605461,1,-128
12605461,2,-128
12605461,3,-128
12605461,4,-128
12605461,5,-94
12605461,6,-128
12605461,7,-128
12605461,8,-128
12605461,9,-128
12605461,10,-128
12605461,11,-128
12605461,12,-128
12605461,13,-128
12605461,14,-128
12680771,0,-128
12680771,1,-95
12680771,2,-128
12680771,3,-128
12680771,4,-128
12680771,5,-94
12680771,6,-128
12680771,7,-128
12680771,8,-128
12680771,9,-128
12680771,10,-128
12680771,11,-128
12680771,12,-128
12680771,13,-128
12680771,14,-128
12756079,0,-128
12756079,1,-95
12756079,2,-128
12756079,3,-128
12756079,4,-128
12756079,5,-94
12756079,6,-128
12756079,7,-128
12756079,8,-128
12756079,9,-128
12756079,10,-128
12756079,11,-128
12756079,12,-128
12756079,13,-128
12756079,14,-128
0,0,0
0,0,0
0,0,0
0,0,0
0,0,0
217
12831458,0,-128
12831458,1,-128
12831458,2,-93
12831458,3,-128
12831458,4,-128
12831458,5,-128
12831458,6,-128
12831458,7,-128
12831458,8,-128
12831458,9,-128
12831458,10,-128
12831458,11,-128
12831458,12,-128
12831458,13,-128
12831458,14,-128
12906768,0,-128
12906768,1,-95
12906768,2,-95
12906768,3,-128
12906768,4,-128
12906768,5,-95
12906768,6,-128
12906768,7,-128
12906768,8,-128
12906768,9,-128
12906768,10,-128
12906768,11,-128
12906768,12,-128
12906768,13,-128
12906768,14,-128
12982078,0,-128
12982078,1,-128
12982078,2,-95
12982078,3,-128
12982078,4,-128
12982078,5,-95
12982078,6,-128
12982078,7,-128
12982078,8,-128
12982078,9,-128
12982078,10,-128
12982078,11,-128
12982078,12,-128
12982078,13,-128
12982078,14,-128
13057389,0,-128
13057389,1,-128
13057389,2,-128
13057389,3,-128
13057389,4,-128
13057389,5,-128
13057389,6,-128
13057389,7,-128
13057389,8,-128
13057389,9,-128
13057389,10,-128
13057389,11,-128
13057389,12,-128
13057389,13,-128
13057389,14,-128
13132697,0,-128
13132697,1,-128
13132697,2,-128
13132697,3,-128
13132697,4,-128
13132697,5,-128
13132697,6,-128
13132697,7,-128
13132697,8,-128
13132697,9,-128
13132697,10,-128
13132697,11,-128
13132697,12,-128
13132697,13,-128
13132697,14,-128
0,0,0
0,0,0
0,0,0
0,0,0
0,0,0
216
13208071,0,-128
13208071,1,-128
13208071,2,-128
13208071,3,-128
13208071,4,-128
13208071,5,-128
13208071,6,-128
13208071,7,-128
13208071,8,-128
13208071,9,-128
13208071,10,-128
13208071,11,-128
13208071,12,-128
13208071,13,-128
13208071,14,-128
13283385,0,-128
13283385,1,-128
13283385,2,-128
13283385,3,-128
13283385,4,-128
13283385,5,-128
13283385,6,-128
13283385,7,-128
13283385,8,-128
13283385,9,-128
13283385,10,-128
13283385,11,-128
13283385,12,-128
13283385,13,-128
13283385,14,-128
13358684,0,-128
13358684,1,-128
13358684,2,-128
13358684,3,-128
13358684,4,-128
13358684,5,-128
13358684,6,-128
13358684,7,-128
13358684,8,-128
13358684,9,-128
13358684,10,-128
13358684,11,-128
13358684,12,-128
13358684,13,-128
13358684,14,-128
13433991,0,-128
13433991,1,-128
13433991,2,-128
13433991,3,-128
13433991,4,-128
13433991,5,-95
13433991,6,-128
13433991,7,-128
13433991,8,-128
13433991,9,-128
13433991,10,-128
13433991,11,-128
13433991,12,-128
13433991,13,-128
13433991,14,-128
13509298,0,-128
13509298,1,-95
13509298,2,-128
13509298,3,-128
13509298,4,-128
13509298,5,-128
13509298,6,-128
13509298,7,-128
13509298,8,-128
13509298,9,-128
13509298,10,-128
13509298,11,-128
13509298,12,-128
13509298,13,-128
13509298,14,-128
0,0,0
0,0,0
0,0,0
0,0,0
0,0,0
215
13584672,0,-128
13584672,1,-128
13584672,2,-128
13584672,3,-128
13584672,4,-128
13584672,5,-128
13584672,6,-128
13584672,7,-128
13584672,8,-128
13584672,9,-128
13584672,10,-128
13584672,11,-128
13584672,12,-128
13584672,13,-128
13584672,14,-128
13659980,0,-128
13659980,1,-128
13659980,2,-94
13659980,3,-128
13659980,4,-128
13659980,5,-128
13659980,6,-93
13659980,7,-128
13659980,8,-128
13659980,9,-128
13659980,10,-128
13659980,11,-128
13659980,12,-128
13659980,13,-128
13659980,14,-128
13735291,0,-128
13735291,1,-128
13735291,2,-94
13735291,3,-128
13735291,4,-128
13735291,5,-128
13735291,6,-128
13735291,7,-128
13735291,8,-128
13735291,9,-128
13735291,10,-128
13735291,11,-128
13735291,12,-128
13735291,13,-128
13735291,14,-128
13810598,0,-128
13810598,1,-128
13810598,2,-95
13810598,3,-128
13810598,4,-128
13810598,5,-128
13810598,6,-128
13810598,7,-128
13810598,8,-128
13810598,9,-128
13810598,10,-128
13810598,11,-128
13810598,12,-128
13810598,13,-128
13810598,14,-128
13885906,0,-128
13885906,1,-128
13885906,2,-128
13885906,3,-128
13885906,4,-128
13885906,5,-128
13885906,6,-128
13885906,7,-128
13885906,8,-128
13885906,9,-128
13885906,10,-128
13885906,11,-128
13885906,12,-128
13885906,13,-128
13885906,14,-128
0,0,0
0,0,0
0,0,0
0,0,0
0,0,0
214
13961300,0,-128
13961300,1,-128
13961300,2,-128
13961300,3,-128
13961300,4,-128
13961300,5,-95
13961300,6,-128
13961300,7,-128
13961300,8,-128
13961300,9,-128
13961300,10,-128
13961300,11,-128
13961300,12,-128
13961300,13,-128
13961300,14,-128
14036612,0,-128
14036612,1,-128
14036612,2,-128
14036612,3,-128
14036612,4,-128
14036612,5,-93
14036612,6,-128
14036612,7,-128
14036612,8,-128
14036612,9,-128
14036612,10,-128
14036612,11,-128
14036612,12,-128
14036612,13,-128
14036612,14,-128
14111918,0,-128
14111918,1,-128
14111918,2,-93
14111918,3,-95
14111918,4,-128
14111918,5,-95
14111918,6,-128
14111918,7,-128
14111918,8,-128
14111918,9,-128
14111918,10,-128
14111918,11,-128
14111918,12,-128
14111918,13,-128
14111918,14,-128
14187231,0,-128
14187231,1,-95
14187231,2,-94
14187231,3,-128
14187231,4,-128
14187231,5,-95
14187231,6,-128
14187231,7,-128
14187231,8,-128
14187231,9,-128
14187231,10,-128
14187231,11,-128
14187231,12,-128
14187231,13,-128
14187231,14,-128
14262538,0,-128
14262538,1,-128
14262538,2,-95
14262538,3,-128
14262538,4,-128
14262538,5,-128
14262538,6,-128
14262538,7,-128
14262538,8,-128
14262538,9,-128
14262538,10,-128
14262538,11,-128
14262538,12,-128
14262538,13,-128
14262538,14,-128
0,0,0
0,0,0
0,0,0
0,0,0
0,0,0
213
14337912,0,-128
14337912,1,-128
14337912,2,-128
14337912,3,-128
14337912,4,-128
14337912,5,-128
14337912,6,-128
14337912,7,-128
14337912,8,-128
14337912,9,-128
14337912,10,-128
14337912,11,-128
14337912,12,-128
14337912,13,-128
14337912,14,-128
14413220,0,-128
14413220,1,-128
14413220,2,-128
14413220,3,-128
14413220,4,-128
14413220,5,-128
14413220,6,-94
14413220,7,-128
14413220,8,-128
14413220,9,-128
14413220,10,-128
14413220,11,-128
14413220,12,-128
14413220,13,-128
14413220,14,-128
14488532,0,-128
14488532,1,-128
14488532,2,-128
14488532,3,-128
14488532,4,-128
14488532,5,-128
14488532,6,-128
14488532,7,-128
14488532,8,-128
14488532,9,-128
14488532,10,-128
14488532,11,-128
14488532,12,-128
14488532,13,-128
14488532,14,-128
14563871,0,-128
14563871,1,-128
14563871,2,-94
14563871,3,-128
14563871,4,-128
14563871,5,-128
14563871,6,-128
14563871,7,-128
14563871,8,-128
14563871,9,-128
14563871,10,-128
14563871,11,-128
14563871,12,-128
14563871,13,-128
14563871,14,-128
14639189,0,-128
14639189,1,-95
14639189,2,-128
14639189,3,-128
14639189,4,-128
14639189,5,-95
14639189,6,-128
14639189,7,-128
14639189,8,-128
14639189,9,-128
14639189,10,-128
14639189,11,-128
14639189,12,-128
14639189,13,-128
14639189,14,-128
0,0,0
0,0,0
0,0,0
0,0,0
0,0,0
212
14714563,0,-128
14714563,1,-128
14714563,2,-93
14714563,3,-128
14714563,4,-128
14714563,5,-128
14714563,6,-128
14714563,7,-128
14714563,8,-128
14714563,9,-128
14714563,10,-128
14714563,11,-128
14714563,12,-128
14714563,13,-128
14714563,14,-128
14789874,0,-128
14789874,1,-128
14789874,2,-95
14789874,3,-128
14789874,4,-128
14789874,5,-128
14789874,6,-128
14789874,7,-128
14789874,8,-128
14789874,9,-128
14789874,10,-128
14789874,11,-128
14789874,12,-128
14789874,13,-128
14789874,14,-128
14865186,0,-128
14865186,1,-128
14865186,2,-91
14865186,3,-128
14865186,4,-128
14865186,5,-128
14865186,6,-128
14865186,7,-128
14865186,8,-128
14865186,9,-128
14865186,10,-128
14865186,11,-128
14865186,12,-128
14865186,13,-128
14865186,14,-128
14940504,0,-128
14940504,1,-128
14940504,2,-95
14940504,3,-128
14940504,4,-128
14940504,5,-128
14940504,6,-128
14940504,7,-128
14940504,8,-128
14940504,9,-128
14940504,10,-128
14940504,11,-128
14940504,12,-128
14940504,13,-128
14940504,14,-128
15015812,0,-128
15015812,1,-128
15015812,2,-128
15015812,3,-128
15015812,4,-128
15015812,5,-128
15015812,6,-128
15015812,7,-128
15015812,8,-128
15015812,9,-128
15015812,10,-128
15015812,11,-128
15015812,12,-128
15015812,13,-128
15015812,14,-128
0,0,0
0,0,0
0,0,0
0,0,0
0,0,0
211
15091186,0,-128
15091186,1,-128
15091186,2,-89
15091186,3,-128
15091186,4,-128
15091186,5,-128
15091186,6,-128
15091186,7,-128
15091186,8,-128
15091186,9,-128
15091186,10,-128
15091186,11,-128
15091186,12,-128
15091186,13,-128
15091186,14,-128
15166495,0,-128
15166495,1,-95
15166495,2,-95
15166495,3,-128
15166495,4,-128
15166495,5,-94
15166495,6,-128
15166495,7,-128
15166495,8,-128
15166495,9,-128
15166495,10,-128
15166495,11,-128
15166495,12,-128
15166495,13,-128
15166495,14,-128
15241807,0,-128
15241807,1,-128
15241807,2,-95
15241807,3,-128
15241807,4,-128
15241807,5,-95
15241807,6,-128
15241807,7,-128
15241807,8,-128
15241807,9,-128
15241807,10,-128
15241807,11,-128
15241807,12,-128
15241807,13,-128
15241807,14,-128
15317136,0,-128
15317136,1,-95
15317136,2,-95
15317136,3,-128
15317136,4,-128
15317136,5,-95
15317136,6,-128
15317136,7,-128
15317136,8,-128
15317136,9,-128
15317136,10,-128
15317136,11,-128
15317136,12,-128
15317136,13,-128
15317136,14,-128
15392289,0,-128
15392289,1,-128
15392289,2,-95
15392289,3,-128
15392289,4,-128
15392289,5,-128
15392289,6,-128
15392289,7,-128
15392289,8,-128
15392289,9,-128
15392289,10,-128
15392289,11,-128
15392289,12,-128
15392289,13,-128
15392289,14,-128
0,0,0
0,0,0
0,0,0
0,0,0
0,0,0
210