250
495924,0,-65
495924,1,-81
495924,2,-49
495924,3,-40
495924,4,-128
495924,5,-73
495924,6,-128
495924,7,-128
495924,8,-128
495924,9,-128
495924,10,-128
495924,11,-128
495924,12,-128
495924,13,-128
495924,14,-128
571575,0,-73
571575,1,-82
571575,2,-60
571575,3,-40
571575,4,-92
571575,5,-76
571575,6,-128
571575,7,-51
571575,8,-62
571575,9,-77
571575,10,-59
571575,11,-63
571575,12,-66
571575,13,-80
571575,14,-64
647204,0,-71
647204,1,-81
647204,2,-55
647204,3,-40
647204,4,-92
647204,5,-80
647204,6,-128
647204,7,-44
647204,8,-66
647204,9,-82
647204,10,-64
647204,11,-64
647204,12,-70
647204,13,-76
647204,14,-57
722819,0,-81
722819,1,-81
722819,2,-51
722819,3,-50
722819,4,-88
722819,5,-72
722819,6,-128
722819,7,-41
722819,8,-63
722819,9,-78
722819,10,-56
722819,11,-60
722819,12,-70
722819,13,-79
722819,14,-69
798416,0,-90
798416,1,-73
798416,2,-71
798416,3,-77
798416,4,-85
798416,5,-70
798416,6,-128
798416,7,-48
798416,8,-67
798416,9,-77
798416,10,-61
798416,11,-62
798416,12,-68
798416,13,-79
798416,14,-70
0,0,0
0,0,0
0,0,0
0,0,0
0,0,0
249
874070,0,-80
874070,1,-90
874070,2,-91
874070,3,-86
874070,4,-70
874070,5,-63
874070,6,-128
874070,7,-84
874070,8,-68
874070,9,-79
874070,10,-91
874070,11,-92
874070,12,-93
874070,13,-82
874070,14,-77
949625,0,-93
949625,1,-83
949625,2,-76
949625,3,-72
949625,4,-71
949625,5,-63
949625,6,-128
949625,7,-83
949625,8,-68
949625,9,-79
949625,10,-86
949625,11,-92
949625,12,-89
949625,13,-93
949625,14,-93
1025199,0,-83
1025199,1,-78
1025199,2,-85
1025199,3,-72
1025199,4,-71
1025199,5,-64
1025199,6,-128
1025199,7,-72
1025199,8,-73
1025199,9,-84
1025199,10,-128
1025199,11,-93
1025199,12,-128
1025199,13,-128
1025199,14,-81
1100672,0,-93
1100672,1,-81
1100672,2,-89
1100672,3,-90
1100672,4,-70
1100672,5,-128
1100672,6,-128
1100672,7,-76
1100672,8,-66
1100672,9,-85
1100672,10,-64
1100672,11,-69
1100672,12,-128
1100672,13,-128
1100672,14,-81
1176184,0,-93
1176184,1,-88
1176184,2,-71
1176184,3,-83
1176184,4,-93
1176184,5,-71
1176184,6,-128
1176184,7,-84
1176184,8,-79
1176184,9,-74
1176184,10,-73
1176184,11,-77
1176184,12,-128
1176184,13,-128
1176184,14,-89
0,0,0
0,0,0
0,0,0
0,0,0
0,0,0
248
1251767,0,-90
1251767,1,-85
1251767,2,-72
1251767,3,-84
1251767,4,-92
1251767,5,-70
1251767,6,-128
1251767,7,-81
1251767,8,-78
1251767,9,-76
1251767,10,-67
1251767,11,-81
1251767,12,-128
1251767,13,-128
1251767,14,-128
1327281,0,-92
1327281,1,-88
1327281,2,-70
1327281,3,-84
1327281,4,-93
1327281,5,-72
1327281,6,-128
1327281,7,-73
1327281,8,-86
1327281,9,-77
1327281,10,-71
1327281,11,-81
1327281,12,-128
1327281,13,-128
1327281,14,-128
1402797,0,-92
1402797,1,-84
1402797,2,-69
1402797,3,-89
1402797,4,-92
1402797,5,-69
1402797,6,-128
1402797,7,-77
1402797,8,-82
1402797,9,-75
1402797,10,-69
1402797,11,-78
1402797,12,-128
1402797,13,-128
1402797,14,-128
1478307,0,-93
1478307,1,-90
1478307,2,-71
1478307,3,-90
1478307,4,-93
1478307,5,-74
1478307,6,-128
1478307,7,-80
1478307,8,-81
1478307,9,-76
1478307,10,-69
1478307,11,-84
1478307,12,-128
1478307,13,-128
1478307,14,-128
1553821,0,-92
1553821,1,-87
1553821,2,-73
1553821,3,-90
1553821,4,-93
1553821,5,-68
1553821,6,-128
1553821,7,-81
1553821,8,-82
1553821,9,-76
1553821,10,-68
1553821,11,-86
1553821,12,-128
1553821,13,-128
1553821,14,-128
0,0,0
0,0,0
0,0,0
0,0,0
0,0,0
247
1629401,0,-92
1629401,1,-84
1629401,2,-69
1629401,3,-84
1629401,4,-93
1629401,5,-68
1629401,6,-128
1629401,7,-72
1629401,8,-75
1629401,9,-80
1629401,10,-66
1629401,11,-83
1629401,12,-93
1629401,13,-128
1629401,14,-128
1704908,0,-92
1704908,1,-83
1704908,2,-72
1704908,3,-83
1704908,4,-93
1704908,5,-74
1704908,6,-128
1704908,7,-77
1704908,8,-86
1704908,9,-79
1704908,10,-69
1704908,11,-76
1704908,12,-128
1704908,13,-128
1704908,14,-128
1780418,0,-92
1780418,1,-85
1780418,2,-70
1780418,3,-83
1780418,4,-93
1780418,5,-74
1780418,6,-128
1780418,7,-72
1780418,8,-79
1780418,9,-79
1780418,10,-75
1780418,11,-76
1780418,12,-128
1780418,13,-128
1780418,14,-128
1855928,0,-92
1855928,1,-88
1855928,2,-69
1855928,3,-84
1855928,4,-93
1855928,5,-71
1855928,6,-128
1855928,7,-82
1855928,8,-80
1855928,9,-76
1855928,10,-70
1855928,11,-84
1855928,12,-128
1855928,13,-128
1855928,14,-128
1931438,0,-92
1931438,1,-86
1931438,2,-68
1931438,3,-83
1931438,4,-93
1931438,5,-72
1931438,6,-128
1931438,7,-78
1931438,8,-83
1931438,9,-76
1931438,10,-74
1931438,11,-82
1931438,12,-128
1931438,13,-128
1931438,14,-128
0,0,0
0,0,0
0,0,0
0,0,0
0,0,0
246
2007016,0,-91
2007016,1,-84
2007016,2,-69
2007016,3,-85
2007016,4,-93
2007016,5,-72
2007016,6,-128
2007016,7,-76
2007016,8,-76
2007016,9,-76
2007016,10,-74
2007016,11,-78
2007016,12,-128
2007016,13,-128
2007016,14,-128
2082534,0,-92
2082534,1,-85
2082534,2,-72
2082534,3,-84
2082534,4,-93
2082534,5,-69
2082534,6,-128
2082534,7,-81
2082534,8,-76
2082534,9,-79
2082534,10,-69
2082534,11,-77
2082534,12,-128
2082534,13,-128
2082534,14,-128
2158051,0,-92
2158051,1,-85
2158051,2,-72
2158051,3,-83
2158051,4,-93
2158051,5,-71
2158051,6,-128
2158051,7,-76
2158051,8,-78
2158051,9,-79
2158051,10,-66
2158051,11,-77
2158051,12,-128
2158051,13,-128
2158051,14,-128
2233574,0,-92
2233574,1,-84
2233574,2,-70
2233574,3,-88
2233574,4,-93
2233574,5,-72
2233574,6,-128
2233574,7,-84
2233574,8,-79
2233574,9,-80
2233574,10,-66
2233574,11,-80
2233574,12,-128
2233574,13,-128
2233574,14,-128
2309102,0,-92
2309102,1,-86
2309102,2,-74
2309102,3,-87
2309102,4,-93
2309102,5,-72
2309102,6,-128
2309102,7,-77
2309102,8,-79
2309102,9,-79
2309102,10,-71
2309102,11,-88
2309102,12,-128
2309102,13,-128
2309102,14,-128
0,0,0
0,0,0
0,0,0
0,0,0
0,0,0
245
2384697,0,-92
2384697,1,-83
2384697,2,-70
2384697,3,-83
2384697,4,-93
2384697,5,-68
2384697,6,-128
2384697,7,-76
2384697,8,-77
2384697,9,-74
2384697,10,-67
2384697,11,-82
2384697,12,-128
2384697,13,-128
2384697,14,-128
2460229,0,-92
2460229,1,-86
2460229,2,-68
2460229,3,-89
2460229,4,-93
2460229,5,-69
2460229,6,-128
2460229,7,-82
2460229,8,-79
2460229,9,-76
2460229,10,-71
2460229,11,-77
2460229,12,-128
2460229,13,-128
2460229,14,-128
2535778,0,-89
2535778,1,-85
2535778,2,-72
2535778,3,-88
2535778,4,-93
2535778,5,-74
2535778,6,-128
2535778,7,-72
2535778,8,-77
2535778,9,-78
2535778,10,-68
2535778,11,-87
2535778,12,-91
2535778,13,-128
2535778,14,-128
2611319,0,-91
2611319,1,-87
2611319,2,-71
2611319,3,-88
2611319,4,-93
2611319,5,-74
2611319,6,-128
2611319,7,-77
2611319,8,-83
2611319,9,-79
2611319,10,-67
2611319,11,-78
2611319,12,-92
2611319,13,-128
2611319,14,-128
2686854,0,-92
2686854,1,-87
2686854,2,-69
2686854,3,-82
2686854,4,-93
2686854,5,-71
2686854,6,-128
2686854,7,-79
2686854,8,-79
2686854,9,-78
2686854,10,-67
2686854,11,-82
2686854,12,-92
2686854,13,-128
2686854,14,-128
0,0,0
0,0,0
0,0,0
0,0,0
0,0,0
244
2762413,0,-93
2762413,1,-85
2762413,2,-68
2762413,3,-83
2762413,4,-90
2762413,5,-68
2762413,6,-128
2762413,7,-73
2762413,8,-128
2762413,9,-77
2762413,10,-66
2762413,11,-73
2762413,12,-93
2762413,13,-92
2762413,14,-128
2837905,0,-85
2837905,1,-80
2837905,2,-72
2837905,3,-88
2837905,4,-128
2837905,5,-67
2837905,6,-128
2837905,7,-72
2837905,8,-128
2837905,9,-76
2837905,10,-66
2837905,11,-78
2837905,12,-88
2837905,13,-128
2837905,14,-128
2913399,0,-93
2913399,1,-78
2913399,2,-68
2913399,3,-82
2913399,4,-128
2913399,5,-74
2913399,6,-128
2913399,7,-79
2913399,8,-128
2913399,9,-78
2913399,10,-74
2913399,11,-77
2913399,12,-93
2913399,13,-128
2913399,14,-128
2988885,0,-89
2988885,1,-79
2988885,2,-70
2988885,3,-90
2988885,4,-128
2988885,5,-66
2988885,6,-128
2988885,7,-74
2988885,8,-75
2988885,9,-73
2988885,10,-74
2988885,11,-93
2988885,12,-89
2988885,13,-128
2988885,14,-128
3064363,0,-93
3064363,1,-76
3064363,2,-67
3064363,3,-84
3064363,4,-128
3064363,5,-66
3064363,6,-128
3064363,7,-72
3064363,8,-75
3064363,9,-79
3064363,10,-69
3064363,11,-91
3064363,12,-128
3064363,13,-128
3064363,14,-128
0,0,0
0,0,0
0,0,0
0,0,0
0,0,0
243
3139927,0,-128
3139927,1,-88
3139927,2,-69
3139927,3,-83
3139927,4,-128
3139927,5,-71
3139927,6,-128
3139927,7,-72
3139927,8,-128
3139927,9,-73
3139927,10,-67
3139927,11,-81
3139927,12,-93
3139927,13,-91
3139927,14,-128
3215399,0,-128
3215399,1,-85
3215399,2,-68
3215399,3,-84
3215399,4,-128
3215399,5,-76
3215399,6,-128
3215399,7,-78
3215399,8,-73
3215399,9,-78
3215399,10,-67
3215399,11,-78
3215399,12,-90
3215399,13,-128
3215399,14,-128
3290870,0,-128
3290870,1,-86
3290870,2,-68
3290870,3,-86
3290870,4,-92
3290870,5,-76
3290870,6,-128
3290870,7,-91
3290870,8,-128
3290870,9,-78
3290870,10,-92
3290870,11,-81
3290870,12,-91
3290870,13,-128
3290870,14,-128
3366342,0,-128
3366342,1,-84
3366342,2,-69
3366342,3,-87
3366342,4,-93
3366342,5,-66
3366342,6,-128
3366342,7,-128
3366342,8,-128
3366342,9,-72
3366342,10,-128
3366342,11,-76
3366342,12,-93
3366342,13,-128
3366342,14,-128
3441796,0,-128
3441796,1,-82
3441796,2,-68
3441796,3,-87
3441796,4,-128
3441796,5,-66
3441796,6,-128
3441796,7,-128
3441796,8,-128
3441796,9,-79
3441796,10,-76
3441796,11,-79
3441796,12,-93
3441796,13,-128
3441796,14,-128
0,0,0
0,0,0
0,0,0
0,0,0
0,0,0
242
3517329,0,-128
3517329,1,-77
3517329,2,-68
3517329,3,-85
3517329,4,-93
3517329,5,-90
3517329,6,-128
3517329,7,-128
3517329,8,-128
3517329,9,-84
3517329,10,-128
3517329,11,-77
3517329,12,-88
3517329,13,-128
3517329,14,-128
3592791,0,-128
3592791,1,-75
3592791,2,-68
3592791,3,-83
3592791,4,-92
3592791,5,-128
3592791,6,-128
3592791,7,-128
3592791,8,-93
3592791,9,-92
3592791,10,-128
3592791,11,-86
3592791,12,-90
3592791,13,-128
3592791,14,-128
3668205,0,-128
3668205,1,-89
3668205,2,-92
3668205,3,-93
3668205,4,-93
3668205,5,-128
3668205,6,-128
3668205,7,-128
3668205,8,-128
3668205,9,-93
3668205,10,-128
3668205,11,-88
3668205,12,-93
3668205,13,-128
3668205,14,-128
3743530,0,-128
3743530,1,-128
3743530,2,-128
3743530,3,-128
3743530,4,-128
3743530,5,-128
3743530,6,-128
3743530,7,-128
3743530,8,-93
3743530,9,-128
3743530,10,-92
3743530,11,-128
3743530,12,-128
3743530,13,-128
3743530,14,-128
3818880,0,-128
3818880,1,-128
3818880,2,-128
3818880,3,-128
3818880,4,-92
3818880,5,-128
3818880,6,-128
3818880,7,-128
3818880,8,-88
3818880,9,-88
3818880,10,-92
3818880,11,-128
3818880,12,-92
3818880,13,-128
3818880,14,-128
0,0,0
0,0,0
0,0,0
0,0,0
0,0,0
241
3894307,0,-128
3894307,1,-128
3894307,2,-128
3894307,3,-128
3894307,4,-93
3894307,5,-128
3894307,6,-128
3894307,7,-128
3894307,8,-128
3894307,9,-128
3894307,10,-93
3894307,11,-128
3894307,12,-128
3894307,13,-128
3894307,14,-128
3969612,0,-128
3969612,1,-128
3969612,2,-128
3969612,3,-128
3969612,4,-128
3969612,5,-128
3969612,6,-128
3969612,7,-128
3969612,8,-93
3969612,9,-128
3969612,10,-93
3969612,11,-128
3969612,12,-93
3969612,13,-128
3969612,14,-128
4044936,0,-128
4044936,1,-128
4044936,2,-128
4044936,3,-128
4044936,4,-93
4044936,5,-128
4044936,6,-128
4044936,7,-90
4044936,8,-88
4044936,9,-128
4044936,10,-128
4044936,11,-128
4044936,12,-128
4044936,13,-128
4044936,14,-128
4120103,0,-128
4120103,1,-128
4120103,2,-128
4120103,3,-128
4120103,4,-90
4120103,5,-128
4120103,6,-128
4120103,7,-93
4120103,8,-87
4120103,9,-128
4120103,10,-128
4120103,11,-128
4120103,12,-88
4120103,13,-128
4120103,14,-128
4195455,0,-128
4195455,1,-128
4195455,2,-93
4195455,3,-128
4195455,4,-93
4195455,5,-128
4195455,6,-128
4195455,7,-128
4195455,8,-128
4195455,9,-128
4195455,10,-128
4195455,11,-128
4195455,12,-128
4195455,13,-128
4195455,14,-128
0,0,0
0,0,0
0,0,0
0,0,0
0,0,0
240
4270829,0,-128
4270829,1,-128
4270829,2,-128
4270829,3,-128
4270829,4,-128
4270829,5,-128
4270829,6,-128
4270829,7,-128
4270829,8,-128
4270829,9,-128
4270829,10,-128
4270829,11,-128
4270829,12,-128
4270829,13,-128
4270829,14,-128
4346159,0,-93
4346159,1,-93
4346159,2,-128
4346159,3,-128
4346159,4,-93
4346159,5,-93
4346159,6,-128
4346159,7,-128
4346159,8,-128
4346159,9,-93
4346159,10,-128
4346159,11,-128
4346159,12,-128
4346159,13,-128
4346159,14,-128
4421471,0,-128
4421471,1,-128
4421471,2,-128
4421471,3,-128
4421471,4,-128
4421471,5,-128
4421471,6,-128
4421471,7,-128
4421471,8,-128
4421471,9,-128
4421471,10,-128
4421471,11,-128
4421471,12,-93
4421471,13,-128
4421471,14,-128
4496792,0,-128
4496792,1,-128
4496792,2,-128
4496792,3,-128
4496792,4,-82
4496792,5,-128
4496792,6,-128
4496792,7,-128
4496792,8,-128
4496792,9,-128
4496792,10,-128
4496792,11,-128
4496792,12,-128
4496792,13,-128
4496792,14,-128
4572099,0,-128
4572099,1,-128
4572099,2,-128
4572099,3,-128
4572099,4,-128
4572099,5,-128
4572099,6,-128
4572099,7,-128
4572099,8,-128
4572099,9,-128
4572099,10,-128
4572099,11,-128
4572099,12,-93
4572099,13,-128
4572099,14,-128
0,0,0
0,0,0
0,0,0
0,0,0
0,0,0
239
4647473,0,-128
4647473,1,-128
4647473,2,-128
4647473,3,-128
4647473,4,-128
4647473,5,-128
4647473,6,-128
4647473,7,-128
4647473,8,-128
4647473,9,-128
4647473,10,-128
4647473,11,-128
4647473,12,-128
4647473,13,-128
4647473,14,-128
4722779,0,-128
4722779,1,-128
4722779,2,-93
4722779,3,-128
4722779,4,-128
4722779,5,-128
4722779,6,-128
4722779,7,-128
4722779,8,-128
4722779,9,-128
4722779,10,-93
4722779,11,-128
4722779,12,-82
4722779,13,-93
4722779,14,-128
4798087,0,-128
4798087,1,-128
4798087,2,-128
4798087,3,-128
4798087,4,-128
4798087,5,-128
4798087,6,-128
4798087,7,-128
4798087,8,-128
4798087,9,-128
4798087,10,-128
4798087,11,-128
4798087,12,-93
4798087,13,-128
4798087,14,-128
4873394,0,-128
4873394,1,-128
4873394,2,-128
4873394,3,-128
4873394,4,-128
4873394,5,-128
4873394,6,-128
4873394,7,-128
4873394,8,-128
4873394,9,-128
4873394,10,-128
4873394,11,-128
4873394,12,-93
4873394,13,-128
4873394,14,-128
4948703,0,-128
4948703,1,-128
4948703,2,-128
4948703,3,-128
4948703,4,-128
4948703,5,-128
4948703,6,-128
4948703,7,-128
4948703,8,-128
4948703,9,-128
4948703,10,-128
4948703,11,-128
4948703,12,-93
4948703,13,-128
4948703,14,-128
0,0,0
0,0,0
0,0,0
0,0,0
0,0,0
238
5024077,0,-128
5024077,1,-128
5024077,2,-128
5024077,3,-128
5024077,4,-128
5024077,5,-128
5024077,6,-128
5024077,7,-128
5024077,8,-128
5024077,9,-128
5024077,10,-128
5024077,11,-128
5024077,12,-128
5024077,13,-128
5024077,14,-128
5099386,0,-128
5099386,1,-128
5099386,2,-128
5099386,3,-128
5099386,4,-128
5099386,5,-128
5099386,6,-128
5099386,7,-128
5099386,8,-128
5099386,9,-128
5099386,10,-128
5099386,11,-128
5099386,12,-128
5099386,13,-128
5099386,14,-128
5174694,0,-128
5174694,1,-128
5174694,2,-128
5174694,3,-128
5174694,4,-128
5174694,5,-128
5174694,6,-128
5174694,7,-128
5174694,8,-128
5174694,9,-128
5174694,10,-128
5174694,11,-128
5174694,12,-128
5174694,13,-128
5174694,14,-128
5250021,0,-128
5250021,1,-128
5250021,2,-128
5250021,3,-128
5250021,4,-92
5250021,5,-128
5250021,6,-128
5250021,7,-89
5250021,8,-128
5250021,9,-87
5250021,10,-128
5250021,11,-93
5250021,12,-88
5250021,13,-88
5250021,14,-128
5325375,0,-93
5325375,1,-128
5325375,2,-128
5325375,3,-128
5325375,4,-128
5325375,5,-128
5325375,6,-128
5325375,7,-128
5325375,8,-128
5325375,9,-81
5325375,10,-128
5325375,11,-93
5325375,12,-88
5325375,13,-90
5325375,14,-128
0,0,0
0,0,0
0,0,0
0,0,0
0,0,0
237
5400770,0,-93
5400770,1,-128
5400770,2,-128
5400770,3,-128
5400770,4,-128
5400770,5,-128
5400770,6,-128
5400770,7,-128
5400770,8,-128
5400770,9,-128
5400770,10,-128
5400770,11,-128
5400770,12,-92
5400770,13,-128
5400770,14,-128
5476074,0,-92
5476074,1,-128
5476074,2,-128
5476074,3,-93
5476074,4,-88
5476074,5,-128
5476074,6,-128
5476074,7,-128
5476074,8,-128
5476074,9,-93
5476074,10,-93
5476074,11,-92
5476074,12,-93
5476074,13,-128
5476074,14,-128
5551425,0,-128
5551425,1,-128
5551425,2,-128
5551425,3,-128
5551425,4,-128
5551425,5,-128
5551425,6,-128
5551425,7,-128
5551425,8,-128
5551425,9,-128
5551425,10,-128
5551425,11,-91
5551425,12,-93
5551425,13,-128
5551425,14,-128
5626768,0,-88
5626768,1,-128
5626768,2,-128
5626768,3,-128
5626768,4,-128
5626768,5,-128
5626768,6,-128
5626768,7,-128
5626768,8,-128
5626768,9,-128
5626768,10,-128
5626768,11,-91
5626768,12,-93
5626768,13,-128
5626768,14,-128
5702122,0,-128
5702122,1,-128
5702122,2,-128
5702122,3,-128
5702122,4,-128
5702122,5,-128
5702122,6,-128
5702122,7,-128
5702122,8,-128
5702122,9,-128
5702122,10,-128
5702122,11,-92
5702122,12,-91
5702122,13,-128
5702122,14,-128
0,0,0
0,0,0
0,0,0
0,0,0
0,0,0
236
5777517,0,-93
5777517,1,-128
5777517,2,-128
5777517,3,-128
5777517,4,-128
5777517,5,-128
5777517,6,-128
5777517,7,-128
5777517,8,-128
5777517,9,-128
5777517,10,-128
5777517,11,-128
5777517,12,-92
5777517,13,-128
5777517,14,-128
5852848,0,-93
5852848,1,-128
5852848,2,-128
5852848,3,-128
5852848,4,-128
5852848,5,-93
5852848,6,-128
5852848,7,-128
5852848,8,-128
5852848,9,-85
5852848,10,-128
5852848,11,-128
5852848,12,-128
5852848,13,-87
5852848,14,-128
5928181,0,-128
5928181,1,-128
5928181,2,-128
5928181,3,-128
5928181,4,-93
5928181,5,-128
5928181,6,-128
5928181,7,-128
5928181,8,-128
5928181,9,-93
5928181,10,-128
5928181,11,-128
5928181,12,-128
5928181,13,-128
5928181,14,-128
6003486,0,-128
6003486,1,-93
6003486,2,-128
6003486,3,-93
6003486,4,-128
6003486,5,-92
6003486,6,-128
6003486,7,-128
6003486,8,-128
6003486,9,-128
6003486,10,-93
6003486,11,-128
6003486,12,-128
6003486,13,-128
6003486,14,-128
6078797,0,-93
6078797,1,-93
6078797,2,-128
6078797,3,-93
6078797,4,-128
6078797,5,-92
6078797,6,-128
6078797,7,-128
6078797,8,-128
6078797,9,-128
6078797,10,-128
6078797,11,-128
6078797,12,-92
6078797,13,-93
6078797,14,-128
0,0,0
0,0,0
0,0,0
0,0,0
0,0,0
235
6154199,0,-128
6154199,1,-93
6154199,2,-128
6154199,3,-128
6154199,4,-128
6154199,5,-128
6154199,6,-128
6154199,7,-128
6154199,8,-128
6154199,9,-128
6154199,10,-93
6154199,11,-128
6154199,12,-128
6154199,13,-128
6154199,14,-128
6229542,0,-128
6229542,1,-128
6229542,2,-93
6229542,3,-93
6229542,4,-128
6229542,5,-128
6229542,6,-128
6229542,7,-128
6229542,8,-128
6229542,9,-92
6229542,10,-128
6229542,11,-128
6229542,12,-93
6229542,13,-128
6229542,14,-128
6304894,0,-128
6304894,1,-128
6304894,2,-128
6304894,3,-128
6304894,4,-90
6304894,5,-128
6304894,6,-128
6304894,7,-128
6304894,8,-128
6304894,9,-128
6304894,10,-128
6304894,11,-128
6304894,12,-128
6304894,13,-128
6304894,14,-128
6380226,0,-128
6380226,1,-128
6380226,2,-128
6380226,3,-128
6380226,4,-81
6380226,5,-128
6380226,6,-128
6380226,7,-128
6380226,8,-128
6380226,9,-128
6380226,10,-93
6380226,11,-128
6380226,12,-128
6380226,13,-128
6380226,14,-128
6455558,0,-128
6455558,1,-128
6455558,2,-128
6455558,3,-128
6455558,4,-81
6455558,5,-128
6455558,6,-128
6455558,7,-128
6455558,8,-128
6455558,9,-128
6455558,10,-93
6455558,11,-128
6455558,12,-128
6455558,13,-128
6455558,14,-128
0,0,0
0,0,0
0,0,0
0,0,0
0,0,0
234
6530949,0,-128
6530949,1,-128
6530949,2,-128
6530949,3,-128
6530949,4,-78
6530949,5,-128
6530949,6,-128
6530949,7,-128
6530949,8,-128
6530949,9,-128
6530949,10,-93
6530949,11,-128
6530949,12,-128
6530949,13,-91
6530949,14,-128
6606274,0,-92
6606274,1,-128
6606274,2,-128
6606274,3,-93
6606274,4,-92
6606274,5,-128
6606274,6,-128
6606274,7,-128
6606274,8,-128
6606274,9,-128
6606274,10,-128
6606274,11,-86
6606274,12,-128
6606274,13,-128
6606274,14,-128
6681599,0,-92
6681599,1,-128
6681599,2,-128
6681599,3,-93
6681599,4,-128
6681599,5,-128
6681599,6,-128
6681599,7,-128
6681599,8,-128
6681599,9,-128
6681599,10,-128
6681599,11,-93
6681599,12,-128
6681599,13,-93
6681599,14,-128
6756907,0,-92
6756907,1,-128
6756907,2,-128
6756907,3,-93
6756907,4,-92
6756907,5,-128
6756907,6,-128
6756907,7,-128
6756907,8,-128
6756907,9,-92
6756907,10,-128
6756907,11,-93
6756907,12,-128
6756907,13,-128
6756907,14,-128
6832211,0,-92
6832211,1,-128
6832211,2,-93
6832211,3,-93
6832211,4,-93
6832211,5,-128
6832211,6,-128
6832211,7,-128
6832211,8,-128
6832211,9,-93
6832211,10,-128
6832211,11,-93
6832211,12,-128
6832211,13,-128
6832211,14,-128
0,0,0
0,0,0
0,0,0
0,0,0
0,0,0
233
6907597,0,-128
6907597,1,-128
6907597,2,-128
6907597,3,-93
6907597,4,-128
6907597,5,-93
6907597,6,-128
6907597,7,-128
6907597,8,-128
6907597,9,-128
6907597,10,-128
6907597,11,-92
6907597,12,-128
6907597,13,-92
6907597,14,-128
6982906,0,-128
6982906,1,-128
6982906,2,-128
6982906,3,-128
6982906,4,-128
6982906,5,-128
6982906,6,-128
6982906,7,-128
6982906,8,-128
6982906,9,-128
6982906,10,-128
6982906,11,-128
6982906,12,-128
6982906,13,-128
6982906,14,-128
7058229,0,-128
7058229,1,-128
7058229,2,-128
7058229,3,-93
7058229,4,-93
7058229,5,-93
7058229,6,-128
7058229,7,-128
7058229,8,-128
7058229,9,-93
7058229,10,-90
7058229,11,-93
7058229,12,-128
7058229,13,-93
7058229,14,-128
7133555,0,-128
7133555,1,-128
7133555,2,-128
7133555,3,-93
7133555,4,-93
7133555,5,-92
7133555,6,-128
7133555,7,-128
7133555,8,-128
7133555,9,-93
7133555,10,-128
7133555,11,-93
7133555,12,-128
7133555,13,-91
7133555,14,-128
7208890,0,-128
7208890,1,-93
7208890,2,-93
7208890,3,-128
7208890,4,-128
7208890,5,-93
7208890,6,-128
7208890,7,-128
7208890,8,-128
7208890,9,-128
7208890,10,-128
7208890,11,-93
7208890,12,-128
7208890,13,-92
7208890,14,-128
0,0,0
0,0,0
0,0,0
0,0,0
0,0,0
232
7284298,0,-128
7284298,1,-128
7284298,2,-128
7284298,3,-93
7284298,4,-93
7284298,5,-92
7284298,6,-128
7284298,7,-128
7284298,8,-128
7284298,9,-93
7284298,10,-128
7284298,11,-92
7284298,12,-128
7284298,13,-90
7284298,14,-128
7359638,0,-128
7359638,1,-88
7359638,2,-128
7359638,3,-90
7359638,4,-128
7359638,5,-92
7359638,6,-128
7359638,7,-128
7359638,8,-128
7359638,9,-128
7359638,10,-128
7359638,11,-128
7359638,12,-92
7359638,13,-128
7359638,14,-128
7434962,0,-128
7434962,1,-128
7434962,2,-128
7434962,3,-128
7434962,4,-128
7434962,5,-128
7434962,6,-128
7434962,7,-128
7434962,8,-128
7434962,9,-92
7434962,10,-128
7434962,11,-73
7434962,12,-128
7434962,13,-128
7434962,14,-128
7510306,0,-128
7510306,1,-90
7510306,2,-128
7510306,3,-92
7510306,4,-93
7510306,5,-88
7510306,6,-128
7510306,7,-128
7510306,8,-128
7510306,9,-128
7510306,10,-128
7510306,11,-93
7510306,12,-128
7510306,13,-128
7510306,14,-128
7585689,0,-128
7585689,1,-93
7585689,2,-128
7585689,3,-93
7585689,4,-128
7585689,5,-90
7585689,6,-128
7585689,7,-128
7585689,8,-128
7585689,9,-128
7585689,10,-128
7585689,11,-128
7585689,12,-128
7585689,13,-128
7585689,14,-128
0,0,0
0,0,0
0,0,0
0,0,0
0,0,0
231
7661116,0,-128
7661116,1,-84
7661116,2,-128
7661116,3,-93
7661116,4,-128
7661116,5,-128
7661116,6,-128
7661116,7,-128
7661116,8,-128
7661116,9,-128
7661116,10,-128
7661116,11,-128
7661116,12,-128
7661116,13,-128
7661116,14,-128
7736311,0,-128
7736311,1,-88
7736311,2,-93
7736311,3,-92
7736311,4,-128
7736311,5,-128
7736311,6,-128
7736311,7,-128
7736311,8,-128
7736311,9,-92
7736311,10,-128
7736311,11,-92
7736311,12,-128
7736311,13,-128
7736311,14,-128
7811702,0,-128
7811702,1,-87
7811702,2,-128
7811702,3,-93
7811702,4,-128
7811702,5,-89
7811702,6,-128
7811702,7,-128
7811702,8,-128
7811702,9,-128
7811702,10,-128
7811702,11,-128
7811702,12,-128
7811702,13,-128
7811702,14,-128
7887074,0,-128
7887074,1,-89
7887074,2,-128
7887074,3,-93
7887074,4,-93
7887074,5,-81
7887074,6,-128
7887074,7,-128
7887074,8,-128
7887074,9,-93
7887074,10,-128
7887074,11,-128
7887074,12,-128
7887074,13,-93
7887074,14,-128
7962458,0,-128
7962458,1,-90
7962458,2,-128
7962458,3,-92
7962458,4,-128
7962458,5,-92
7962458,6,-128
7962458,7,-128
7962458,8,-128
7962458,9,-128
7962458,10,-128
7962458,11,-128
7962458,12,-128
7962458,13,-128
7962458,14,-128
0,0,0
0,0,0
0,0,0
0,0,0
0,0,0
230
8037882,0,-128
8037882,1,-128
8037882,2,-128
8037882,3,-93
8037882,4,-91
8037882,5,-90
8037882,6,-128
8037882,7,-128
8037882,8,-128
8037882,9,-93
8037882,10,-128
8037882,11,-128
8037882,12,-128
8037882,13,-128
8037882,14,-128
8113211,0,-128
8113211,1,-93
8113211,2,-93
8113211,3,-93
8113211,4,-93
8113211,5,-87
8113211,6,-128
8113211,7,-128
8113211,8,-128
8113211,9,-91
8113211,10,-90
8113211,11,-93
8113211,12,-128
8113211,13,-93
8113211,14,-128
8188574,0,-128
8188574,1,-128
8188574,2,-93
8188574,3,-128
8188574,4,-91
8188574,5,-84
8188574,6,-128
8188574,7,-128
8188574,8,-128
8188574,9,-128
8188574,10,-128
8188574,11,-128
8188574,12,-128
8188574,13,-93
8188574,14,-128
8263730,0,-128
8263730,1,-128
8263730,2,-93
8263730,3,-92
8263730,4,-82
8263730,5,-93
8263730,6,-128
8263730,7,-128
8263730,8,-128
8263730,9,-93
8263730,10,-92
8263730,11,-89
8263730,12,-128
8263730,13,-128
8263730,14,-128
8339086,0,-128
8339086,1,-93
8339086,2,-128
8339086,3,-93
8339086,4,-93
8339086,5,-93
8339086,6,-128
8339086,7,-128
8339086,8,-128
8339086,9,-93
8339086,10,-128
8339086,11,-91
8339086,12,-128
8339086,13,-128
8339086,14,-128
0,0,0
0,0,0
0,0,0
0,0,0
0,0,0
229
8414469,0,-128
8414469,1,-128
8414469,2,-128
8414469,3,-128
8414469,4,-128
8414469,5,-128
8414469,6,-128
8414469,7,-128
8414469,8,-128
8414469,9,-128
8414469,10,-128
8414469,11,-128
8414469,12,-128
8414469,13,-128
8414469,14,-128
8489777,0,-128
8489777,1,-128
8489777,2,-128
8489777,3,-128
8489777,4,-128
8489777,5,-128
8489777,6,-128
8489777,7,-128
8489777,8,-128
8489777,9,-128
8489777,10,-128
8489777,11,-128
8489777,12,-92
8489777,13,-128
8489777,14,-128
8565084,0,-128
8565084,1,-128
8565084,2,-128
8565084,3,-128
8565084,4,-128
8565084,5,-128
8565084,6,-128
8565084,7,-128
8565084,8,-128
8565084,9,-93
8565084,10,-128
8565084,11,-128
8565084,12,-92
8565084,13,-128
8565084,14,-128
8640391,0,-128
8640391,1,-128
8640391,2,-128
8640391,3,-128
8640391,4,-128
8640391,5,-128
8640391,6,-128
8640391,7,-128
8640391,8,-128
8640391,9,-128
8640391,10,-93
8640391,11,-128
8640391,12,-128
8640391,13,-128
8640391,14,-128
8715706,0,-128
8715706,1,-128
8715706,2,-90
8715706,3,-128
8715706,4,-128
8715706,5,-128
8715706,6,-128
8715706,7,-128
8715706,8,-128
8715706,9,-128
8715706,10,-128
8715706,11,-128
8715706,12,-85
8715706,13,-128
8715706,14,-128
0,0,0
0,0,0
0,0,0
0,0,0
0,0,0
228
8791088,0,-128
8791088,1,-128
8791088,2,-74
8791088,3,-128
8791088,4,-93
8791088,5,-93
8791088,6,-128
8791088,7,-128
8791088,8,-128
8791088,9,-128
8791088,10,-128
8791088,11,-73
8791088,12,-93
8791088,13,-128
8791088,14,-128
8866411,0,-128
8866411,1,-128
8866411,2,-128
8866411,3,-128
8866411,4,-128
8866411,5,-88
8866411,6,-128
8866411,7,-128
8866411,8,-128
8866411,9,-128
8866411,10,-92
8866411,11,-128
8866411,12,-128
8866411,13,-128
8866411,14,-128
8941719,0,-128
8941719,1,-128
8941719,2,-128
8941719,3,-128
8941719,4,-128
8941719,5,-128
8941719,6,-128
8941719,7,-128
8941719,8,-128
8941719,9,-128
8941719,10,-128
8941719,11,-128
8941719,12,-128
8941719,13,-128
8941719,14,-128
9017027,0,-128
9017027,1,-128
9017027,2,-128
9017027,3,-128
9017027,4,-128
9017027,5,-128
9017027,6,-128
9017027,7,-128
9017027,8,-128
9017027,9,-128
9017027,10,-128
9017027,11,-128
9017027,12,-128
9017027,13,-128
9017027,14,-128
9092335,0,-128
9092335,1,-128
9092335,2,-128
9092335,3,-128
9092335,4,-128
9092335,5,-128
9092335,6,-128
9092335,7,-128
9092335,8,-128
9092335,9,-128
9092335,10,-128
9092335,11,-128
9092335,12,-128
9092335,13,-128
9092335,14,-128
0,0,0
0,0,0
0,0,0
0,0,0
0,0,0
227
9167709,0,-128
9167709,1,-128
9167709,2,-128
9167709,3,-128
9167709,4,-128
9167709,5,-128
9167709,6,-128
9167709,7,-128
9167709,8,-128
9167709,9,-128
9167709,10,-128
9167709,11,-128
9167709,12,-128
9167709,13,-128
9167709,14,-128
9243028,0,-128
9243028,1,-128
9243028,2,-128
9243028,3,-128
9243028,4,-128
9243028,5,-128
9243028,6,-128
9243028,7,-128
9243028,8,-128
9243028,9,-128
9243028,10,-128
9243028,11,-128
9243028,12,-89
9243028,13,-128
9243028,14,-128
9318341,0,-128
9318341,1,-93
9318341,2,-88
9318341,3,-128
9318341,4,-128
9318341,5,-83
9318341,6,-128
9318341,7,-128
9318341,8,-128
9318341,9,-128
9318341,10,-93
9318341,11,-92
9318341,12,-128
9318341,13,-128
9318341,14,-128
9393726,0,-128
9393726,1,-90
9393726,2,-93
9393726,3,-128
9393726,4,-128
9393726,5,-86
9393726,6,-128
9393726,7,-128
9393726,8,-128
9393726,9,-128
9393726,10,-128
9393726,11,-128
9393726,12,-93
9393726,13,-128
9393726,14,-128
9469088,0,-128
9469088,1,-91
9469088,2,-128
9469088,3,-128
9469088,4,-128
9469088,5,-85
9469088,6,-128
9469088,7,-128
9469088,8,-128
9469088,9,-128
9469088,10,-128
9469088,11,-128
9469088,12,-93
9469088,13,-128
9469088,14,-128
0,0,0
0,0,0
0,0,0
0,0,0
0,0,0
226
9544515,0,-128
9544515,1,-91
9544515,2,-93
9544515,3,-128
9544515,4,-128
9544515,5,-87
9544515,6,-128
9544515,7,-128
9544515,8,-128
9544515,9,-128
9544515,10,-128
9544515,11,-128
9544515,12,-93
9544515,13,-128
9544515,14,-128
9619877,0,-128
9619877,1,-93
9619877,2,-128
9619877,3,-128
9619877,4,-128
9619877,5,-86
9619877,6,-128
9619877,7,-128
9619877,8,-128
9619877,9,-128
9619877,10,-128
9619877,11,-128
9619877,12,-93
9619877,13,-128
9619877,14,-128
9695233,0,-128
9695233,1,-93
9695233,2,-128
9695233,3,-128
9695233,4,-128
9695233,5,-87
9695233,6,-128
9695233,7,-128
9695233,8,-128
9695233,9,-128
9695233,10,-128
9695233,11,-128
9695233,12,-93
9695233,13,-128
9695233,14,-128
9770509,0,-128
9770509,1,-91
9770509,2,-128
9770509,3,-93
9770509,4,-128
9770509,5,-91
9770509,6,-128
9770509,7,-128
9770509,8,-128
9770509,9,-128
9770509,10,-128
9770509,11,-128
9770509,12,-93
9770509,13,-128
9770509,14,-128
9845868,0,-128
9845868,1,-91
9845868,2,-128
9845868,3,-128
9845868,4,-93
9845868,5,-92
9845868,6,-128
9845868,7,-128
9845868,8,-128
9845868,9,-128
9845868,10,-128
9845868,11,-128
9845868,12,-93
9845868,13,-128
9845868,14,-128
0,0,0
0,0,0
0,0,0
0,0,0
0,0,0
225
9921285,0,-128
9921285,1,-92
9921285,2,-93
9921285,3,-92
9921285,4,-92
9921285,5,-77
9921285,6,-128
9921285,7,-128
9921285,8,-128
9921285,9,-93
9921285,10,-92
9921285,11,-128
9921285,12,-93
9921285,13,-128
9921285,14,-128
9996635,0,-128
9996635,1,-92
9996635,2,-93
9996635,3,-90
9996635,4,-93
9996635,5,-84
9996635,6,-128
9996635,7,-128
9996635,8,-128
9996635,9,-93
9996635,10,-93
9996635,11,-128
9996635,12,-93
9996635,13,-128
9996635,14,-128
10071995,0,-128
10071995,1,-90
10071995,2,-93
10071995,3,-93
10071995,4,-93
10071995,5,-92
10071995,6,-128
10071995,7,-128
10071995,8,-128
10071995,9,-93
10071995,10,-128
10071995,11,-128
10071995,12,-128
10071995,13,-93
10071995,14,-128
10147410,0,-128
10147410,1,-92
10147410,2,-91
10147410,3,-93
10147410,4,-93
10147410,5,-87
10147410,6,-128
10147410,7,-128
10147410,8,-128
10147410,9,-92
10147410,10,-89
10147410,11,-128
10147410,12,-93
10147410,13,-93
10147410,14,-128
10222831,0,-128
10222831,1,-128
10222831,2,-86
10222831,3,-128
10222831,4,-93
10222831,5,-128
10222831,6,-128
10222831,7,-128
10222831,8,-128
10222831,9,-93
10222831,10,-91
10222831,11,-128
10222831,12,-93
10222831,13,-128
10222831,14,-128
0,0,0
0,0,0
0,0,0
0,0,0
0,0,0
224
10298278,0,-128
10298278,1,-128
10298278,2,-128
10298278,3,-128
10298278,4,-93
10298278,5,-93
10298278,6,-128
10298278,7,-128
10298278,8,-128
10298278,9,-128
10298278,10,-93
10298278,11,-128
10298278,12,-93
10298278,13,-128
10298278,14,-128
10373598,0,-128
10373598,1,-128
10373598,2,-128
10373598,3,-128
10373598,4,-93
10373598,5,-128
10373598,6,-128
10373598,7,-128
10373598,8,-128
10373598,9,-128
10373598,10,-128
10373598,11,-128
10373598,12,-128
10373598,13,-128
10373598,14,-128
10448991,0,-128
10448991,1,-92
10448991,2,-77
10448991,3,-93
10448991,4,-128
10448991,5,-89
10448991,6,-128
10448991,7,-128
10448991,8,-128
10448991,9,-128
10448991,10,-91
10448991,11,-128
10448991,12,-93
10448991,13,-128
10448991,14,-128
10524322,0,-128
10524322,1,-128
10524322,2,-128
10524322,3,-128
10524322,4,-128
10524322,5,-92
10524322,6,-128
10524322,7,-128
10524322,8,-128
10524322,9,-128
10524322,10,-93
10524322,11,-128
10524322,12,-128
10524322,13,-128
10524322,14,-128
10599654,0,-128
10599654,1,-128
10599654,2,-128
10599654,3,-128
10599654,4,-128
10599654,5,-128
10599654,6,-128
10599654,7,-128
10599654,8,-128
10599654,9,-128
10599654,10,-93
10599654,11,-128
10599654,12,-128
10599654,13,-128
10599654,14,-128
0,0,0
0,0,0
0,0,0
0,0,0
0,0,0
223
10675029,0,-128
10675029,1,-128
10675029,2,-128
10675029,3,-128
10675029,4,-128
10675029,5,-128
10675029,6,-128
10675029,7,-128
10675029,8,-128
10675029,9,-128
10675029,10,-93
10675029,11,-128
10675029,12,-128
10675029,13,-128
10675029,14,-128
10750357,0,-128
10750357,1,-128
10750357,2,-128
10750357,3,-128
10750357,4,-128
10750357,5,-128
10750357,6,-128
10750357,7,-128
10750357,8,-128
10750357,9,-128
10750357,10,-90
10750357,11,-128
10750357,12,-128
10750357,13,-128
10750357,14,-128
10825691,0,-128
10825691,1,-128
10825691,2,-128
10825691,3,-128
10825691,4,-128
10825691,5,-128
10825691,6,-128
10825691,7,-128
10825691,8,-128
10825691,9,-128
10825691,10,-90
10825691,11,-128
10825691,12,-128
10825691,13,-128
10825691,14,-128
10901025,0,-128
10901025,1,-128
10901025,2,-128
10901025,3,-128
10901025,4,-128
10901025,5,-128
10901025,6,-128
10901025,7,-128
10901025,8,-128
10901025,9,-128
10901025,10,-88
10901025,11,-128
10901025,12,-128
10901025,13,-128
10901025,14,-128
10976359,0,-128
10976359,1,-128
10976359,2,-128
10976359,3,-128
10976359,4,-128
10976359,5,-128
10976359,6,-128
10976359,7,-128
10976359,8,-128
10976359,9,-128
10976359,10,-92
10976359,11,-128
10976359,12,-128
10976359,13,-128
10976359,14,-128
0,0,0
0,0,0
0,0,0
0,0,0
0,0,0
222
11051754,0,-128
11051754,1,-128
11051754,2,-128
11051754,3,-128
11051754,4,-128
11051754,5,-85
11051754,6,-128
11051754,7,-128
11051754,8,-128
11051754,9,-128
11051754,10,-93
11051754,11,-128
11051754,12,-128
11051754,13,-128
11051754,14,-128
11127092,0,-128
11127092,1,-128
11127092,2,-128
11127092,3,-128
11127092,4,-128
11127092,5,-83
11127092,6,-128
11127092,7,-128
11127092,8,-128
11127092,9,-128
11127092,10,-128
11127092,11,-128
11127092,12,-128
11127092,13,-128
11127092,14,-128
11202456,0,-128
11202456,1,-128
11202456,2,-128
11202456,3,-128
11202456,4,-92
11202456,5,-128
11202456,6,-128
11202456,7,-128
11202456,8,-128
11202456,9,-128
11202456,10,-128
11202456,11,-128
11202456,12,-128
11202456,13,-128
11202456,14,-128
11277778,0,-128
11277778,1,-128
11277778,2,-128
11277778,3,-128
11277778,4,-92
11277778,5,-128
11277778,6,-128
11277778,7,-128
11277778,8,-128
11277778,9,-128
11277778,10,-128
11277778,11,-128
11277778,12,-128
11277778,13,-128
11277778,14,-128
11353116,0,-128
11353116,1,-87
11353116,2,-128
11353116,3,-128
11353116,4,-128
11353116,5,-128
11353116,6,-128
11353116,7,-128
11353116,8,-128
11353116,9,-128
11353116,10,-128
11353116,11,-128
11353116,12,-128
11353116,13,-91
11353116,14,-128
0,0,0
0,0,0
0,0,0
0,0,0
0,0,0
221
11428490,0,-128
11428490,1,-128
11428490,2,-128
11428490,3,-128
11428490,4,-128
11428490,5,-128
11428490,6,-128
11428490,7,-128
11428490,8,-128
11428490,9,-128
11428490,10,-128
11428490,11,-128
11428490,12,-128
11428490,13,-128
11428490,14,-128
11503797,0,-128
11503797,1,-93
11503797,2,-128
11503797,3,-128
11503797,4,-128
11503797,5,-128
11503797,6,-128
11503797,7,-128
11503797,8,-128
11503797,9,-128
11503797,10,-128
11503797,11,-128
11503797,12,-128
11503797,13,-128
11503797,14,-128
11579105,0,-128
11579105,1,-128
11579105,2,-128
11579105,3,-128
11579105,4,-128
11579105,5,-128
11579105,6,-128
11579105,7,-128
11579105,8,-128
11579105,9,-128
11579105,10,-128
11579105,11,-128
11579105,12,-128
11579105,13,-128
11579105,14,-128
11654420,0,-128
11654420,1,-128
11654420,2,-128
11654420,3,-92
11654420,4,-128
11654420,5,-128
11654420,6,-128
11654420,7,-128
11654420,8,-128
11654420,9,-128
11654420,10,-128
11654420,11,-128
11654420,12,-128
11654420,13,-128
11654420,14,-128
11729742,0,-128
11729742,1,-93
11729742,2,-93
11729742,3,-92
11729742,4,-128
11729742,5,-128
11729742,6,-128
11729742,7,-128
11729742,8,-128
11729742,9,-128
11729742,10,-128
11729742,11,-128
11729742,12,-128
11729742,13,-128
11729742,14,-128
0,0,0
0,0,0
0,0,0
0,0,0
0,0,0
220
11805133,0,-128
11805133,1,-128
11805133,2,-93
11805133,3,-92
11805133,4,-128
11805133,5,-128
11805133,6,-128
11805133,7,-128
11805133,8,-128
11805133,9,-128
11805133,10,-128
11805133,11,-128
11805133,12,-128
11805133,13,-128
11805133,14,-128
11880467,0,-128
11880467,1,-128
11880467,2,-89
11880467,3,-93
11880467,4,-93
11880467,5,-128
11880467,6,-128
11880467,7,-128
11880467,8,-128
11880467,9,-128
11880467,10,-128
11880467,11,-128
11880467,12,-93
11880467,13,-128
11880467,14,-128
11955796,0,-128
11955796,1,-128
11955796,2,-92
11955796,3,-93
11955796,4,-93
11955796,5,-128
11955796,6,-128
11955796,7,-128
11955796,8,-128
11955796,9,-128
11955796,10,-128
11955796,11,-128
11955796,12,-128
11955796,13,-90
11955796,14,-128
12031103,0,-128
12031103,1,-128
12031103,2,-128
12031103,3,-93
12031103,4,-128
12031103,5,-128
12031103,6,-128
12031103,7,-128
12031103,8,-128
12031103,9,-128
12031103,10,-128
12031103,11,-128
12031103,12,-128
12031103,13,-128
12031103,14,-128
12106412,0,-128
12106412,1,-93
12106412,2,-128
12106412,3,-93
12106412,4,-128
12106412,5,-128
12106412,6,-128
12106412,7,-128
12106412,8,-128
12106412,9,-128
12106412,10,-128
12106412,11,-128
12106412,12,-128
12106412,13,-93
12106412,14,-128
0,0,0
0,0,0
0,0,0
0,0,0
0,0,0
219
12181799,0,-128
12181799,1,-128
12181799,2,-128
12181799,3,-128
12181799,4,-90
12181799,5,-128
12181799,6,-128
12181799,7,-128
12181799,8,-128
12181799,9,-128
12181799,10,-128
12181799,11,-128
12181799,12,-128
12181799,13,-92
12181799,14,-128
12257119,0,-128
12257119,1,-91
12257119,2,-128
12257119,3,-128
12257119,4,-128
12257119,5,-128
12257119,6,-128
12257119,7,-128
12257119,8,-128
12257119,9,-128
12257119,10,-128
12257119,11,-128
12257119,12,-128
12257119,13,-128
12257119,14,-128
12332303,0,-128
12332303,1,-128
12332303,2,-128
12332303,3,-93
12332303,4,-128
12332303,5,-128
12332303,6,-128
12332303,7,-128
12332303,8,-128
12332303,9,-128
12332303,10,-128
12332303,11,-128
12332303,12,-128
12332303,13,-128
12332303,14,-128
12407623,0,-128
12407623,1,-128
12407623,2,-128
12407623,3,-128
12407623,4,-128
12407623,5,-128
12407623,6,-128
12407623,7,-128
12407623,8,-128
12407623,9,-128
12407623,10,-128
12407623,11,-128
12407623,12,-128
12407623,13,-128
12407623,14,-128
12482947,0,-128
12482947,1,-128
12482947,2,-128
12482947,3,-128
12482947,4,-91
12482947,5,-128
12482947,6,-128
12482947,7,-128
12482947,8,-128
12482947,9,-128
12482947,10,-128
12482947,11,-128
12482947,12,-128
12482947,13,-89
12482947,14,-128
0,0,0
0,0,0
0,0,0
0,0,0
0,0,0
218
12558325,0,-128
12558325,1,-128
12558325,2,-128
12558325,3,-128
12558325,4,-128
12558325,5,-74
12558325,6,-128
12558325,7,-128
12558325,8,-128
12558325,9,-128
12558325,10,-128
12558325,11,-128
12558325,12,-128
12558325,13,-90
12558325,14,-128
12633633,0,-128
12633633,1,-128
12633633,2,-128
12633633,3,-128
12633633,4,-128
12633633,5,-128
12633633,6,-128
12633633,7,-128
12633633,8,-128
12633633,9,-128
12633633,10,-128
12633633,11,-128
12633633,12,-128
12633633,13,-128
12633633,14,-128
12708956,0,-128
12708956,1,-128
12708956,2,-128
12708956,3,-128
12708956,4,-128
12708956,5,-128
12708956,6,-128
12708956,7,-128
12708956,8,-128
12708956,9,-128
12708956,10,-128
12708956,11,-128
12708956,12,-128
12708956,13,-128
12708956,14,-128
12784264,0,-128
12784264,1,-128
12784264,2,-128
12784264,3,-128
12784264,4,-128
12784264,5,-128
12784264,6,-128
12784264,7,-128
12784264,8,-128
12784264,9,-128
12784264,10,-128
12784264,11,-128
12784264,12,-128
12784264,13,-128
12784264,14,-128
12859572,0,-128
12859572,1,-128
12859572,2,-128
12859572,3,-128
12859572,4,-128
12859572,5,-128
12859572,6,-128
12859572,7,-128
12859572,8,-128
12859572,9,-128
12859572,10,-128
12859572,11,-128
12859572,12,-128
12859572,13,-128
12859572,14,-128
0,0,0
0,0,0
0,0,0
0,0,0
0,0,0
217
12934946,0,-128
12934946,1,-128
12934946,2,-128
12934946,3,-128
12934946,4,-128
12934946,5,-128
12934946,6,-128
12934946,7,-128
12934946,8,-128
12934946,9,-128
12934946,10,-128
12934946,11,-128
12934946,12,-128
12934946,13,-128
12934946,14,-128
13010254,0,-128
13010254,1,-128
13010254,2,-128
13010254,3,-128
13010254,4,-128
13010254,5,-128
13010254,6,-128
13010254,7,-128
13010254,8,-128
13010254,9,-128
13010254,10,-128
13010254,11,-128
13010254,12,-128
13010254,13,-128
13010254,14,-128
13085562,0,-128
13085562,1,-128
13085562,2,-128
13085562,3,-128
13085562,4,-128
13085562,5,-128
13085562,6,-128
13085562,7,-128
13085562,8,-128
13085562,9,-128
13085562,10,-128
13085562,11,-128
13085562,12,-128
13085562,13,-128
13085562,14,-128
13160870,0,-128
13160870,1,-128
13160870,2,-128
13160870,3,-128
13160870,4,-128
13160870,5,-128
13160870,6,-128
13160870,7,-128
13160870,8,-128
13160870,9,-128
13160870,10,-128
13160870,11,-128
13160870,12,-128
13160870,13,-128
13160870,14,-128
13236178,0,-128
13236178,1,-128
13236178,2,-128
13236178,3,-128
13236178,4,-128
13236178,5,-128
13236178,6,-128
13236178,7,-128
13236178,8,-128
13236178,9,-128
13236178,10,-128
13236178,11,-128
13236178,12,-128
13236178,13,-128
13236178,14,-128
0,0,0
0,0,0
0,0,0
0,0,0
0,0,0
216
13311552,0,-128
13311552,1,-128
13311552,2,-128
13311552,3,-128
13311552,4,-128
13311552,5,-128
13311552,6,-128
13311552,7,-128
13311552,8,-128
13311552,9,-128
13311552,10,-128
13311552,11,-128
13311552,12,-128
13311552,13,-128
13311552,14,-128
13386860,0,-128
13386860,1,-128
13386860,2,-128
13386860,3,-128
13386860,4,-128
13386860,5,-128
13386860,6,-128
13386860,7,-128
13386860,8,-128
13386860,9,-128
13386860,10,-128
13386860,11,-128
13386860,12,-128
13386860,13,-128
13386860,14,-128
13462168,0,-128
13462168,1,-128
13462168,2,-128
13462168,3,-128
13462168,4,-128
13462168,5,-128
13462168,6,-128
13462168,7,-128
13462168,8,-128
13462168,9,-128
13462168,10,-128
13462168,11,-128
13462168,12,-128
13462168,13,-128
13462168,14,-128
13537476,0,-128
13537476,1,-128
13537476,2,-128
13537476,3,-128
13537476,4,-128
13537476,5,-128
13537476,6,-128
13537476,7,-128
13537476,8,-128
13537476,9,-128
13537476,10,-128
13537476,11,-128
13537476,12,-128
13537476,13,-128
13537476,14,-128
13612784,0,-128
13612784,1,-128
13612784,2,-128
13612784,3,-128
13612784,4,-128
13612784,5,-128
13612784,6,-128
13612784,7,-128
13612784,8,-128
13612784,9,-128
13612784,10,-128
13612784,11,-128
13612784,12,-128
13612784,13,-128
13612784,14,-128
0,0,0
0,0,0
0,0,0
0,0,0
0,0,0
215
13688158,0,-128
13688158,1,-128
13688158,2,-128
13688158,3,-128
13688158,4,-128
13688158,5,-128
13688158,6,-128
13688158,7,-128
13688158,8,-128
13688158,9,-128
13688158,10,-128
13688158,11,-128
13688158,12,-128
13688158,13,-128
13688158,14,-128
13763466,0,-128
13763466,1,-128
13763466,2,-128
13763466,3,-128
13763466,4,-128
13763466,5,-128
13763466,6,-128
13763466,7,-128
13763466,8,-128
13763466,9,-128
13763466,10,-128
13763466,11,-128
13763466,12,-128
13763466,13,-128
13763466,14,-128
13838782,0,-128
13838782,1,-128
13838782,2,-128
13838782,3,-128
13838782,4,-128
13838782,5,-128
13838782,6,-128
13838782,7,-128
13838782,8,-128
13838782,9,-128
13838782,10,-128
13838782,11,-128
13838782,12,-128
13838782,13,-128
13838782,14,-128
13914089,0,-128
13914089,1,-93
13914089,2,-128
13914089,3,-128
13914089,4,-128
13914089,5,-128
13914089,6,-128
13914089,7,-128
13914089,8,-128
13914089,9,-128
13914089,10,-128
13914089,11,-128
13914089,12,-128
13914089,13,-128
13914089,14,-128
13989396,0,-128
13989396,1,-128
13989396,2,-93
13989396,3,-128
13989396,4,-128
13989396,5,-128
13989396,6,-128
13989396,7,-128
13989396,8,-128
13989396,9,-128
13989396,10,-128
13989396,11,-128
13989396,12,-128
13989396,13,-128
13989396,14,-128
0,0,0
0,0,0
0,0,0
0,0,0
0,0,0
214
14064770,0,-128
14064770,1,-128
14064770,2,-128
14064770,3,-128
14064770,4,-128
14064770,5,-128
14064770,6,-128
14064770,7,-128
14064770,8,-128
14064770,9,-128
14064770,10,-128
14064770,11,-128
14064770,12,-128
14064770,13,-128
14064770,14,-128
14140078,0,-128
14140078,1,-128
14140078,2,-128
14140078,3,-128
14140078,4,-128
14140078,5,-128
14140078,6,-128
14140078,7,-128
14140078,8,-128
14140078,9,-128
14140078,10,-128
14140078,11,-128
14140078,12,-128
14140078,13,-128
14140078,14,-128
14215386,0,-128
14215386,1,-128
14215386,2,-128
14215386,3,-128
14215386,4,-128
14215386,5,-128
14215386,6,-128
14215386,7,-128
14215386,8,-128
14215386,9,-128
14215386,10,-128
14215386,11,-128
14215386,12,-128
14215386,13,-128
14215386,14,-128
14290694,0,-128
14290694,1,-128
14290694,2,-128
14290694,3,-128
14290694,4,-128
14290694,5,-128
14290694,6,-128
14290694,7,-128
14290694,8,-128
14290694,9,-128
14290694,10,-128
14290694,11,-128
14290694,12,-128
14290694,13,-128
14290694,14,-128
14366002,0,-128
14366002,1,-128
14366002,2,-92
14366002,3,-128
14366002,4,-128
14366002,5,-128
14366002,6,-128
14366002,7,-128
14366002,8,-128
14366002,9,-128
14366002,10,-128
14366002,11,-128
14366002,12,-128
14366002,13,-128
14366002,14,-128
0,0,0
0,0,0
0,0,0
0,0,0
0,0,0
213
14441385,0,-128
14441385,1,-128
14441385,2,-89
14441385,3,-128
14441385,4,-128
14441385,5,-128
14441385,6,-128
14441385,7,-128
14441385,8,-128
14441385,9,-128
14441385,10,-128
14441385,11,-128
14441385,12,-128
14441385,13,-128
14441385,14,-128
14516709,0,-128
14516709,1,-128
14516709,2,-83
14516709,3,-128
14516709,4,-128
14516709,5,-128
14516709,6,-128
14516709,7,-128
14516709,8,-128
14516709,9,-128
14516709,10,-128
14516709,11,-128
14516709,12,-128
14516709,13,-128
14516709,14,-128
14592047,0,-128
14592047,1,-128
14592047,2,-92
14592047,3,-128
14592047,4,-128
14592047,5,-128
14592047,6,-128
14592047,7,-128
14592047,8,-128
14592047,9,-128
14592047,10,-128
14592047,11,-128
14592047,12,-128
14592047,13,-93
14592047,14,-128
14667369,0,-128
14667369,1,-128
14667369,2,-77
14667369,3,-128
14667369,4,-128
14667369,5,-128
14667369,6,-128
14667369,7,-128
14667369,8,-128
14667369,9,-128
14667369,10,-128
14667369,11,-128
14667369,12,-128
14667369,13,-91
14667369,14,-128
14742703,0,-128
14742703,1,-128
14742703,2,-128
14742703,3,-128
14742703,4,-128
14742703,5,-128
14742703,6,-128
14742703,7,-128
14742703,8,-128
14742703,9,-128
14742703,10,-128
14742703,11,-128
14742703,12,-128
14742703,13,-128
14742703,14,-128
0,0,0
0,0,0
0,0,0
0,0,0
0,0,0
212