250
184044200
360044200
573044200
192044234
266044234
358044234
479044234
573044234
684044234
890044234
1082044234
1192044234
1291044234
1390044234
1490044234
1589044234
1687044234
184044268
266044268
367044268
478044268
573044268
675044268
881044268
989044268
1076044268
1183044268
1292044268
1390044268
1487044268
1589044268
1692044268
187044302
268044302
358044302
479044302
573044302
675044302
792044302
883044302
981044302
1076044302
1189044302
1292044302
1390044302
1488044302
1589044302
1692044302
187044336
268044336
364044336
478044336
573044336
673044336
881044336
983044336
1082044336
1186044336
1291044336
1390044336
1488044336
1589044336
1690044336
192044370
268044370
361044370
479044370
573044370
688044370
883044370
981044370
1076044370
1189044370
1291044370
1392044370
1489044370
1589044370
1691044370
192044404
263044404
361044404
479044404
573044404
687044404
883044404
992044404
1082044404
1183044404
1291044404
1391044404
1488044404
1589044404
1682044404
187044438
264044438
358044438
478044438
677044438
883044438
981044438
1076044438
1189044438
1291044438
1392044438
1489044438
1589044438
1690044438
263044472
356044472
479044472
573044472
792044472
887044472
983044472
1076044472
1188044472
1291044472
1390044472
1489044472
1589044472
1691044472
184044506
268044506
358044506
479044506
573044506
684044506
890044506
983044506
1076044506
1189044506
1291044506
1390044506
1490044506
1589044506
1682044506
185044540
266044540
366044540
478044540
573044540
890044540
981044540
1082044540
1188044540
1291044540
1390044540
1490044540
1589044540
1692044540
184044574
266044574
356044574
479044574
675044574
892044574
981044574
1088044574
1190044574
1292044574
1391044574
1487044574
1589044574
1682044574
266044608
361044608
476044608
573044608
883044608
992044608
1076044608
1190044608
1292044608
1390044608
1490044608
1590044608
1692044608
184044642
268044642
356044642
477044642
573044642
684044642
890044642
981044642
1076044642
1189044642
1292044642
1390044642
1490044642
1590044642
1682044642
187044676
268044676
367044676
480044676
573044676
892044676
981044676
1081044676
1189044676
1292044676
1390044676
1489044676
1589044676
1682044676
187044710
264044710
367044710
479044710
573044710
891044710
981044710
1077044710
1186044710
1292044710
1390044710
1488044710
1589044710
1682044710
187044744
262044744
356044744
479044744
573044744
883044744
992044744
1085044744
1186044744
1292044744
1390044744
1489044744
1589044744
1691044744
188044778
268044778
361044778
479044778
573044778
890044778
249
989044778
1084044778
1183044778
1291044778
1392044778
1490044778
1589044778
1692044778
192044812
263044812
367044812
478044812
573044812
892044812
989044812
1082044812
1187044812
1291044812
1391044812
1490044812
1589044812
1692044812
263044846
364044846
477044846
573044846
792044846
884044846
983044846
1076044846
1190044846
1290044846
1389044846
1489044846
1591044846
1691044846
267044880
361044880
479044880
572044880
791044880
892044880
981044880
1085044880
1192044880
1289044880
1390044880
1489044880
1589044880
1691044880
187044914
267044914
483044914
573044914
778044914
884044914
977044914
1192044914
1292044914
1389044914
1492044914
1592044914
1688044914
191044948
261044948
367044948
476044948
573044948
780044948
892044948
991044948
1078044948
1192044948
1292044948
1392044948
1491044948
1592044948
1690044948
190044982
263044982
367044982
478044982
575044982
678044982
782044982
883044982
989044982
1081044982
1190044982
1290044982
1391044982
1488044982
1589044982
1684044982
189045016
262045016
365045016
478045016
574045016
784045016
887045016
978045016
1077045016
1189045016
1292045016
1391045016
1489045016
1592045016
1692045016
189045050
262045050
367045050
477045050
573045050
673045050
791045050
880045050
989045050
1083045050
1192045050
1292045050
1392045050
1490045050
1592045050
1692045050
189045084
268045084
361045084
480045084
573045084
774045084
883045084
983045084
1085045084
1189045084
1292045084
1392045084
1487045084
1592045084
1692045084
185045118
264045118
356045118
478045118
573045118
784045118
892045118
992045118
1084045118
1184045118
1292045118
1387045118
1490045118
1592045118
1692045118
184045152
264045152
359045152
475045152
574045152
779045152
884045152
992045152
1084045152
1184045152
1292045152
1389045152
1488045152
1592045152
1692045152
185045186
263045186
367045186
475045186
574045186
774045186
892045186
990045186
1084045186
1184045186
1292045186
1387045186
1488045186
1592045186
1692045186
185045220
264045220
361045220
478045220
574045220
783045220
883045220
984045220
1076045220
1184045220
1292045220
1387045220
1490045220
1592045220
1692045220
184045254
264045254
364045254
477045254
574045254
678045254
783045254
882045254
984045254
1076045254
1184045254
1292045254
1387045254
1490045254
1592045254
1692045254
183045288
268045288
358045288
475045288
573045288
779045288
882045288
990045288
1076045288
1184045288
1292045288
1387045288
1490045288
1591045288
1692045288
185045322
269045322
364045322
479045322
574045322
783045322
892045322
980045322
1085045322
248
1184045322
1292045322
1387045322
1489045322
1592045322
1692045322
192045356
263045356
358045356
475045356
574045356
773045356
891045356
992045356
1084045356
1184045356
1292045356
1387045356
1489045356
1592045356
1692045356
184045390
264045390
367045390
479045390
573045390
774045390
884045390
984045390
1084045390
1188045390
1292045390
1388045390
1490045390
1592045390
1692045390
186045424
264045424
364045424
478045424
775045424
984045424
1076045424
1189045424
1292045424
1392045424
1491045424
1591045424
1692045424
184045458
264045458
366045458
479045458
574045458
892045458
980045458
1086045458
1186045458
1292045458
1388045458
1489045458
1592045458
1692045458
185045492
267045492
358045492
479045492
573045492
773045492
882045492
990045492
1084045492
1184045492
1292045492
1392045492
1489045492
1591045492
1692045492
185045526
263045526
361045526
478045526
574045526
775045526
884045526
992045526
1085045526
1184045526
1292045526
1392045526
1489045526
1592045526
1692045526
185045560
264045560
364045560
475045560
573045560
783045560
884045560
980045560
1085045560
1187045560
1292045560
1392045560
1487045560
1591045560
1692045560
265045594
364045594
479045594
573045594
774045594
882045594
980045594
1089045594
1192045594
1292045594
1387045594
1490045594
1591045594
1692045594
184045628
261045628
358045628
475045628
573045628
783045628
891045628
992045628
1085045628
1184045628
1292045628
1391045628
1489045628
1591045628
1692045628
184045662
263045662
365045662
476045662
573045662
779045662
884045662
992045662
1076045662
1184045662
1292045662
1390045662
1490045662
1592045662
1692045662
184045696
263045696
364045696
478045696
574045696
774045696
891045696
980045696
1084045696
1184045696
1292045696
1387045696
1490045696
1591045696
1692045696
185045730
264045730
356045730
480045730
573045730
779045730
885045730
992045730
1077045730
1184045730
1292045730
1387045730
1490045730
1591045730
1692045730
184045764
263045764
361045764
475045764
774045764
882045764
992045764
1085045764
1184045764
1292045764
1392045764
1489045764
1592045764
1692045764
184045798
264045798
356045798
478045798
574045798
773045798
884045798
981045798
1085045798
1192045798
1292045798
1387045798
1491045798
1592045798
1692045798
190045832
268045832
368045832
479045832
573045832
675045832
774045832
882045832
981045832
1076045832
1184045832
1292045832
1387045832
1491045832
1592045832
1692045832
192045866
263045866
367045866
478045866
574045866
673045866
774045866
882045866
980045866
1079045866
1187045866
1292045866
1392045866
247
1488045866
1592045866
1692045866
184045900
263045900
358045900
479045900
573045900
673045900
773045900
882045900
984045900
1076045900
1184045900
1292045900
1392045900
1487045900
1592045900
1692045900
189045934
265045934
364045934
477045934
574045934
673045934
775045934
892045934
985045934
1084045934
1184045934
1292045934
1389045934
1487045934
1592045934
1692045934
184045968
268045968
364045968
479045968
573045968
774045968
891045968
992045968
1076045968
1192045968
1292045968
1387045968
1489045968
1591045968
1692045968
184046002
268046002
358046002
477046002
573046002
775046002
882046002
984046002
1085046002
1192046002
1292046002
1387046002
1490046002
1591046002
1692046002
185046036
261046036
356046036
478046036
573046036
673046036
783046036
882046036
984046036
1089046036
1184046036
1292046036
1387046036
1490046036
1592046036
1692046036
185046070
268046070
364046070
479046070
573046070
673046070
779046070
882046070
981046070
1088046070
1187046070
1292046070
1392046070
1490046070
1592046070
1692046070
184046104
267046104
358046104
475046104
573046104
673046104
779046104
884046104
980046104
1085046104
1184046104
1292046104
1390046104
1489046104
1592046104
1692046104
184046138
264046138
364046138
478046138
573046138
673046138
774046138
884046138
992046138
1085046138
1192046138
1292046138
1392046138
1490046138
1591046138
1692046138
184046172
264046172
361046172
475046172
573046172
673046172
783046172
884046172
984046172
1076046172
1192046172
1292046172
1387046172
1490046172
1592046172
1692046172
184046206
263046206
367046206
479046206
573046206
783046206
884046206
992046206
1085046206
1188046206
1292046206
1392046206
1489046206
1591046206
1692046206
192046240
262046240
366046240
479046240
574046240
673046240
774046240
882046240
980046240
1084046240
1184046240
1292046240
1391046240
1487046240
1592046240
1692046240
191046274
263046274
367046274
477046274
573046274
673046274
779046274
891046274
980046274
1088046274
1187046274
1292046274
1392046274
1489046274
1592046274
1692046274
184046308
263046308
364046308
477046308
573046308
673046308
773046308
884046308
984046308
1085046308
1192046308
1292046308
1387046308
1487046308
1592046308
1692046308
184046342
263046342
356046342
479046342
574046342
673046342
783046342
882046342
980046342
1088046342
1192046342
1292046342
1392046342
1490046342
1592046342
1692046342
191046376
267046376
356046376
475046376
574046376
673046376
774046376
882046376
991046376
1084046376
1189046376
1292046376
1392046376
1489046376
1592046376
1692046376
246
184046410
261046410
361046410
478046410
576046410
674046410
773046410
891046410
981046410
1084046410
1184046410
1292046410
1390046410
1487046410
1591046410
1692046410
185046444
263046444
356046444
479046444
573046444
673046444
777046444
882046444
981046444
1086046444
1184046444
1292046444
1387046444
1489046444
1591046444
1692046444
184046478
263046478
364046478
478046478
573046478
673046478
783046478
882046478
984046478
1076046478
1192046478
1292046478
1392046478
1491046478
1592046478
1692046478
184046512
268046512
367046512
477046512
573046512
673046512
774046512
882046512
992046512
1076046512
1189046512
1292046512
1390046512
1489046512
1592046512
1692046512
185046546
263046546
367046546
479046546
573046546
673046546
783046546
884046546
980046546
1076046546
1187046546
1292046546
1392046546
1489046546
1592046546
1692046546
185046580
263046580
356046580
479046580
573046580
673046580
779046580
889046580
990046580
1085046580
1190046580
1292046580
1390046580
1487046580
1592046580
1692046580
185046614
263046614
361046614
478046614
573046614
673046614
775046614
891046614
984046614
1084046614
1187046614
1292046614
1387046614
1489046614
1592046614
1692046614
184046648
264046648
364046648
479046648
573046648
673046648
775046648
882046648
988046648
1076046648
1187046648
1292046648
1387046648
1490046648
1592046648
1692046648
192046682
264046682
367046682
479046682
574046682
673046682
774046682
884046682
990046682
1085046682
1184046682
1292046682
1391046682
1490046682
1592046682
1692046682
185046716
263046716
356046716
477046716
574046716
673046716
775046716
884046716
992046716
1084046716
1189046716
1292046716
1392046716
1490046716
1592046716
1692046716
184046750
268046750
364046750
477046750
573046750
673046750
773046750
884046750
984046750
1076046750
1187046750
1292046750
1389046750
1489046750
1592046750
1692046750
190046784
261046784
358046784
477046784
573046784
673046784
783046784
891046784
990046784
1076046784
1189046784
1292046784
1387046784
1490046784
1592046784
1692046784
184046818
262046818
367046818
478046818
573046818
673046818
774046818
892046818
981046818
1076046818
1189046818
1292046818
1388046818
1489046818
1591046818
1692046818
191046852
263046852
361046852
478046852
573046852
673046852
773046852
884046852
992046852
1082046852
1188046852
1292046852
1392046852
1490046852
1592046852
1692046852
184046886
264046886
359046886
478046886
573046886
673046886
775046886
884046886
984046886
1086046886
1184046886
1292046886
1391046886
1490046886
1592046886
1692046886
245