250
187044128
54044162
183044162
261044162
458044162
570044162
684044162
879044162
1076044162
1183044162
1293044162
1383044162
1487044162
1592044162
1690044162
56044196
183044196
261044196
456044196
571044196
680044196
885044196
984044196
1073044196
1183044196
1293044196
1384044196
1487044196
1591044196
1686044196
54044230
183044230
261044230
458044230
565044230
685044230
885044230
981044230
1087044230
1183044230
1293044230
1383044230
1479044230
1590044230
1686044230
54044264
183044264
261044264
456044264
568044264
680044264
793044264
877044264
984044264
1085044264
1190044264
1293044264
1488044264
1593044264
1686044264
55044298
183044298
261044298
463044298
568044298
686044298
879044298
984044298
1078044298
1183044298
1293044298
1488044298
1592044298
1690044298
54044332
183044332
261044332
456044332
565044332
680044332
879044332
981044332
1075044332
1183044332
1293044332
1487044332
1593044332
1686044332
56044366
183044366
261044366
456044366
568044366
686044366
877044366
984044366
1087044366
1183044366
1293044366
1488044366
1592044366
1686044366
54044400
183044400
262044400
463044400
571044400
680044400
887044400
981044400
1073044400
1183044400
1293044400
1488044400
1593044400
1686044400
54044434
184044434
262044434
458044434
565044434
680044434
878044434
984044434
1079044434
1190044434
1488044434
1593044434
1686044434
56044468
183044468
262044468
463044468
568044468
877044468
984044468
1073044468
1183044468
1293044468
1479044468
1592044468
1686044468
54044502
183044502
261044502
456044502
566044502
686044502
885044502
990044502
1073044502
1183044502
1293044502
1488044502
1593044502
1686044502
54044536
183044536
261044536
466044536
570044536
680044536
878044536
984044536
1079044536
1182044536
1293044536
1489044536
1592044536
1686044536
54044570
183044570
262044570
456044570
565044570
680044570
887044570
993044570
1087044570
1182044570
1293044570
1489044570
1593044570
1686044570
62044604
183044604
262044604
458044604
565044604
681044604
877044604
984044604
1087044604
1190044604
1293044604
1488044604
1591044604
1686044604
54044638
183044638
262044638
456044638
571044638
686044638
887044638
981044638
1073044638
1183044638
1293044638
1487044638
1590044638
1686044638
54044672
183044672
261044672
463044672
568044672
680044672
884044672
981044672
1073044672
1189044672
1293044672
1489044672
1592044672
1686044672
62044706
183044706
262044706
463044706
566044706
682044706
879044706
981044706
1080044706
1183044706
1293044706
1488044706
1590044706
1690044706
249
54044740
183044740
261044740
458044740
570044740
885044740
1183044740
1293044740
1479044740
1590044740
54044774
188044774
261044774
458044774
570044774
879044774
984044774
1074044774
1183044774
1293044774
1490044774
1591044774
1684044774
56044808
180044808
261044808
458044808
570044808
681044808
791044808
879044808
985044808
1073044808
1182044808
1292044808
1486044808
1591044808
1682044808
54044842
262044842
456044842
571044842
686044842
784044842
879044842
983044842
1084044842
1181044842
1489044842
1592044842
1690044842
59044876
183044876
262044876
466044876
565044876
682044876
782044876
885044876
993044876
1089044876
1182044876
1293044876
1484044876
1590044876
1689044876
56044910
183044910
262044910
466044910
565044910
693044910
789044910
878044910
982044910
1077044910
1180044910
1292044910
1479044910
1589044910
1685044910
54044944
186044944
262044944
455044944
566044944
875044944
989044944
1086044944
1186044944
1292044944
1489044944
1592044944
1693044944
62044978
186044978
261044978
458044978
568044978
685044978
793044978
877044978
981044978
1074044978
1184044978
1291044978
1491044978
1591044978
1692044978
56045012
188045012
261045012
456045012
568045012
692045012
774045012
876045012
981045012
1074045012
1185045012
1293045012
1479045012
1593045012
1689045012
55045046
183045046
261045046
455045046
568045046
691045046
773045046
878045046
990045046
1076045046
1183045046
1489045046
1585045046
1691045046
56045080
184045080
261045080
455045080
565045080
690045080
771045080
878045080
990045080
1078045080
1183045080
1293045080
1493045080
1585045080
1691045080
56045114
183045114
262045114
458045114
565045114
690045114
773045114
877045114
993045114
1080045114
1180045114
1490045114
1584045114
55045148
183045148
261045148
455045148
565045148
693045148
877045148
993045148
1076045148
1179045148
1292045148
1490045148
1584045148
1692045148
56045182
183045182
261045182
466045182
570045182
691045182
778045182
887045182
984045182
1076045182
1179045182
1490045182
1587045182
1691045182
56045216
183045216
262045216
458045216
568045216
684045216
777045216
885045216
990045216
1087045216
1193045216
1293045216
1493045216
1587045216
1692045216
56045250
183045250
262045250
455045250
570045250
684045250
773045250
876045250
984045250
1189045250
1479045250
1586045250
1691045250
57045284
183045284
261045284
455045284
571045284
691045284
775045284
877045284
1080045284
1189045284
1292045284
1480045284
1593045284
1693045284
59045318
183045318
261045318
458045318
248
568045318
690045318
777045318
878045318
993045318
1074045318
1183045318
1490045318
1586045318
1691045318
55045352
183045352
261045352
455045352
568045352
691045352
773045352
878045352
984045352
1080045352
1180045352
1292045352
1479045352
1585045352
1691045352
57045386
183045386
261045386
455045386
568045386
691045386
777045386
878045386
984045386
1077045386
1183045386
1480045386
1588045386
1692045386
55045420
184045420
261045420
466045420
566045420
687045420
775045420
880045420
993045420
1078045420
1183045420
1292045420
1486045420
1588045420
1692045420
56045454
183045454
262045454
455045454
572045454
691045454
771045454
877045454
984045454
1076045454
1189045454
1293045454
1391045454
1479045454
1593045454
1691045454
55045488
188045488
262045488
455045488
568045488
691045488
771045488
877045488
986045488
1080045488
1189045488
1292045488
1480045488
1587045488
1693045488
56045522
183045522
261045522
458045522
566045522
771045522
876045522
990045522
1076045522
1183045522
1489045522
1584045522
1691045522
55045556
183045556
262045556
466045556
565045556
684045556
774045556
878045556
984045556
1084045556
1183045556
1292045556
1479045556
1590045556
1691045556
55045590
183045590
262045590
455045590
565045590
691045590
777045590
885045590
983045590
1079045590
1193045590
1292045590
1382045590
1479045590
1584045590
1691045590
56045624
183045624
261045624
455045624
568045624
684045624
777045624
878045624
993045624
1080045624
1179045624
1292045624
1489045624
1584045624
1691045624
56045658
183045658
261045658
455045658
568045658
684045658
771045658
876045658
983045658
1076045658
1183045658
1292045658
1490045658
1585045658
1691045658
55045692
183045692
262045692
458045692
568045692
688045692
777045692
876045692
993045692
1076045692
1183045692
1293045692
1488045692
1584045692
1691045692
55045726
183045726
261045726
458045726
568045726
773045726
878045726
984045726
1074045726
1179045726
1291045726
1493045726
1585045726
1691045726
57045760
183045760
261045760
460045760
565045760
684045760
771045760
885045760
993045760
1079045760
1183045760
1293045760
1479045760
1591045760
1691045760
55045794
183045794
261045794
466045794
568045794
685045794
777045794
878045794
984045794
1084045794
1179045794
1293045794
1387045794
1490045794
1587045794
1691045794
56045828
183045828
262045828
455045828
568045828
684045828
777045828
878045828
990045828
1075045828
1189045828
1293045828
1489045828
1586045828
1691045828
55045862
183045862
261045862
455045862
568045862
693045862
247
772045862
878045862
983045862
1075045862
1183045862
1479045862
1584045862
1692045862
54045896
183045896
261045896
466045896
568045896
683045896
771045896
878045896
984045896
1076045896
1179045896
1293045896
1493045896
1593045896
1691045896
56045930
183045930
262045930
460045930
568045930
691045930
771045930
878045930
984045930
1076045930
1179045930
1292045930
1391045930
1479045930
1586045930
1691045930
56045964
183045964
261045964
455045964
566045964
684045964
773045964
876045964
983045964
1085045964
1183045964
1293045964
1493045964
1584045964
1691045964
55045998
183045998
261045998
455045998
565045998
683045998
777045998
885045998
993045998
1079045998
1189045998
1293045998
1488045998
1593045998
1693045998
55046032
183046032
261046032
458046032
565046032
686046032
775046032
878046032
983046032
1086046032
1183046032
1292046032
1383046032
1493046032
1692046032
55046066
183046066
262046066
455046066
566046066
693046066
777046066
882046066
993046066
1080046066
1183046066
1293046066
1387046066
1479046066
1588046066
1691046066
55046100
183046100
261046100
460046100
566046100
775046100
877046100
990046100
1078046100
1179046100
1292046100
1493046100
1593046100
1691046100
55046134
183046134
261046134
460046134
566046134
693046134
771046134
878046134
993046134
1080046134
1183046134
1292046134
1490046134
1591046134
1691046134
56046168
183046168
262046168
455046168
565046168
687046168
771046168
878046168
990046168
1076046168
1183046168
1292046168
1489046168
1584046168
1691046168
55046202
183046202
262046202
458046202
570046202
691046202
775046202
876046202
983046202
1074046202
1179046202
1293046202
1392046202
1488046202
1584046202
1691046202
56046236
261046236
459046236
570046236
693046236
776046236
876046236
983046236
1083046236
1293046236
1491046236
1585046236
1691046236
55046270
183046270
261046270
458046270
568046270
687046270
773046270
881046270
990046270
1076046270
1183046270
1292046270
1391046270
1489046270
1592046270
1692046270
56046304
183046304
261046304
458046304
565046304
691046304
776046304
880046304
983046304
1085046304
1183046304
1293046304
1479046304
1588046304
1691046304
55046338
183046338
262046338
455046338
565046338
688046338
772046338
885046338
993046338
1077046338
1183046338
1292046338
1393046338
1488046338
1584046338
1692046338
59046372
183046372
261046372
458046372
571046372
684046372
774046372
878046372
993046372
1078046372
1179046372
1292046372
1392046372
1488046372
1691046372
55046406
183046406
261046406
455046406
571046406
246
690046406
771046406
878046406
987046406
1073046406
1179046406
1292046406
1393046406
1479046406
1593046406
1692046406
56046440
183046440
262046440
458046440
571046440
684046440
777046440
887046440
984046440
1084046440
1189046440
1292046440
1391046440
1489046440
1584046440
1691046440
55046474
183046474
262046474
458046474
568046474
683046474
777046474
878046474
984046474
1074046474
1183046474
1293046474
1490046474
1588046474
1691046474
56046508
183046508
261046508
458046508
565046508
693046508
772046508
878046508
990046508
1074046508
1183046508
1293046508
1386046508
1485046508
1593046508
1691046508
56046542
183046542
261046542
455046542
568046542
693046542
771046542
876046542
993046542
1087046542
1183046542
1292046542
1382046542
1479046542
1586046542
1692046542
56046576
183046576
261046576
458046576
568046576
690046576
777046576
877046576
990046576
1086046576
1179046576
1292046576
1493046576
1593046576
1691046576
56046610
183046610
261046610
458046610
566046610
684046610
777046610
877046610
993046610
1075046610
1181046610
1292046610
1493046610
1584046610
1691046610
56046644
183046644
262046644
455046644
568046644
693046644
776046644
878046644
984046644
1074046644
1189046644
1292046644
1392046644
1479046644
1585046644
1691046644
55046678
183046678
261046678
455046678
565046678
777046678
877046678
984046678
1084046678
1183046678
1293046678
1391046678
1490046678
1691046678
55046712
183046712
261046712
466046712
565046712
693046712
775046712
878046712
993046712
1075046712
1182046712
1292046712
1391046712
1490046712
55046746
183046746
261046746
461046746
570046746
689046746
775046746
878046746
983046746
1078046746
1183046746
1292046746
1391046746
1493046746
1592046746
1691046746
55046780
183046780
262046780
466046780
568046780
771046780
878046780
983046780
1080046780
1179046780
1293046780
1387046780
1493046780
1587046780
1691046780
55046814
183046814
261046814
466046814
566046814
684046814
777046814
877046814
984046814
1080046814
1183046814
1292046814
1391046814
1479046814
1591046814
1691046814
55046848
183046848
261046848
459046848
571046848
689046848
771046848
885046848
990046848
1086046848
1183046848
1293046848
1382046848
1479046848
1586046848
1691046848
55046882
183046882
263046882
455046882
568046882
693046882
776046882
878046882
984046882
1076046882
1193046882
1292046882
1391046882
1479046882
1588046882
1691046882
56046916
183046916
261046916
455046916
565046916
690046916
771046916
878046916
993046916
1084046916
1183046916
1391046916
1489046916
245
1593046916
1691046916
55046950
183046950
261046950
455046950
565046950
690046950
773046950
876046950
993046950
1080046950
1183046950
1292046950
1391046950
1489046950
1586046950
1691046950
56046984
183046984
261046984
460046984
566046984
687046984
777046984
877046984
982046984
1080046984
1183046984
1293046984
1382046984
1489046984
1589046984
1691046984
56047018
183047018
261047018
460047018
568047018
684047018
773047018
878047018
990047018
1085047018
1179047018
1293047018
1383047018
1486047018
1590047018
55047052
183047052
261047052
459047052
571047052
684047052
772047052
876047052
982047052
1084047052
1179047052
1291047052
1479047052
1587047052
1690047052
55047086
183047086
262047086
455047086
566047086
690047086
773047086
877047086
986047086
1081047086
1189047086
1291047086
1393047086
1493047086
1592047086
1690047086
57047120
179047120
261047120
457047120
566047120
676047120
772047120
878047120
992047120
1073047120
1193047120
1291047120
1385047120
1482047120
1591047120
1690047120
54047154
184047154
261047154
464047154
586047154
692047154
778047154
880047154
990047154
1074047154
1193047154
1392047154
1482047154
1591047154
1691047154
57047188
182047188
261047188
493047188
684047188
773047188
881047188
984047188
1083047188
1193047188
1289047188
1379047188
1479047188
1592047188
1691047188
67047222
175047222
274047222
493047222
682047222
782047222
882047222
991047222
1081047222
1293047222
1388047222
1485047222
1593047222
1692047222
86047256
187047256
266047256
493047256
673047256
789047256
877047256
978047256
1091047256
1193047256
1293047256
1386047256
1475047256
1589047256
1684047256
182047290
292047290
493047290
592047290
675047290
793047290
885047290
987047290
1085047290
1285047290
1487047290
1593047290
1692047290
179047324
493047324
593047324
687047324
792047324
879047324
993047324
1092047324
1193047324
1292047324
1478047324
1591047324
1687047324
189047358
593047358
681047358
785047358
888047358
991047358
1084047358
1176047358
1292047358
1393047358
1485047358
1593047358
1693047358
188047392
679047392
788047392
993047392
1093047392
1193047392
1291047392
1386047392
1485047392
1592047392
1678047392
186047426
679047426
786047426
993047426
1085047426
1293047426
1385047426
1478047426
1592047426
1689047426
184047460
686047460
770047460
991047460
1088047460
1484047460
1590047460
1682047460
186047494
682047494
771047494
993047494
1093047494
1488047494
1590047494
189047528
593047528
677047528
771047528
982047528
1093047528
1378047528
1492047528
1590047528
1690047528
244
184047562
593047562
684047562
770047562
993047562
1090047562
1379047562
1487047562
1590047562
1683047562
187047596
586047596
687047596
778047596
993047596
1089047596
1193047596
1378047596
1493047596
1589047596
1689047596
168047630
692047630
792047630
988047630
1093047630
1376047630
1493047630
1590047630
1684047630
186047664
692047664
792047664
986047664
1092047664
1376047664
1484047664
1591047664
1684047664
793047698
991047698
1085047698
1376047698
1485047698
1590047698
1683047698
793047732
987047732
1089047732
1379047732
1485047732
1591047732
1690047732
690047766
792047766
986047766
1093047766
1390047766
1492047766
1591047766
1687047766
671047800
762047800
981047800
1077047800
1383047800
1476047800
1591047800
1680047800
490047834
588047834
692047834
765047834
1592047834
1686047834
484047868
591047868
693047868
771047868
1193047868
1293047868
1686047868
483047902
590047902
791047902
1593047902
1688047902
181047936
488047936
588047936
792047936
1093047936
1593047936
185047970
487047970
592047970
787047970
1093047970
1193047970
1593047970
1692047970
184048004
592048004
1592048004
1682048004
681048038
783048038
989048038
1070048038
1368048038
1484048038
1583048038
1680048038
192048072
493048072
593048072
778048072
991048072
1090048072
1193048072
1377048072
1490048072
1592048072
1687048072
187048106
492048106
693048106
790048106
1693048106
183048140
493048140
593048140
793048140
188048174
493048174
593048174
692048174
993048174
1188048174
1293048174
1593048174
1690048174
186048208
793048208
193048242
993048242
1393048242
1593048242
993048276
1093048276
1192048276
1291048276
1393048276
1493048276
1592048276
1693048276
193048310
793048310
1093048310
1187048310
1282048310
1393048310
1593048310
1693048310
193048344
692048344
993048344
1091048344
1193048344
1288048344
1390048344
1592048344
192048378
688048378
792048378
1192048378
1276048378
1593048378
191048412
493048412
593048412
793048412
993048412
1193048412
1289048412
1390048412
1493048412
1593048412
1691048412
193048446
493048446
692048446
793048446
1093048446
192048480
693048480
793048480
1293048480
1393048480
1593048480
193048514
792048514
990048514
1093048514
1191048514
1390048514
1592048514
182048548
792048548
993048548
1093048548
1293048548
1393048548
1593048548
1690048548
191048582
793048582
993048582
1193048582
1293048582
1393048582
1593048582
1692048582
193048616
793048616
1093048616
1493048616
1587048616
191048650
793048650
1293048650
1593048650
190048684
789048684
1093048684
1192048684
1391048684
1593048684
193048718
593048718
243
692048718
1293048718
1691048718
191048752
692048752
793048752
1393048752
1591048752
1689048752
193048786
585048786
691048786
1292048786
193048820
592048820
692048820
1293048820
193048854
692048854
193048888
593048888
692048888
1193048888
193048922
693048922
1193048922
193048956
592048956
1193048956
1290048956
193048990
591048990
793048990
1691048990
191049024
592049024
686049024
777049024
993049024
1193049024
193049058
586049058
693049058
782049058
193049092
593049092
768049092
1193049092
593049126
791049126
191049160
693049160
792049160
192049194
1093049194
1593049194
192049228
593049228
692049228
1289049228
1693049228
593049296
1192049296
1293049296
1193049330
1291049330
1191049364
1293049364
1189049398
1286049398
1193049432
1291049432
1193049466
1292049466
1693049466
193049500
1193049500
1293049500
1193049534
193049568
692049568
1187049568
1293049568
1692049568
193049602
1192049602
1690049602
193049636
1192049636
1693049636
1193049670
1693049670
193049704
1692049704
193049738
593049738
692049738
1691049738
1692049772
593049840
693049840
1692049840
693049874
193049908
593049908
692049908
1693049908
693049942
1193049942
1292049942
1693049942
689049976
1291049976
1587049976
593050010
671050010
1593050010
592050044
689050044
1682050044
593050078
686050078
1193050078
1290050078
1691050078
592050112
690050112
1293050112
1593050112
193050146
593050146
693050146
1593050146
592050180
592050214
692050214
1592050214
1689050214
582050248
693050248
1292050248
1690050248
589050282
689050282
1193050282
1293050282
1690050282
589050316
690050316
1693050316
592050350
1093050350
1393050350
193050384
593050384
690050384
592050418
693050418
993050418
581050452
693050452
593050486
593050520
693050520
193050554
592050554
688050554
593050588
692050588
1293050588
593050622
683050622
993050622
193050656
587050656
678050656
1293050656
592050690
691050690
591050724
692050724
1293050724
1393050724
593050758
688050758
1292050758
591050792
193050826
593050826
690050826
993050826
1293050826
1393050826
593050860
691050860
993050860
1093050860
1393050860
192050894
593050894
692050894
1688050894
592050928
686050928
1093050928
193050962
593050962
673050962
993050962
1093050962
1293050962
1685050962
193050996
592050996
681050996
993050996
1093050996
1193050996
1291050996
1680050996
193051030
592051030
993051030
1193051030
1693051030
193051064
593051064
1193051064
1293051064
1691051064
593051098
993051098
1293051098
592051132
993051132
1093051132
593051166
993051166
593051200
993051200
242
1393051200
592051234
993051234
1093051234
593051268
993051268
593051302
1093051302
592051336
1592051336
593051370
993051370
589051404
193051438
591051438
1293051438
591051472
1193051472
193051506
588051506
193051540
593051540
1193051540
591051574
1193051574
591051608
593051642
692051642
1093051642
1193051642
593051676
993051676
1090051676
1390051676
1492051676
593051710
192051744
588051744
1293051744
587051778
1292051778
693051812
593051846
193051880
593051880
1293051880
593051914
581051948
1292051948
592051982
1093051982
592052016
193052084
593052118
593052152
1291052152
591052186
593052220
187052254
693052254
1293052254
573052288
593052322
593052390
192052424
593052424
193052458
593052458
993052526
1092052526
1393052526
187052560
593052560
992052560
1092052560
1393052560
1492052560
192052594
192052628
1093052628
193052662
193052696
991052696
1084052696
1389052696
1492052696
188052730
589052730
993052730
1093052730
1393052730
193052764
577052764
193052798
575052798
193052832
567052832
1290052832
193052866
586052866
1093052866
1291052866
188052900
592052900
1288052900
183052934
1293052934
176052968
592052968
191053002
589053002
1286053002
192053036
592053036
1287053036
190053070
591053070
1093053070
1291053070
184053104
586053104
1291053104
188053138
587053138
1287053138
189053172
593053172
1291053172
191053206
1293053206
1287053274
190053308
1284053308
175053342
593053342
1288053342
185053376
593053376
1286053376
1093053410
1289053410
693053444
1292053444
192053478
693053478
1293053478
692053512
1290053512
688053546
1293053546
688053580
1291053580
684053614
1291053614
685053648
1291053648
193053682
689053682
1288053682
1292053716
193053750
689053750
1293053750
592053784
1292053784
1287053818
593053852
693053852
1288053852
1292053886
1293053920
1293053954
593053988
1292053988
589054022
1093054022
1290054022
590054056
1288054056
593054090
1292054090
593054124
1293054124
590054158
693054158
1093054158
1287054158
593054192
693054192
693054226
1093054226
1293054226
692054260
1093054260
1293054260
593054294
693054294
693054328
1292054328
1289054362
1279054396
1093054430
1283054430
1292054464
1093054498
1281054498
1289054532
1093054566
1288054566
1276054600
1274054634
593054668
1284054668
1289054702
691054736
1293054736
674054770
990054770
1088054770
1293054770
1390054770
1492054770
593054804
678054804
988054804
1089054804
1386054804
1492054804
692054838
983054838
1074054838
1366054838
1478054838
1393054906
1093054940
1270054940
993054974
1290054974
1280055008
1393055008
241