250
443330,0,-55
443330,1,-76
443330,2,-54
443330,3,-52
443330,4,-75
443330,5,-68
443330,6,-63
443330,7,-60
443330,8,-48
443330,9,-68
443330,10,-128
443330,11,-128
443330,12,-128
443330,13,-128
443330,14,-128
518893,0,-62
518893,1,-75
518893,2,-49
518893,3,-60
518893,4,-71
518893,5,-69
518893,6,-66
518893,7,-67
518893,8,-54
518893,9,-70
518893,10,-128
518893,11,-60
518893,12,-63
518893,13,-75
518893,14,-68
594523,0,-59
594523,1,-76
594523,2,-60
594523,3,-51
594523,4,-75
594523,5,-73
594523,6,-67
594523,7,-59
594523,8,-54
594523,9,-68
594523,10,-128
594523,11,-55
594523,12,-62
594523,13,-76
594523,14,-66
670135,0,-68
670135,1,-72
670135,2,-53
670135,3,-66
670135,4,-80
670135,5,-72
670135,6,-57
670135,7,-66
670135,8,-54
670135,9,-70
670135,10,-128
670135,11,-63
670135,12,-59
670135,13,-82
670135,14,-74
745728,0,-68
745728,1,-73
745728,2,-86
745728,3,-85
745728,4,-87
745728,5,-81
745728,6,-67
745728,7,-59
745728,8,-51
745728,9,-68
745728,10,-128
745728,11,-51
745728,12,-63
745728,13,-79
745728,14,-71
0,0,0
0,0,0
0,0,0
0,0,0
0,0,0
249
821367,0,-95
821367,1,-92
821367,2,-89
821367,3,-89
821367,4,-95
821367,5,-90
821367,6,-96
821367,7,-92
821367,8,-82
821367,9,-90
821367,10,-128
821367,11,-94
821367,12,-91
821367,13,-94
821367,14,-70
896915,0,-62
896915,1,-64
896915,2,-60
896915,3,-63
896915,4,-84
896915,5,-92
896915,6,-86
896915,7,-88
896915,8,-78
896915,9,-86
896915,10,-128
896915,11,-67
896915,12,-84
896915,13,-78
896915,14,-77
972486,0,-69
972486,1,-59
972486,2,-60
972486,3,-61
972486,4,-93
972486,5,-94
972486,6,-89
972486,7,-90
972486,8,-73
972486,9,-86
972486,10,-128
972486,11,-65
972486,12,-128
972486,13,-128
972486,14,-73
1047920,0,-88
1047920,1,-79
1047920,2,-72
1047920,3,-75
1047920,4,-128
1047920,5,-96
1047920,6,-96
1047920,7,-96
1047920,8,-93
1047920,9,-128
1047920,10,-128
1047920,11,-94
1047920,12,-128
1047920,13,-128
1047920,14,-92
1123437,0,-76
1123437,1,-78
1123437,2,-72
1123437,3,-82
1123437,4,-95
1123437,5,-68
1123437,6,-67
1123437,7,-92
1123437,8,-90
1123437,9,-76
1123437,10,-128
1123437,11,-87
1123437,12,-128
1123437,13,-128
1123437,14,-82
0,0,0
0,0,0
0,0,0
0,0,0
0,0,0
248
1199021,0,-78
1199021,1,-74
1199021,2,-74
1199021,3,-83
1199021,4,-95
1199021,5,-60
1199021,6,-67
1199021,7,-91
1199021,8,-87
1199021,9,-67
1199021,10,-128
1199021,11,-87
1199021,12,-128
1199021,13,-128
1199021,14,-128
1274537,0,-90
1274537,1,-76
1274537,2,-73
1274537,3,-74
1274537,4,-93
1274537,5,-68
1274537,6,-73
1274537,7,-91
1274537,8,-91
1274537,9,-70
1274537,10,-128
1274537,11,-87
1274537,12,-128
1274537,13,-128
1274537,14,-128
1350060,0,-76
1350060,1,-80
1350060,2,-74
1350060,3,-77
1350060,4,-95
1350060,5,-65
1350060,6,-73
1350060,7,-94
1350060,8,-89
1350060,9,-71
1350060,10,-128
1350060,11,-86
1350060,12,-128
1350060,13,-128
1350060,14,-128
1425579,0,-88
1425579,1,-78
1425579,2,-73
1425579,3,-85
1425579,4,-93
1425579,5,-65
1425579,6,-74
1425579,7,-91
1425579,8,-90
1425579,9,-76
1425579,10,-128
1425579,11,-87
1425579,12,-128
1425579,13,-128
1425579,14,-128
1501088,0,-84
1501088,1,-80
1501088,2,-77
1501088,3,-75
1501088,4,-93
1501088,5,-70
1501088,6,-73
1501088,7,-92
1501088,8,-88
1501088,9,-79
1501088,10,-128
1501088,11,-86
1501088,12,-128
1501088,13,-128
1501088,14,-128
0,0,0
0,0,0
0,0,0
0,0,0
0,0,0
247
1576668,0,-77
1576668,1,-75
1576668,2,-72
1576668,3,-75
1576668,4,-92
1576668,5,-65
1576668,6,-69
1576668,7,-92
1576668,8,-90
1576668,9,-67
1576668,10,-128
1576668,11,-86
1576668,12,-96
1576668,13,-128
1576668,14,-128
1652181,0,-78
1652181,1,-80
1652181,2,-79
1652181,3,-82
1652181,4,-94
1652181,5,-66
1652181,6,-75
1652181,7,-92
1652181,8,-87
1652181,9,-78
1652181,10,-128
1652181,11,-85
1652181,12,-128
1652181,13,-128
1652181,14,-128
1727693,0,-78
1727693,1,-75
1727693,2,-72
1727693,3,-76
1727693,4,-92
1727693,5,-70
1727693,6,-73
1727693,7,-91
1727693,8,-88
1727693,9,-67
1727693,10,-128
1727693,11,-87
1727693,12,-128
1727693,13,-128
1727693,14,-128
1803208,0,-78
1803208,1,-78
1803208,2,-84
1803208,3,-83
1803208,4,-93
1803208,5,-69
1803208,6,-69
1803208,7,-92
1803208,8,-86
1803208,9,-79
1803208,10,-128
1803208,11,-86
1803208,12,-128
1803208,13,-128
1803208,14,-128
1878722,0,-78
1878722,1,-80
1878722,2,-72
1878722,3,-74
1878722,4,-92
1878722,5,-62
1878722,6,-67
1878722,7,-91
1878722,8,-89
1878722,9,-69
1878722,10,-128
1878722,11,-87
1878722,12,-128
1878722,13,-128
1878722,14,-128
0,0,0
0,0,0
0,0,0
0,0,0
0,0,0
246
1954307,0,-80
1954307,1,-75
1954307,2,-72
1954307,3,-78
1954307,4,-93
1954307,5,-65
1954307,6,-71
1954307,7,-92
1954307,8,-90
1954307,9,-70
1954307,10,-128
1954307,11,-87
1954307,12,-128
1954307,13,-128
1954307,14,-128
2029828,0,-76
2029828,1,-77
2029828,2,-79
2029828,3,-76
2029828,4,-93
2029828,5,-70
2029828,6,-75
2029828,7,-91
2029828,8,-88
2029828,9,-67
2029828,10,-128
2029828,11,-86
2029828,12,-128
2029828,13,-128
2029828,14,-128
2105350,0,-75
2105350,1,-76
2105350,2,-76
2105350,3,-78
2105350,4,-92
2105350,5,-61
2105350,6,-71
2105350,7,-91
2105350,8,-87
2105350,9,-77
2105350,10,-128
2105350,11,-85
2105350,12,-128
2105350,13,-128
2105350,14,-128
2180879,0,-79
2180879,1,-76
2180879,2,-83
2180879,3,-73
2180879,4,-93
2180879,5,-68
2180879,6,-68
2180879,7,-91
2180879,8,-86
2180879,9,-70
2180879,10,-128
2180879,11,-86
2180879,12,-128
2180879,13,-128
2180879,14,-128
2256411,0,-84
2256411,1,-80
2256411,2,-79
2256411,3,-84
2256411,4,-92
2256411,5,-64
2256411,6,-73
2256411,7,-91
2256411,8,-88
2256411,9,-67
2256411,10,-128
2256411,11,-85
2256411,12,-128
2256411,13,-128
2256411,14,-128
0,0,0
0,0,0
0,0,0
0,0,0
0,0,0
245
2332014,0,-89
2332014,1,-74
2332014,2,-72
2332014,3,-74
2332014,4,-92
2332014,5,-60
2332014,6,-67
2332014,7,-92
2332014,8,-86
2332014,9,-67
2332014,10,-128
2332014,11,-87
2332014,12,-128
2332014,13,-128
2332014,14,-128
2407551,0,-86
2407551,1,-76
2407551,2,-83
2407551,3,-79
2407551,4,-93
2407551,5,-64
2407551,6,-75
2407551,7,-91
2407551,8,-89
2407551,9,-76
2407551,10,-128
2407551,11,-86
2407551,12,-93
2407551,13,-128
2407551,14,-128
2483088,0,-88
2483088,1,-74
2483088,2,-73
2483088,3,-78
2483088,4,-95
2483088,5,-60
2483088,6,-73
2483088,7,-90
2483088,8,-87
2483088,9,-69
2483088,10,-128
2483088,11,-87
2483088,12,-93
2483088,13,-128
2483088,14,-128
2558627,0,-76
2558627,1,-74
2558627,2,-75
2558627,3,-75
2558627,4,-92
2558627,5,-61
2558627,6,-69
2558627,7,-93
2558627,8,-88
2558627,9,-73
2558627,10,-128
2558627,11,-85
2558627,12,-86
2558627,13,-128
2558627,14,-128
2634158,0,-84
2634158,1,-80
2634158,2,-77
2634158,3,-88
2634158,4,-90
2634158,5,-60
2634158,6,-67
2634158,7,-90
2634158,8,-88
2634158,9,-76
2634158,10,-128
2634158,11,-89
2634158,12,-95
2634158,13,-96
2634158,14,-128
0,0,0
0,0,0
0,0,0
0,0,0
0,0,0
244
2709720,0,-128
2709720,1,-81
2709720,2,-75
2709720,3,-84
2709720,4,-94
2709720,5,-62
2709720,6,-67
2709720,7,-87
2709720,8,-85
2709720,9,-67
2709720,10,-128
2709720,11,-84
2709720,12,-89
2709720,13,-96
2709720,14,-128
2785212,0,-95
2785212,1,-74
2785212,2,-73
2785212,3,-74
2785212,4,-128
2785212,5,-59
2785212,6,-69
2785212,7,-86
2785212,8,-83
2785212,9,-72
2785212,10,-128
2785212,11,-85
2785212,12,-96
2785212,13,-128
2785212,14,-128
2860699,0,-128
2860699,1,-82
2860699,2,-75
2860699,3,-73
2860699,4,-128
2860699,5,-60
2860699,6,-67
2860699,7,-87
2860699,8,-84
2860699,9,-68
2860699,10,-128
2860699,11,-89
2860699,12,-96
2860699,13,-128
2860699,14,-128
2936186,0,-96
2936186,1,-84
2936186,2,-74
2936186,3,-75
2936186,4,-128
2936186,5,-60
2936186,6,-69
2936186,7,-86
2936186,8,-91
2936186,9,-70
2936186,10,-128
2936186,11,-84
2936186,12,-94
2936186,13,-128
2936186,14,-128
3011665,0,-92
3011665,1,-77
3011665,2,-78
3011665,3,-74
3011665,4,-128
3011665,5,-61
3011665,6,-71
3011665,7,-88
3011665,8,-89
3011665,9,-76
3011665,10,-128
3011665,11,-84
3011665,12,-96
3011665,13,-128
3011665,14,-128
0,0,0
0,0,0
0,0,0
0,0,0
0,0,0
243
3087177,0,-128
3087177,1,-79
3087177,2,-74
3087177,3,-88
3087177,4,-128
3087177,5,-128
3087177,6,-67
3087177,7,-88
3087177,8,-84
3087177,9,-67
3087177,10,-128
3087177,11,-81
3087177,12,-96
3087177,13,-96
3087177,14,-128
3162650,0,-96
3162650,1,-81
3162650,2,-76
3162650,3,-76
3162650,4,-128
3162650,5,-67
3162650,6,-74
3162650,7,-94
3162650,8,-87
3162650,9,-70
3162650,10,-128
3162650,11,-88
3162650,12,-96
3162650,13,-128
3162650,14,-128
3238071,0,-95
3238071,1,-96
3238071,2,-94
3238071,3,-88
3238071,4,-96
3238071,5,-93
3238071,6,-96
3238071,7,-96
3238071,8,-88
3238071,9,-95
3238071,10,-128
3238071,11,-128
3238071,12,-128
3238071,13,-128
3238071,14,-128
3313401,0,-96
3313401,1,-128
3313401,2,-128
3313401,3,-94
3313401,4,-93
3313401,5,-128
3313401,6,-128
3313401,7,-128
3313401,8,-128
3313401,9,-96
3313401,10,-128
3313401,11,-96
3313401,12,-128
3313401,13,-128
3313401,14,-128
3388769,0,-128
3388769,1,-87
3388769,2,-84
3388769,3,-87
3388769,4,-95
3388769,5,-86
3388769,6,-94
3388769,7,-128
3388769,8,-96
3388769,9,-93
3388769,10,-128
3388769,11,-91
3388769,12,-95
3388769,13,-128
3388769,14,-128
0,0,0
0,0,0
0,0,0
0,0,0
0,0,0
242
3464175,0,-128
3464175,1,-128
3464175,2,-128
3464175,3,-128
3464175,4,-128
3464175,5,-128
3464175,6,-128
3464175,7,-94
3464175,8,-94
3464175,9,-128
3464175,10,-128
3464175,11,-128
3464175,12,-128
3464175,13,-96
3464175,14,-128
3539523,0,-128
3539523,1,-128
3539523,2,-128
3539523,3,-128
3539523,4,-128
3539523,5,-96
3539523,6,-128
3539523,7,-128
3539523,8,-95
3539523,9,-128
3539523,10,-128
3539523,11,-128
3539523,12,-128
3539523,13,-87
3539523,14,-128
3614855,0,-128
3614855,1,-128
3614855,2,-128
3614855,3,-128
3614855,4,-128
3614855,5,-128
3614855,6,-128
3614855,7,-128
3614855,8,-80
3614855,9,-128
3614855,10,-128
3614855,11,-128
3614855,12,-128
3614855,13,-128
3614855,14,-128
3690208,0,-128
3690208,1,-128
3690208,2,-128
3690208,3,-128
3690208,4,-128
3690208,5,-128
3690208,6,-94
3690208,7,-128
3690208,8,-95
3690208,9,-128
3690208,10,-128
3690208,11,-128
3690208,12,-85
3690208,13,-128
3690208,14,-128
3765559,0,-128
3765559,1,-128
3765559,2,-128
3765559,3,-128
3765559,4,-95
3765559,5,-128
3765559,6,-95
3765559,7,-128
3765559,8,-86
3765559,9,-95
3765559,10,-128
3765559,11,-128
3765559,12,-90
3765559,13,-128
3765559,14,-128
0,0,0
0,0,0
0,0,0
0,0,0
0,0,0
241
3840995,0,-128
3840995,1,-128
3840995,2,-128
3840995,3,-128
3840995,4,-89
3840995,5,-128
3840995,6,-96
3840995,7,-95
3840995,8,-128
3840995,9,-128
3840995,10,-128
3840995,11,-128
3840995,12,-128
3840995,13,-128
3840995,14,-128
3916301,0,-128
3916301,1,-128
3916301,2,-128
3916301,3,-128
3916301,4,-96
3916301,5,-128
3916301,6,-128
3916301,7,-128
3916301,8,-96
3916301,9,-128
3916301,10,-128
3916301,11,-128
3916301,12,-85
3916301,13,-128
3916301,14,-128
3991621,0,-128
3991621,1,-128
3991621,2,-128
3991621,3,-128
3991621,4,-93
3991621,5,-128
3991621,6,-95
3991621,7,-96
3991621,8,-96
3991621,9,-128
3991621,10,-128
3991621,11,-128
3991621,12,-128
3991621,13,-128
3991621,14,-128
4066973,0,-128
4066973,1,-128
4066973,2,-92
4066973,3,-128
4066973,4,-89
4066973,5,-128
4066973,6,-94
4066973,7,-90
4066973,8,-94
4066973,9,-128
4066973,10,-128
4066973,11,-128
4066973,12,-89
4066973,13,-128
4066973,14,-128
4142299,0,-128
4142299,1,-128
4142299,2,-128
4142299,3,-128
4142299,4,-128
4142299,5,-96
4142299,6,-128
4142299,7,-89
4142299,8,-128
4142299,9,-128
4142299,10,-128
4142299,11,-128
4142299,12,-96
4142299,13,-128
4142299,14,-128
0,0,0
0,0,0
0,0,0
0,0,0
0,0,0
240
4217731,0,-128
4217731,1,-87
4217731,2,-128
4217731,3,-96
4217731,4,-128
4217731,5,-93
4217731,6,-128
4217731,7,-95
4217731,8,-128
4217731,9,-128
4217731,10,-128
4217731,11,-95
4217731,12,-90
4217731,13,-128
4217731,14,-128
4293110,0,-128
4293110,1,-128
4293110,2,-83
4293110,3,-128
4293110,4,-128
4293110,5,-128
4293110,6,-128
4293110,7,-128
4293110,8,-128
4293110,9,-95
4293110,10,-128
4293110,11,-128
4293110,12,-128
4293110,13,-128
4293110,14,-128
4368446,0,-128
4368446,1,-128
4368446,2,-92
4368446,3,-128
4368446,4,-128
4368446,5,-128
4368446,6,-128
4368446,7,-128
4368446,8,-128
4368446,9,-128
4368446,10,-128
4368446,11,-128
4368446,12,-128
4368446,13,-128
4368446,14,-128
4443752,0,-128
4443752,1,-128
4443752,2,-93
4443752,3,-128
4443752,4,-128
4443752,5,-128
4443752,6,-128
4443752,7,-128
4443752,8,-128
4443752,9,-95
4443752,10,-128
4443752,11,-128
4443752,12,-128
4443752,13,-96
4443752,14,-128
4519086,0,-128
4519086,1,-128
4519086,2,-91
4519086,3,-128
4519086,4,-128
4519086,5,-128
4519086,6,-128
4519086,7,-128
4519086,8,-128
4519086,9,-96
4519086,10,-128
4519086,11,-128
4519086,12,-128
4519086,13,-128
4519086,14,-128
0,0,0
0,0,0
0,0,0
0,0,0
0,0,0
239
4594497,0,-93
4594497,1,-128
4594497,2,-95
4594497,3,-128
4594497,4,-128
4594497,5,-128
4594497,6,-128
4594497,7,-95
4594497,8,-128
4594497,9,-128
4594497,10,-128
4594497,11,-128
4594497,12,-91
4594497,13,-128
4594497,14,-128
4669808,0,-96
4669808,1,-128
4669808,2,-128
4669808,3,-128
4669808,4,-128
4669808,5,-128
4669808,6,-95
4669808,7,-128
4669808,8,-128
4669808,9,-128
4669808,10,-128
4669808,11,-128
4669808,12,-96
4669808,13,-92
4669808,14,-128
4745114,0,-128
4745114,1,-128
4745114,2,-86
4745114,3,-128
4745114,4,-128
4745114,5,-128
4745114,6,-96
4745114,7,-128
4745114,8,-128
4745114,9,-128
4745114,10,-128
4745114,11,-128
4745114,12,-96
4745114,13,-128
4745114,14,-128
4820455,0,-128
4820455,1,-128
4820455,2,-85
4820455,3,-128
4820455,4,-128
4820455,5,-128
4820455,6,-128
4820455,7,-128
4820455,8,-128
4820455,9,-128
4820455,10,-128
4820455,11,-128
4820455,12,-96
4820455,13,-128
4820455,14,-128
4895784,0,-128
4895784,1,-128
4895784,2,-91
4895784,3,-128
4895784,4,-128
4895784,5,-128
4895784,6,-96
4895784,7,-128
4895784,8,-128
4895784,9,-128
4895784,10,-128
4895784,11,-128
4895784,12,-96
4895784,13,-128
4895784,14,-128
0,0,0
0,0,0
0,0,0
0,0,0
0,0,0
238
4971204,0,-94
4971204,1,-128
4971204,2,-94
4971204,3,-94
4971204,4,-95
4971204,5,-95
4971204,6,-128
4971204,7,-96
4971204,8,-128
4971204,9,-86
4971204,10,-128
4971204,11,-96
4971204,12,-128
4971204,13,-91
4971204,14,-128
5046588,0,-128
5046588,1,-96
5046588,2,-96
5046588,3,-96
5046588,4,-128
5046588,5,-128
5046588,6,-128
5046588,7,-128
5046588,8,-128
5046588,9,-96
5046588,10,-128
5046588,11,-95
5046588,12,-93
5046588,13,-96
5046588,14,-128
5121917,0,-128
5121917,1,-128
5121917,2,-128
5121917,3,-96
5121917,4,-128
5121917,5,-128
5121917,6,-128
5121917,7,-128
5121917,8,-128
5121917,9,-96
5121917,10,-128
5121917,11,-128
5121917,12,-128
5121917,13,-128
5121917,14,-128
5197239,0,-96
5197239,1,-128
5197239,2,-128
5197239,3,-128
5197239,4,-128
5197239,5,-128
5197239,6,-128
5197239,7,-128
5197239,8,-128
5197239,9,-128
5197239,10,-128
5197239,11,-128
5197239,12,-95
5197239,13,-128
5197239,14,-128
5272560,0,-88
5272560,1,-128
5272560,2,-128
5272560,3,-128
5272560,4,-128
5272560,5,-128
5272560,6,-128
5272560,7,-128
5272560,8,-128
5272560,9,-128
5272560,10,-128
5272560,11,-128
5272560,12,-128
5272560,13,-128
5272560,14,-128
0,0,0
0,0,0
0,0,0
0,0,0
0,0,0
237
5347942,0,-96
5347942,1,-128
5347942,2,-96
5347942,3,-96
5347942,4,-128
5347942,5,-128
5347942,6,-128
5347942,7,-128
5347942,8,-128
5347942,9,-92
5347942,10,-128
5347942,11,-88
5347942,12,-128
5347942,13,-96
5347942,14,-128
5423260,0,-96
5423260,1,-128
5423260,2,-128
5423260,3,-128
5423260,4,-128
5423260,5,-128
5423260,6,-95
5423260,7,-128
5423260,8,-128
5423260,9,-95
5423260,10,-128
5423260,11,-94
5423260,12,-128
5423260,13,-128
5423260,14,-128
5498586,0,-128
5498586,1,-96
5498586,2,-128
5498586,3,-96
5498586,4,-128
5498586,5,-128
5498586,6,-128
5498586,7,-96
5498586,8,-128
5498586,9,-96
5498586,10,-128
5498586,11,-128
5498586,12,-128
5498586,13,-96
5498586,14,-128
5573903,0,-128
5573903,1,-128
5573903,2,-128
5573903,3,-128
5573903,4,-128
5573903,5,-128
5573903,6,-128
5573903,7,-95
5573903,8,-128
5573903,9,-95
5573903,10,-128
5573903,11,-128
5573903,12,-128
5573903,13,-128
5573903,14,-128
5649234,0,-96
5649234,1,-128
5649234,2,-128
5649234,3,-96
5649234,4,-94
5649234,5,-128
5649234,6,-128
5649234,7,-95
5649234,8,-128
5649234,9,-96
5649234,10,-128
5649234,11,-128
5649234,12,-128
5649234,13,-128
5649234,14,-128
0,0,0
0,0,0
0,0,0
0,0,0
0,0,0
236
5724618,0,-128
5724618,1,-128
5724618,2,-96
5724618,3,-128
5724618,4,-95
5724618,5,-96
5724618,6,-128
5724618,7,-128
5724618,8,-128
5724618,9,-88
5724618,10,-128
5724618,11,-128
5724618,12,-128
5724618,13,-128
5724618,14,-128
5799928,0,-128
5799928,1,-128
5799928,2,-128
5799928,3,-128
5799928,4,-95
5799928,5,-128
5799928,6,-128
5799928,7,-128
5799928,8,-128
5799928,9,-128
5799928,10,-128
5799928,11,-128
5799928,12,-128
5799928,13,-128
5799928,14,-128
5875256,0,-128
5875256,1,-96
5875256,2,-96
5875256,3,-96
5875256,4,-128
5875256,5,-96
5875256,6,-128
5875256,7,-128
5875256,8,-128
5875256,9,-96
5875256,10,-128
5875256,11,-128
5875256,12,-128
5875256,13,-128
5875256,14,-128
5950561,0,-93
5950561,1,-96
5950561,2,-96
5950561,3,-96
5950561,4,-128
5950561,5,-128
5950561,6,-96
5950561,7,-128
5950561,8,-128
5950561,9,-128
5950561,10,-128
5950561,11,-128
5950561,12,-128
5950561,13,-128
5950561,14,-128
6025866,0,-96
6025866,1,-96
6025866,2,-93
6025866,3,-128
6025866,4,-128
6025866,5,-128
6025866,6,-96
6025866,7,-128
6025866,8,-128
6025866,9,-96
6025866,10,-128
6025866,11,-92
6025866,12,-96
6025866,13,-128
6025866,14,-128
0,0,0
0,0,0
0,0,0
0,0,0
0,0,0
235
6101262,0,-96
6101262,1,-96
6101262,2,-128
6101262,3,-96
6101262,4,-128
6101262,5,-93
6101262,6,-92
6101262,7,-128
6101262,8,-128
6101262,9,-128
6101262,10,-128
6101262,11,-128
6101262,12,-92
6101262,13,-128
6101262,14,-128
6176582,0,-128
6176582,1,-128
6176582,2,-128
6176582,3,-96
6176582,4,-128
6176582,5,-128
6176582,6,-128
6176582,7,-128
6176582,8,-128
6176582,9,-128
6176582,10,-128
6176582,11,-94
6176582,12,-128
6176582,13,-128
6176582,14,-128
6251892,0,-128
6251892,1,-128
6251892,2,-96
6251892,3,-96
6251892,4,-128
6251892,5,-96
6251892,6,-128
6251892,7,-128
6251892,8,-128
6251892,9,-95
6251892,10,-128
6251892,11,-128
6251892,12,-128
6251892,13,-128
6251892,14,-128
6327215,0,-128
6327215,1,-128
6327215,2,-128
6327215,3,-128
6327215,4,-128
6327215,5,-128
6327215,6,-96
6327215,7,-128
6327215,8,-128
6327215,9,-128
6327215,10,-128
6327215,11,-128
6327215,12,-128
6327215,13,-128
6327215,14,-128
6402523,0,-128
6402523,1,-128
6402523,2,-128
6402523,3,-128
6402523,4,-128
6402523,5,-128
6402523,6,-128
6402523,7,-128
6402523,8,-128
6402523,9,-128
6402523,10,-128
6402523,11,-128
6402523,12,-128
6402523,13,-128
6402523,14,-128
0,0,0
0,0,0
0,0,0
0,0,0
0,0,0
234
6477896,0,-128
6477896,1,-128
6477896,2,-128
6477896,3,-128
6477896,4,-128
6477896,5,-128
6477896,6,-96
6477896,7,-128
6477896,8,-128
6477896,9,-128
6477896,10,-128
6477896,11,-128
6477896,12,-128
6477896,13,-128
6477896,14,-128
6553204,0,-128
6553204,1,-128
6553204,2,-128
6553204,3,-128
6553204,4,-128
6553204,5,-128
6553204,6,-128
6553204,7,-128
6553204,8,-128
6553204,9,-128
6553204,10,-128
6553204,11,-128
6553204,12,-128
6553204,13,-128
6553204,14,-128
6628512,0,-128
6628512,1,-128
6628512,2,-128
6628512,3,-128
6628512,4,-128
6628512,5,-128
6628512,6,-128
6628512,7,-128
6628512,8,-128
6628512,9,-91
6628512,10,-128
6628512,11,-128
6628512,12,-128
6628512,13,-128
6628512,14,-128
6703693,0,-96
6703693,1,-128
6703693,2,-128
6703693,3,-95
6703693,4,-96
6703693,5,-128
6703693,6,-128
6703693,7,-128
6703693,8,-128
6703693,9,-128
6703693,10,-128
6703693,11,-128
6703693,12,-128
6703693,13,-128
6703693,14,-128
6778998,0,-96
6778998,1,-128
6778998,2,-128
6778998,3,-128
6778998,4,-96
6778998,5,-96
6778998,6,-128
6778998,7,-128
6778998,8,-128
6778998,9,-128
6778998,10,-128
6778998,11,-128
6778998,12,-128
6778998,13,-128
6778998,14,-128
0,0,0
0,0,0
0,0,0
0,0,0
0,0,0
233
6854370,0,-128
6854370,1,-128
6854370,2,-128
6854370,3,-96
6854370,4,-128
6854370,5,-95
6854370,6,-128
6854370,7,-128
6854370,8,-128
6854370,9,-96
6854370,10,-128
6854370,11,-128
6854370,12,-128
6854370,13,-128
6854370,14,-128
6929677,0,-128
6929677,1,-96
6929677,2,-128
6929677,3,-94
6929677,4,-128
6929677,5,-93
6929677,6,-128
6929677,7,-128
6929677,8,-128
6929677,9,-128
6929677,10,-128
6929677,11,-128
6929677,12,-128
6929677,13,-128
6929677,14,-128
7005029,0,-128
7005029,1,-128
7005029,2,-95
7005029,3,-128
7005029,4,-128
7005029,5,-128
7005029,6,-128
7005029,7,-128
7005029,8,-128
7005029,9,-128
7005029,10,-128
7005029,11,-128
7005029,12,-95
7005029,13,-128
7005029,14,-128
7080365,0,-128
7080365,1,-128
7080365,2,-128
7080365,3,-128
7080365,4,-128
7080365,5,-128
7080365,6,-128
7080365,7,-128
7080365,8,-128
7080365,9,-128
7080365,10,-128
7080365,11,-128
7080365,12,-128
7080365,13,-128
7080365,14,-128
7155673,0,-128
7155673,1,-128
7155673,2,-128
7155673,3,-128
7155673,4,-128
7155673,5,-128
7155673,6,-128
7155673,7,-128
7155673,8,-128
7155673,9,-128
7155673,10,-128
7155673,11,-128
7155673,12,-128
7155673,13,-128
7155673,14,-128
0,0,0
0,0,0
0,0,0
0,0,0
0,0,0
232
7231047,0,-128
7231047,1,-128
7231047,2,-128
7231047,3,-128
7231047,4,-128
7231047,5,-128
7231047,6,-128
7231047,7,-128
7231047,8,-128
7231047,9,-128
7231047,10,-128
7231047,11,-128
7231047,12,-128
7231047,13,-128
7231047,14,-128
7306353,0,-128
7306353,1,-128
7306353,2,-95
7306353,3,-128
7306353,4,-96
7306353,5,-128
7306353,6,-128
7306353,7,-128
7306353,8,-128
7306353,9,-128
7306353,10,-128
7306353,11,-128
7306353,12,-128
7306353,13,-128
7306353,14,-128
7381659,0,-128
7381659,1,-128
7381659,2,-96
7381659,3,-128
7381659,4,-128
7381659,5,-128
7381659,6,-128
7381659,7,-128
7381659,8,-128
7381659,9,-128
7381659,10,-128
7381659,11,-128
7381659,12,-96
7381659,13,-128
7381659,14,-128
7456966,0,-128
7456966,1,-128
7456966,2,-96
7456966,3,-128
7456966,4,-128
7456966,5,-128
7456966,6,-128
7456966,7,-128
7456966,8,-128
7456966,9,-128
7456966,10,-128
7456966,11,-128
7456966,12,-95
7456966,13,-128
7456966,14,-128
7532274,0,-128
7532274,1,-128
7532274,2,-128
7532274,3,-128
7532274,4,-128
7532274,5,-128
7532274,6,-128
7532274,7,-128
7532274,8,-128
7532274,9,-128
7532274,10,-128
7532274,11,-128
7532274,12,-128
7532274,13,-128
7532274,14,-128
0,0,0
0,0,0
0,0,0
0,0,0
0,0,0
231
7607648,0,-128
7607648,1,-128
7607648,2,-128
7607648,3,-128
7607648,4,-128
7607648,5,-128
7607648,6,-128
7607648,7,-128
7607648,8,-128
7607648,9,-128
7607648,10,-128
7607648,11,-128
7607648,12,-128
7607648,13,-128
7607648,14,-128
7682956,0,-128
7682956,1,-128
7682956,2,-128
7682956,3,-128
7682956,4,-128
7682956,5,-128
7682956,6,-128
7682956,7,-128
7682956,8,-128
7682956,9,-128
7682956,10,-128
7682956,11,-128
7682956,12,-128
7682956,13,-128
7682956,14,-128
7758275,0,-128
7758275,1,-128
7758275,2,-128
7758275,3,-128
7758275,4,-128
7758275,5,-128
7758275,6,-128
7758275,7,-128
7758275,8,-128
7758275,9,-128
7758275,10,-128
7758275,11,-128
7758275,12,-128
7758275,13,-128
7758275,14,-128
7833583,0,-128
7833583,1,-128
7833583,2,-128
7833583,3,-128
7833583,4,-128
7833583,5,-128
7833583,6,-128
7833583,7,-128
7833583,8,-128
7833583,9,-128
7833583,10,-128
7833583,11,-128
7833583,12,-128
7833583,13,-128
7833583,14,-128
7908891,0,-128
7908891,1,-128
7908891,2,-128
7908891,3,-128
7908891,4,-128
7908891,5,-128
7908891,6,-128
7908891,7,-128
7908891,8,-128
7908891,9,-128
7908891,10,-128
7908891,11,-128
7908891,12,-128
7908891,13,-128
7908891,14,-128
0,0,0
0,0,0
0,0,0
0,0,0
0,0,0
230
7984265,0,-128
7984265,1,-128
7984265,2,-128
7984265,3,-128
7984265,4,-128
7984265,5,-128
7984265,6,-128
7984265,7,-128
7984265,8,-128
7984265,9,-128
7984265,10,-128
7984265,11,-128
7984265,12,-128
7984265,13,-128
7984265,14,-128
8059616,0,-128
8059616,1,-128
8059616,2,-66
8059616,3,-93
8059616,4,-96
8059616,5,-96
8059616,6,-90
8059616,7,-128
8059616,8,-128
8059616,9,-96
8059616,10,-128
8059616,11,-96
8059616,12,-128
8059616,13,-91
8059616,14,-128
8134979,0,-128
8134979,1,-128
8134979,2,-128
8134979,3,-128
8134979,4,-128
8134979,5,-128
8134979,6,-128
8134979,7,-128
8134979,8,-128
8134979,9,-128
8134979,10,-128
8134979,11,-128
8134979,12,-128
8134979,13,-128
8134979,14,-128
8210291,0,-128
8210291,1,-128
8210291,2,-96
8210291,3,-95
8210291,4,-96
8210291,5,-94
8210291,6,-95
8210291,7,-128
8210291,8,-128
8210291,9,-96
8210291,10,-128
8210291,11,-96
8210291,12,-128
8210291,13,-128
8210291,14,-128
8285609,0,-128
8285609,1,-128
8285609,2,-128
8285609,3,-128
8285609,4,-128
8285609,5,-128
8285609,6,-128
8285609,7,-128
8285609,8,-128
8285609,9,-128
8285609,10,-128
8285609,11,-128
8285609,12,-96
8285609,13,-128
8285609,14,-128
0,0,0
0,0,0
0,0,0
0,0,0
0,0,0
229
8360983,0,-128
8360983,1,-128
8360983,2,-128
8360983,3,-128
8360983,4,-128
8360983,5,-128
8360983,6,-128
8360983,7,-128
8360983,8,-128
8360983,9,-128
8360983,10,-128
8360983,11,-128
8360983,12,-128
8360983,13,-128
8360983,14,-128
8436291,0,-128
8436291,1,-128
8436291,2,-128
8436291,3,-128
8436291,4,-128
8436291,5,-128
8436291,6,-128
8436291,7,-128
8436291,8,-128
8436291,9,-128
8436291,10,-128
8436291,11,-128
8436291,12,-128
8436291,13,-128
8436291,14,-128
8511599,0,-128
8511599,1,-128
8511599,2,-128
8511599,3,-128
8511599,4,-128
8511599,5,-128
8511599,6,-128
8511599,7,-128
8511599,8,-128
8511599,9,-128
8511599,10,-128
8511599,11,-128
8511599,12,-128
8511599,13,-128
8511599,14,-128
8586908,0,-128
8586908,1,-128
8586908,2,-128
8586908,3,-128
8586908,4,-128
8586908,5,-128
8586908,6,-128
8586908,7,-128
8586908,8,-128
8586908,9,-128
8586908,10,-128
8586908,11,-128
8586908,12,-128
8586908,13,-128
8586908,14,-128
8662228,0,-128
8662228,1,-128
8662228,2,-128
8662228,3,-128
8662228,4,-128
8662228,5,-128
8662228,6,-96
8662228,7,-128
8662228,8,-128
8662228,9,-128
8662228,10,-128
8662228,11,-128
8662228,12,-96
8662228,13,-128
8662228,14,-128
0,0,0
0,0,0
0,0,0
0,0,0
0,0,0
228
8737602,0,-128
8737602,1,-128
8737602,2,-128
8737602,3,-128
8737602,4,-128
8737602,5,-128
8737602,6,-128
8737602,7,-128
8737602,8,-128
8737602,9,-128
8737602,10,-128
8737602,11,-128
8737602,12,-128
8737602,13,-128
8737602,14,-128
8812914,0,-128
8812914,1,-128
8812914,2,-128
8812914,3,-128
8812914,4,-128
8812914,5,-128
8812914,6,-128
8812914,7,-128
8812914,8,-128
8812914,9,-128
8812914,10,-128
8812914,11,-128
8812914,12,-128
8812914,13,-128
8812914,14,-128
8888250,0,-128
8888250,1,-94
8888250,2,-128
8888250,3,-94
8888250,4,-93
8888250,5,-87
8888250,6,-128
8888250,7,-128
8888250,8,-128
8888250,9,-96
8888250,10,-128
8888250,11,-128
8888250,12,-128
8888250,13,-95
8888250,14,-128
8963608,0,-128
8963608,1,-128
8963608,2,-128
8963608,3,-96
8963608,4,-128
8963608,5,-128
8963608,6,-128
8963608,7,-128
8963608,8,-128
8963608,9,-96
8963608,10,-128
8963608,11,-96
8963608,12,-128
8963608,13,-93
8963608,14,-128
9038953,0,-128
9038953,1,-128
9038953,2,-128
9038953,3,-128
9038953,4,-128
9038953,5,-96
9038953,6,-128
9038953,7,-128
9038953,8,-128
9038953,9,-96
9038953,10,-128
9038953,11,-128
9038953,12,-128
9038953,13,-95
9038953,14,-128
0,0,0
0,0,0
0,0,0
0,0,0
0,0,0
227
9114329,0,-128
9114329,1,-128
9114329,2,-128
9114329,3,-96
9114329,4,-128
9114329,5,-95
9114329,6,-128
9114329,7,-128
9114329,8,-128
9114329,9,-96
9114329,10,-128
9114329,11,-128
9114329,12,-96
9114329,13,-91
9114329,14,-128
9189669,0,-128
9189669,1,-96
9189669,2,-128
9189669,3,-96
9189669,4,-95
9189669,5,-95
9189669,6,-128
9189669,7,-128
9189669,8,-128
9189669,9,-91
9189669,10,-128
9189669,11,-128
9189669,12,-96
9189669,13,-128
9189669,14,-128
9265000,0,-128
9265000,1,-128
9265000,2,-128
9265000,3,-128
9265000,4,-128
9265000,5,-128
9265000,6,-128
9265000,7,-128
9265000,8,-128
9265000,9,-95
9265000,10,-128
9265000,11,-128
9265000,12,-128
9265000,13,-128
9265000,14,-128
9340307,0,-128
9340307,1,-128
9340307,2,-128
9340307,3,-128
9340307,4,-128
9340307,5,-128
9340307,6,-128
9340307,7,-128
9340307,8,-128
9340307,9,-96
9340307,10,-128
9340307,11,-128
9340307,12,-128
9340307,13,-128
9340307,14,-128
9415625,0,-128
9415625,1,-128
9415625,2,-128
9415625,3,-128
9415625,4,-128
9415625,5,-128
9415625,6,-128
9415625,7,-128
9415625,8,-128
9415625,9,-128
9415625,10,-128
9415625,11,-128
9415625,12,-96
9415625,13,-128
9415625,14,-128
0,0,0
0,0,0
0,0,0
0,0,0
0,0,0
226
9490999,0,-128
9490999,1,-128
9490999,2,-128
9490999,3,-128
9490999,4,-128
9490999,5,-128
9490999,6,-128
9490999,7,-128
9490999,8,-128
9490999,9,-128
9490999,10,-128
9490999,11,-128
9490999,12,-128
9490999,13,-128
9490999,14,-128
9566306,0,-128
9566306,1,-128
9566306,2,-96
9566306,3,-128
9566306,4,-128
9566306,5,-128
9566306,6,-128
9566306,7,-128
9566306,8,-128
9566306,9,-128
9566306,10,-128
9566306,11,-128
9566306,12,-128
9566306,13,-128
9566306,14,-128
9641614,0,-128
9641614,1,-128
9641614,2,-128
9641614,3,-128
9641614,4,-128
9641614,5,-128
9641614,6,-128
9641614,7,-128
9641614,8,-128
9641614,9,-128
9641614,10,-128
9641614,11,-128
9641614,12,-128
9641614,13,-128
9641614,14,-128
9716921,0,-128
9716921,1,-128
9716921,2,-128
9716921,3,-128
9716921,4,-128
9716921,5,-128
9716921,6,-128
9716921,7,-128
9716921,8,-128
9716921,9,-95
9716921,10,-128
9716921,11,-128
9716921,12,-128
9716921,13,-128
9716921,14,-128
9792228,0,-128
9792228,1,-128
9792228,2,-128
9792228,3,-128
9792228,4,-128
9792228,5,-128
9792228,6,-128
9792228,7,-128
9792228,8,-128
9792228,9,-95
9792228,10,-128
9792228,11,-128
9792228,12,-96
9792228,13,-128
9792228,14,-128
0,0,0
0,0,0
0,0,0
0,0,0
0,0,0
225
9867643,0,-128
9867643,1,-128
9867643,2,-95
9867643,3,-95
9867643,4,-96
9867643,5,-96
9867643,6,-96
9867643,7,-128
9867643,8,-128
9867643,9,-91
9867643,10,-128
9867643,11,-128
9867643,12,-128
9867643,13,-128
9867643,14,-128
9942984,0,-128
9942984,1,-95
9942984,2,-96
9942984,3,-94
9942984,4,-96
9942984,5,-95
9942984,6,-96
9942984,7,-128
9942984,8,-128
9942984,9,-93
9942984,10,-128
9942984,11,-128
9942984,12,-96
9942984,13,-128
9942984,14,-128
10018351,0,-128
10018351,1,-94
10018351,2,-82
10018351,3,-95
10018351,4,-85
10018351,5,-90
10018351,6,-93
10018351,7,-128
10018351,8,-128
10018351,9,-77
10018351,10,-128
10018351,11,-128
10018351,12,-93
10018351,13,-95
10018351,14,-128
10093768,0,-128
10093768,1,-82
10093768,2,-94
10093768,3,-96
10093768,4,-96
10093768,5,-68
10093768,6,-94
10093768,7,-128
10093768,8,-128
10093768,9,-88
10093768,10,-128
10093768,11,-128
10093768,12,-96
10093768,13,-96
10093768,14,-128
10169167,0,-128
10169167,1,-95
10169167,2,-93
10169167,3,-128
10169167,4,-96
10169167,5,-128
10169167,6,-94
10169167,7,-128
10169167,8,-128
10169167,9,-84
10169167,10,-128
10169167,11,-128
10169167,12,-85
10169167,13,-128
10169167,14,-128
0,0,0
0,0,0
0,0,0
0,0,0
0,0,0
224
10244577,0,-128
10244577,1,-95
10244577,2,-96
10244577,3,-96
10244577,4,-128
10244577,5,-128
10244577,6,-96
10244577,7,-128
10244577,8,-128
10244577,9,-96
10244577,10,-128
10244577,11,-128
10244577,12,-95
10244577,13,-96
10244577,14,-128
10319912,0,-128
10319912,1,-128
10319912,2,-96
10319912,3,-92
10319912,4,-95
10319912,5,-96
10319912,6,-95
10319912,7,-128
10319912,8,-128
10319912,9,-91
10319912,10,-128
10319912,11,-128
10319912,12,-96
10319912,13,-96
10319912,14,-128
10395324,0,-128
10395324,1,-94
10395324,2,-84
10395324,3,-128
10395324,4,-128
10395324,5,-78
10395324,6,-92
10395324,7,-128
10395324,8,-128
10395324,9,-96
10395324,10,-128
10395324,11,-128
10395324,12,-93
10395324,13,-96
10395324,14,-128
10470633,0,-128
10470633,1,-128
10470633,2,-128
10470633,3,-128
10470633,4,-128
10470633,5,-128
10470633,6,-96
10470633,7,-128
10470633,8,-128
10470633,9,-128
10470633,10,-128
10470633,11,-128
10470633,12,-128
10470633,13,-128
10470633,14,-128
10545940,0,-128
10545940,1,-128
10545940,2,-128
10545940,3,-128
10545940,4,-128
10545940,5,-128
10545940,6,-96
10545940,7,-128
10545940,8,-128
10545940,9,-128
10545940,10,-128
10545940,11,-128
10545940,12,-128
10545940,13,-128
10545940,14,-128
0,0,0
0,0,0
0,0,0
0,0,0
0,0,0
223
10621335,0,-128
10621335,1,-96
10621335,2,-128
10621335,3,-128
10621335,4,-128
10621335,5,-96
10621335,6,-95
10621335,7,-128
10621335,8,-128
10621335,9,-128
10621335,10,-128
10621335,11,-128
10621335,12,-128
10621335,13,-94
10621335,14,-128
10696672,0,-128
10696672,1,-128
10696672,2,-96
10696672,3,-128
10696672,4,-128
10696672,5,-96
10696672,6,-93
10696672,7,-128
10696672,8,-128
10696672,9,-128
10696672,10,-128
10696672,11,-128
10696672,12,-128
10696672,13,-128
10696672,14,-128
10771911,0,-128
10771911,1,-128
10771911,2,-128
10771911,3,-128
10771911,4,-128
10771911,5,-96
10771911,6,-94
10771911,7,-128
10771911,8,-128
10771911,9,-128
10771911,10,-128
10771911,11,-128
10771911,12,-128
10771911,13,-128
10771911,14,-128
10847254,0,-128
10847254,1,-128
10847254,2,-128
10847254,3,-128
10847254,4,-128
10847254,5,-96
10847254,6,-89
10847254,7,-128
10847254,8,-128
10847254,9,-128
10847254,10,-128
10847254,11,-128
10847254,12,-128
10847254,13,-128
10847254,14,-128
10922567,0,-128
10922567,1,-128
10922567,2,-128
10922567,3,-128
10922567,4,-128
10922567,5,-96
10922567,6,-96
10922567,7,-128
10922567,8,-128
10922567,9,-128
10922567,10,-128
10922567,11,-128
10922567,12,-128
10922567,13,-96
10922567,14,-128
0,0,0
0,0,0
0,0,0
0,0,0
0,0,0
222