250
512943,0,-74
512943,1,-54
512943,2,-74
512943,3,-79
512943,4,-47
512943,5,-128
512943,6,-128
512943,7,-128
512943,8,-128
512943,9,-128
512943,10,-128
512943,11,-128
512943,12,-128
512943,13,-128
512943,14,-128
588596,0,-84
588596,1,-58
588596,2,-77
588596,3,-81
588596,4,-51
588596,5,-128
588596,6,-75
588596,7,-74
588596,8,-70
588596,9,-49
588596,10,-70
588596,11,-73
588596,12,-71
588596,13,-55
588596,14,-75
664231,0,-83
664231,1,-56
664231,2,-77
664231,3,-84
664231,4,-48
664231,5,-128
664231,6,-88
664231,7,-70
664231,8,-70
664231,9,-54
664231,10,-73
664231,11,-73
664231,12,-75
664231,13,-51
664231,14,-69
739845,0,-76
739845,1,-58
739845,2,-75
739845,3,-87
739845,4,-52
739845,5,-128
739845,6,-85
739845,7,-71
739845,8,-70
739845,9,-52
739845,10,-70
739845,11,-72
739845,12,-75
739845,13,-56
739845,14,-75
815445,0,-79
815445,1,-72
815445,2,-82
815445,3,-74
815445,4,-90
815445,5,-128
815445,6,-78
815445,7,-75
815445,8,-72
815445,9,-49
815445,10,-72
815445,11,-72
815445,12,-73
815445,13,-51
815445,14,-74
0,0,0
0,0,0
0,0,0
0,0,0
0,0,0
249
891100,0,-74
891100,1,-85
891100,2,-74
891100,3,-82
891100,4,-60
891100,5,-128
891100,6,-68
891100,7,-83
891100,8,-74
891100,9,-78
891100,10,-86
891100,11,-85
891100,12,-88
891100,13,-69
891100,14,-76
966668,0,-87
966668,1,-91
966668,2,-77
966668,3,-83
966668,4,-60
966668,5,-128
966668,6,-71
966668,7,-82
966668,8,-75
966668,9,-76
966668,10,-79
966668,11,-78
966668,12,-85
966668,13,-91
966668,14,-82
1042242,0,-83
1042242,1,-86
1042242,2,-88
1042242,3,-82
1042242,4,-60
1042242,5,-128
1042242,6,-70
1042242,7,-75
1042242,8,-83
1042242,9,-81
1042242,10,-84
1042242,11,-78
1042242,12,-128
1042242,13,-94
1042242,14,-77
1117761,0,-86
1117761,1,-89
1117761,2,-91
1117761,3,-91
1117761,4,-57
1117761,5,-128
1117761,6,-66
1117761,7,-75
1117761,8,-77
1117761,9,-81
1117761,10,-94
1117761,11,-92
1117761,12,-128
1117761,13,-128
1117761,14,-78
1193279,0,-74
1193279,1,-89
1193279,2,-67
1193279,3,-78
1193279,4,-92
1193279,5,-128
1193279,6,-128
1193279,7,-93
1193279,8,-78
1193279,9,-67
1193279,10,-71
1193279,11,-73
1193279,12,-128
1193279,13,-128
1193279,14,-86
0,0,0
0,0,0
0,0,0
0,0,0
0,0,0
248
1268863,0,-74
1268863,1,-86
1268863,2,-67
1268863,3,-77
1268863,4,-92
1268863,5,-128
1268863,6,-70
1268863,7,-93
1268863,8,-77
1268863,9,-69
1268863,10,-61
1268863,11,-73
1268863,12,-128
1268863,13,-128
1268863,14,-128
1344376,0,-77
1344376,1,-88
1344376,2,-67
1344376,3,-82
1344376,4,-92
1344376,5,-128
1344376,6,-70
1344376,7,-76
1344376,8,-89
1344376,9,-71
1344376,10,-69
1344376,11,-73
1344376,12,-128
1344376,13,-128
1344376,14,-128
1419887,0,-77
1419887,1,-86
1419887,2,-62
1419887,3,-87
1419887,4,-93
1419887,5,-128
1419887,6,-70
1419887,7,-89
1419887,8,-84
1419887,9,-67
1419887,10,-67
1419887,11,-73
1419887,12,-128
1419887,13,-128
1419887,14,-128
1495398,0,-74
1495398,1,-92
1495398,2,-67
1495398,3,-87
1495398,4,-91
1495398,5,-128
1495398,6,-71
1495398,7,-94
1495398,8,-83
1495398,9,-69
1495398,10,-67
1495398,11,-73
1495398,12,-128
1495398,13,-128
1495398,14,-128
1570781,0,-77
1570781,1,-88
1570781,2,-71
1570781,3,-87
1570781,4,-91
1570781,5,-128
1570781,6,-71
1570781,7,-93
1570781,8,-75
1570781,9,-69
1570781,10,-64
1570781,11,-75
1570781,12,-128
1570781,13,-128
1570781,14,-128
0,0,0
0,0,0
0,0,0
0,0,0
0,0,0
247
1646359,0,-74
1646359,1,-85
1646359,2,-71
1646359,3,-75
1646359,4,-91
1646359,5,-128
1646359,6,-71
1646359,7,-77
1646359,8,-128
1646359,9,-73
1646359,10,-61
1646359,11,-75
1646359,12,-94
1646359,13,-128
1646359,14,-128
1721870,0,-77
1721870,1,-86
1721870,2,-69
1721870,3,-77
1721870,4,-91
1721870,5,-128
1721870,6,-71
1721870,7,-128
1721870,8,-89
1721870,9,-69
1721870,10,-67
1721870,11,-73
1721870,12,-128
1721870,13,-128
1721870,14,-128
1797373,0,-78
1797373,1,-87
1797373,2,-65
1797373,3,-76
1797373,4,-94
1797373,5,-128
1797373,6,-71
1797373,7,-75
1797373,8,-128
1797373,9,-75
1797373,10,-71
1797373,11,-73
1797373,12,-128
1797373,13,-128
1797373,14,-128
1872873,0,-78
1872873,1,-86
1872873,2,-65
1872873,3,-75
1872873,4,-93
1872873,5,-128
1872873,6,-70
1872873,7,-75
1872873,8,-75
1872873,9,-70
1872873,10,-67
1872873,11,-72
1872873,12,-128
1872873,13,-128
1872873,14,-128
1948383,0,-77
1948383,1,-88
1948383,2,-62
1948383,3,-75
1948383,4,-91
1948383,5,-128
1948383,6,-70
1948383,7,-75
1948383,8,-75
1948383,9,-69
1948383,10,-71
1948383,11,-72
1948383,12,-128
1948383,13,-128
1948383,14,-128
0,0,0
0,0,0
0,0,0
0,0,0
0,0,0
246
2023961,0,-73
2023961,1,-85
2023961,2,-65
2023961,3,-85
2023961,4,-91
2023961,5,-128
2023961,6,-70
2023961,7,-75
2023961,8,-75
2023961,9,-69
2023961,10,-71
2023961,11,-73
2023961,12,-128
2023961,13,-128
2023961,14,-128
2099482,0,-87
2099482,1,-85
2099482,2,-71
2099482,3,-77
2099482,4,-92
2099482,5,-128
2099482,6,-70
2099482,7,-75
2099482,8,-75
2099482,9,-70
2099482,10,-67
2099482,11,-73
2099482,12,-128
2099482,13,-128
2099482,14,-128
2175003,0,-77
2175003,1,-87
2175003,2,-69
2175003,3,-78
2175003,4,-91
2175003,5,-128
2175003,6,-70
2175003,7,-75
2175003,8,-76
2175003,9,-75
2175003,10,-61
2175003,11,-73
2175003,12,-128
2175003,13,-128
2175003,14,-128
2250528,0,-81
2250528,1,-85
2250528,2,-69
2250528,3,-87
2250528,4,-91
2250528,5,-128
2250528,6,-70
2250528,7,-75
2250528,8,-75
2250528,9,-75
2250528,10,-61
2250528,11,-73
2250528,12,-128
2250528,13,-128
2250528,14,-128
2326055,0,-77
2326055,1,-85
2326055,2,-71
2326055,3,-85
2326055,4,-92
2326055,5,-128
2326055,6,-70
2326055,7,-75
2326055,8,-75
2326055,9,-71
2326055,10,-64
2326055,11,-72
2326055,12,-128
2326055,13,-128
2326055,14,-128
0,0,0
0,0,0
0,0,0
0,0,0
0,0,0
245
2401644,0,-77
2401644,1,-85
2401644,2,-62
2401644,3,-78
2401644,4,-92
2401644,5,-128
2401644,6,-70
2401644,7,-75
2401644,8,-77
2401644,9,-68
2401644,10,-69
2401644,11,-73
2401644,12,-128
2401644,13,-128
2401644,14,-128
2477175,0,-84
2477175,1,-87
2477175,2,-65
2477175,3,-75
2477175,4,-92
2477175,5,-128
2477175,6,-70
2477175,7,-76
2477175,8,-83
2477175,9,-72
2477175,10,-67
2477175,11,-75
2477175,12,-83
2477175,13,-128
2477175,14,-128
2552724,0,-85
2552724,1,-84
2552724,2,-65
2552724,3,-83
2552724,4,-89
2552724,5,-128
2552724,6,-71
2552724,7,-76
2552724,8,-86
2552724,9,-68
2552724,10,-67
2552724,11,-74
2552724,12,-93
2552724,13,-128
2552724,14,-128
2628266,0,-78
2628266,1,-85
2628266,2,-66
2628266,3,-78
2628266,4,-90
2628266,5,-128
2628266,6,-70
2628266,7,-77
2628266,8,-84
2628266,9,-70
2628266,10,-64
2628266,11,-75
2628266,12,-81
2628266,13,-128
2628266,14,-128
2703796,0,-78
2703796,1,-81
2703796,2,-69
2703796,3,-84
2703796,4,-91
2703796,5,-128
2703796,6,-69
2703796,7,-73
2703796,8,-80
2703796,9,-72
2703796,10,-64
2703796,11,-73
2703796,12,-88
2703796,13,-94
2703796,14,-128
0,0,0
0,0,0
0,0,0
0,0,0
0,0,0
244
2779375,0,-128
2779375,1,-82
2779375,2,-63
2779375,3,-77
2779375,4,-92
2779375,5,-128
2779375,6,-68
2779375,7,-74
2779375,8,-78
2779375,9,-67
2779375,10,-64
2779375,11,-74
2779375,12,-93
2779375,13,-90
2779375,14,-128
2854875,0,-93
2854875,1,-84
2854875,2,-63
2854875,3,-80
2854875,4,-128
2854875,5,-128
2854875,6,-70
2854875,7,-77
2854875,8,-74
2854875,9,-72
2854875,10,-61
2854875,11,-78
2854875,12,-94
2854875,13,-128
2854875,14,-128
2930364,0,-94
2930364,1,-89
2930364,2,-65
2930364,3,-75
2930364,4,-128
2930364,5,-128
2930364,6,-69
2930364,7,-86
2930364,8,-77
2930364,9,-68
2930364,10,-73
2930364,11,-77
2930364,12,-94
2930364,13,-128
2930364,14,-128
3005857,0,-94
3005857,1,-89
3005857,2,-63
3005857,3,-78
3005857,4,-128
3005857,5,-128
3005857,6,-70
3005857,7,-83
3005857,8,-81
3005857,9,-70
3005857,10,-66
3005857,11,-74
3005857,12,-89
3005857,13,-128
3005857,14,-128
3081345,0,-93
3081345,1,-79
3081345,2,-68
3081345,3,-77
3081345,4,-128
3081345,5,-128
3081345,6,-73
3081345,7,-78
3081345,8,-79
3081345,9,-72
3081345,10,-65
3081345,11,-74
3081345,12,-92
3081345,13,-128
3081345,14,-128
0,0,0
0,0,0
0,0,0
0,0,0
0,0,0
243
3156909,0,-128
3156909,1,-77
3156909,2,-65
3156909,3,-84
3156909,4,-128
3156909,5,-128
3156909,6,-70
3156909,7,-75
3156909,8,-75
3156909,9,-67
3156909,10,-128
3156909,11,-74
3156909,12,-94
3156909,13,-93
3156909,14,-128
3232385,0,-92
3232385,1,-84
3232385,2,-65
3232385,3,-75
3232385,4,-94
3232385,5,-128
3232385,6,-78
3232385,7,-72
3232385,8,-86
3232385,9,-69
3232385,10,-61
3232385,11,-81
3232385,12,-87
3232385,13,-128
3232385,14,-128
3307853,0,-94
3307853,1,-86
3307853,2,-68
3307853,3,-73
3307853,4,-128
3307853,5,-128
3307853,6,-74
3307853,7,-93
3307853,8,-90
3307853,9,-69
3307853,10,-128
3307853,11,-79
3307853,12,-89
3307853,13,-128
3307853,14,-128
3383316,0,-94
3383316,1,-81
3383316,2,-63
3383316,3,-80
3383316,4,-128
3383316,5,-128
3383316,6,-75
3383316,7,-128
3383316,8,-94
3383316,9,-75
3383316,10,-94
3383316,11,-80
3383316,12,-90
3383316,13,-128
3383316,14,-128
3458780,0,-94
3458780,1,-78
3458780,2,-67
3458780,3,-75
3458780,4,-94
3458780,5,-128
3458780,6,-67
3458780,7,-128
3458780,8,-94
3458780,9,-70
3458780,10,-93
3458780,11,-80
3458780,12,-90
3458780,13,-128
3458780,14,-128
0,0,0
0,0,0
0,0,0
0,0,0
0,0,0
242
3534304,0,-128
3534304,1,-89
3534304,2,-84
3534304,3,-82
3534304,4,-92
3534304,5,-128
3534304,6,-90
3534304,7,-128
3534304,8,-128
3534304,9,-91
3534304,10,-128
3534304,11,-93
3534304,12,-93
3534304,13,-128
3534304,14,-128
3609686,0,-128
3609686,1,-128
3609686,2,-128
3609686,3,-128
3609686,4,-128
3609686,5,-128
3609686,6,-128
3609686,7,-128
3609686,8,-94
3609686,9,-128
3609686,10,-94
3609686,11,-128
3609686,12,-128
3609686,13,-128
3609686,14,-128
3685031,0,-128
3685031,1,-128
3685031,2,-128
3685031,3,-128
3685031,4,-128
3685031,5,-128
3685031,6,-128
3685031,7,-94
3685031,8,-93
3685031,9,-128
3685031,10,-128
3685031,11,-128
3685031,12,-128
3685031,13,-128
3685031,14,-128
3760359,0,-92
3760359,1,-93
3760359,2,-94
3760359,3,-94
3760359,4,-94
3760359,5,-128
3760359,6,-94
3760359,7,-128
3760359,8,-94
3760359,9,-89
3760359,10,-128
3760359,11,-94
3760359,12,-128
3760359,13,-93
3760359,14,-128
3835710,0,-94
3835710,1,-91
3835710,2,-88
3835710,3,-88
3835710,4,-128
3835710,5,-128
3835710,6,-128
3835710,7,-91
3835710,8,-128
3835710,9,-128
3835710,10,-128
3835710,11,-92
3835710,12,-128
3835710,13,-128
3835710,14,-128
0,0,0
0,0,0
0,0,0
0,0,0
0,0,0
241
3911110,0,-94
3911110,1,-86
3911110,2,-89
3911110,3,-90
3911110,4,-128
3911110,5,-128
3911110,6,-128
3911110,7,-128
3911110,8,-128
3911110,9,-93
3911110,10,-128
3911110,11,-93
3911110,12,-86
3911110,13,-91
3911110,14,-128
3986483,0,-94
3986483,1,-94
3986483,2,-94
3986483,3,-128
3986483,4,-128
3986483,5,-128
3986483,6,-128
3986483,7,-128
3986483,8,-128
3986483,9,-94
3986483,10,-128
3986483,11,-94
3986483,12,-128
3986483,13,-128
3986483,14,-128
4061813,0,-94
4061813,1,-93
4061813,2,-92
4061813,3,-92
4061813,4,-128
4061813,5,-128
4061813,6,-128
4061813,7,-128
4061813,8,-128
4061813,9,-84
4061813,10,-128
4061813,11,-92
4061813,12,-128
4061813,13,-93
4061813,14,-128
4137180,0,-93
4137180,1,-93
4137180,2,-128
4137180,3,-94
4137180,4,-128
4137180,5,-128
4137180,6,-128
4137180,7,-128
4137180,8,-94
4137180,9,-94
4137180,10,-128
4137180,11,-128
4137180,12,-128
4137180,13,-93
4137180,14,-128
4212529,0,-128
4212529,1,-93
4212529,2,-94
4212529,3,-93
4212529,4,-128
4212529,5,-128
4212529,6,-128
4212529,7,-128
4212529,8,-128
4212529,9,-128
4212529,10,-94
4212529,11,-93
4212529,12,-128
4212529,13,-128
4212529,14,-128
0,0,0
0,0,0
0,0,0
0,0,0
0,0,0
240
4287940,0,-94
4287940,1,-93
4287940,2,-128
4287940,3,-94
4287940,4,-128
4287940,5,-128
4287940,6,-128
4287940,7,-94
4287940,8,-128
4287940,9,-128
4287940,10,-90
4287940,11,-94
4287940,12,-94
4287940,13,-128
4287940,14,-128
4363347,0,-128
4363347,1,-83
4363347,2,-128
4363347,3,-128
4363347,4,-83
4363347,5,-128
4363347,6,-94
4363347,7,-128
4363347,8,-128
4363347,9,-128
4363347,10,-128
4363347,11,-128
4363347,12,-92
4363347,13,-128
4363347,14,-128
4438701,0,-128
4438701,1,-84
4438701,2,-94
4438701,3,-86
4438701,4,-128
4438701,5,-128
4438701,6,-128
4438701,7,-94
4438701,8,-128
4438701,9,-94
4438701,10,-128
4438701,11,-88
4438701,12,-128
4438701,13,-128
4438701,14,-128
4514075,0,-128
4514075,1,-83
4514075,2,-128
4514075,3,-83
4514075,4,-128
4514075,5,-128
4514075,6,-128
4514075,7,-94
4514075,8,-128
4514075,9,-94
4514075,10,-128
4514075,11,-88
4514075,12,-128
4514075,13,-128
4514075,14,-128
4589461,0,-128
4589461,1,-83
4589461,2,-128
4589461,3,-87
4589461,4,-128
4589461,5,-128
4589461,6,-128
4589461,7,-94
4589461,8,-128
4589461,9,-93
4589461,10,-128
4589461,11,-93
4589461,12,-128
4589461,13,-128
4589461,14,-128
0,0,0
0,0,0
0,0,0
0,0,0
0,0,0
239
4664932,0,-128
4664932,1,-86
4664932,2,-91
4664932,3,-82
4664932,4,-128
4664932,5,-128
4664932,6,-128
4664932,7,-94
4664932,8,-128
4664932,9,-92
4664932,10,-128
4664932,11,-92
4664932,12,-128
4664932,13,-94
4664932,14,-128
4740340,0,-128
4740340,1,-80
4740340,2,-94
4740340,3,-89
4740340,4,-93
4740340,5,-128
4740340,6,-128
4740340,7,-94
4740340,8,-128
4740340,9,-94
4740340,10,-128
4740340,11,-94
4740340,12,-128
4740340,13,-128
4740340,14,-128
4815718,0,-90
4815718,1,-94
4815718,2,-91
4815718,3,-94
4815718,4,-94
4815718,5,-128
4815718,6,-94
4815718,7,-128
4815718,8,-128
4815718,9,-94
4815718,10,-93
4815718,11,-128
4815718,12,-88
4815718,13,-94
4815718,14,-128
4891092,0,-128
4891092,1,-87
4891092,2,-128
4891092,3,-78
4891092,4,-128
4891092,5,-128
4891092,6,-128
4891092,7,-128
4891092,8,-128
4891092,9,-128
4891092,10,-128
4891092,11,-128
4891092,12,-128
4891092,13,-128
4891092,14,-128
4966437,0,-94
4966437,1,-93
4966437,2,-91
4966437,3,-94
4966437,4,-94
4966437,5,-128
4966437,6,-128
4966437,7,-94
4966437,8,-128
4966437,9,-94
4966437,10,-128
4966437,11,-93
4966437,12,-128
4966437,13,-128
4966437,14,-128
0,0,0
0,0,0
0,0,0
0,0,0
0,0,0
238
5041882,0,-94
5041882,1,-94
5041882,2,-93
5041882,3,-92
5041882,4,-94
5041882,5,-128
5041882,6,-128
5041882,7,-128
5041882,8,-128
5041882,9,-93
5041882,10,-92
5041882,11,-128
5041882,12,-128
5041882,13,-128
5041882,14,-128
5117269,0,-94
5117269,1,-85
5117269,2,-85
5117269,3,-83
5117269,4,-128
5117269,5,-128
5117269,6,-128
5117269,7,-128
5117269,8,-128
5117269,9,-94
5117269,10,-128
5117269,11,-128
5117269,12,-128
5117269,13,-128
5117269,14,-128
5192644,0,-128
5192644,1,-87
5192644,2,-80
5192644,3,-87
5192644,4,-128
5192644,5,-128
5192644,6,-128
5192644,7,-128
5192644,8,-128
5192644,9,-128
5192644,10,-128
5192644,11,-128
5192644,12,-128
5192644,13,-128
5192644,14,-128
5268029,0,-94
5268029,1,-89
5268029,2,-82
5268029,3,-76
5268029,4,-128
5268029,5,-128
5268029,6,-128
5268029,7,-128
5268029,8,-128
5268029,9,-128
5268029,10,-128
5268029,11,-128
5268029,12,-128
5268029,13,-128
5268029,14,-128
5343418,0,-128
5343418,1,-93
5343418,2,-80
5343418,3,-83
5343418,4,-128
5343418,5,-128
5343418,6,-128
5343418,7,-128
5343418,8,-128
5343418,9,-128
5343418,10,-128
5343418,11,-128
5343418,12,-128
5343418,13,-128
5343418,14,-128
0,0,0
0,0,0
0,0,0
0,0,0
0,0,0
237
5418871,0,-94
5418871,1,-79
5418871,2,-91
5418871,3,-75
5418871,4,-128
5418871,5,-128
5418871,6,-128
5418871,7,-128
5418871,8,-128
5418871,9,-128
5418871,10,-94
5418871,11,-128
5418871,12,-128
5418871,13,-128
5418871,14,-128
5494231,0,-90
5494231,1,-84
5494231,2,-128
5494231,3,-78
5494231,4,-128
5494231,5,-128
5494231,6,-128
5494231,7,-128
5494231,8,-128
5494231,9,-128
5494231,10,-94
5494231,11,-94
5494231,12,-128
5494231,13,-128
5494231,14,-128
5569626,0,-128
5569626,1,-86
5569626,2,-94
5569626,3,-72
5569626,4,-128
5569626,5,-128
5569626,6,-128
5569626,7,-128
5569626,8,-128
5569626,9,-93
5569626,10,-94
5569626,11,-128
5569626,12,-128
5569626,13,-128
5569626,14,-128
5644884,0,-128
5644884,1,-81
5644884,2,-94
5644884,3,-80
5644884,4,-128
5644884,5,-128
5644884,6,-128
5644884,7,-128
5644884,8,-128
5644884,9,-93
5644884,10,-128
5644884,11,-128
5644884,12,-128
5644884,13,-128
5644884,14,-128
5720241,0,-128
5720241,1,-81
5720241,2,-94
5720241,3,-76
5720241,4,-128
5720241,5,-128
5720241,6,-128
5720241,7,-128
5720241,8,-128
5720241,9,-93
5720241,10,-94
5720241,11,-128
5720241,12,-128
5720241,13,-128
5720241,14,-128
0,0,0
0,0,0
0,0,0
0,0,0
0,0,0
236
5795669,0,-128
5795669,1,-59
5795669,2,-128
5795669,3,-82
5795669,4,-128
5795669,5,-128
5795669,6,-128
5795669,7,-128
5795669,8,-128
5795669,9,-128
5795669,10,-128
5795669,11,-128
5795669,12,-128
5795669,13,-128
5795669,14,-128
5871034,0,-128
5871034,1,-90
5871034,2,-128
5871034,3,-90
5871034,4,-94
5871034,5,-128
5871034,6,-128
5871034,7,-128
5871034,8,-128
5871034,9,-128
5871034,10,-93
5871034,11,-128
5871034,12,-128
5871034,13,-128
5871034,14,-128
5946382,0,-93
5946382,1,-81
5946382,2,-83
5946382,3,-80
5946382,4,-94
5946382,5,-128
5946382,6,-128
5946382,7,-128
5946382,8,-128
5946382,9,-88
5946382,10,-93
5946382,11,-128
5946382,12,-128
5946382,13,-94
5946382,14,-128
6021755,0,-128
6021755,1,-128
6021755,2,-128
6021755,3,-128
6021755,4,-94
6021755,5,-128
6021755,6,-128
6021755,7,-128
6021755,8,-128
6021755,9,-128
6021755,10,-128
6021755,11,-93
6021755,12,-93
6021755,13,-128
6021755,14,-128
6097101,0,-91
6097101,1,-89
6097101,2,-128
6097101,3,-93
6097101,4,-128
6097101,5,-128
6097101,6,-93
6097101,7,-128
6097101,8,-128
6097101,9,-128
6097101,10,-94
6097101,11,-94
6097101,12,-90
6097101,13,-128
6097101,14,-128
0,0,0
0,0,0
0,0,0
0,0,0
0,0,0
235
6172518,0,-92
6172518,1,-88
6172518,2,-128
6172518,3,-93
6172518,4,-128
6172518,5,-128
6172518,6,-93
6172518,7,-128
6172518,8,-128
6172518,9,-128
6172518,10,-94
6172518,11,-94
6172518,12,-93
6172518,13,-128
6172518,14,-128
6247875,0,-128
6247875,1,-128
6247875,2,-94
6247875,3,-128
6247875,4,-128
6247875,5,-128
6247875,6,-88
6247875,7,-128
6247875,8,-128
6247875,9,-128
6247875,10,-128
6247875,11,-128
6247875,12,-91
6247875,13,-128
6247875,14,-128
6323208,0,-92
6323208,1,-93
6323208,2,-89
6323208,3,-93
6323208,4,-128
6323208,5,-128
6323208,6,-128
6323208,7,-128
6323208,8,-128
6323208,9,-92
6323208,10,-87
6323208,11,-94
6323208,12,-89
6323208,13,-92
6323208,14,-128
6398535,0,-128
6398535,1,-128
6398535,2,-128
6398535,3,-128
6398535,4,-128
6398535,5,-128
6398535,6,-128
6398535,7,-128
6398535,8,-128
6398535,9,-128
6398535,10,-128
6398535,11,-128
6398535,12,-92
6398535,13,-128
6398535,14,-128
6473862,0,-128
6473862,1,-89
6473862,2,-128
6473862,3,-128
6473862,4,-128
6473862,5,-128
6473862,6,-128
6473862,7,-128
6473862,8,-128
6473862,9,-128
6473862,10,-128
6473862,11,-94
6473862,12,-94
6473862,13,-128
6473862,14,-128
0,0,0
0,0,0
0,0,0
0,0,0
0,0,0
234
6549257,0,-128
6549257,1,-94
6549257,2,-128
6549257,3,-94
6549257,4,-128
6549257,5,-128
6549257,6,-128
6549257,7,-128
6549257,8,-128
6549257,9,-128
6549257,10,-128
6549257,11,-128
6549257,12,-93
6549257,13,-128
6549257,14,-128
6624579,0,-94
6624579,1,-128
6624579,2,-128
6624579,3,-128
6624579,4,-93
6624579,5,-128
6624579,6,-128
6624579,7,-128
6624579,8,-128
6624579,9,-128
6624579,10,-128
6624579,11,-128
6624579,12,-94
6624579,13,-128
6624579,14,-128
6699915,0,-94
6699915,1,-128
6699915,2,-128
6699915,3,-94
6699915,4,-72
6699915,5,-128
6699915,6,-128
6699915,7,-128
6699915,8,-128
6699915,9,-128
6699915,10,-128
6699915,11,-94
6699915,12,-94
6699915,13,-128
6699915,14,-128
6775250,0,-128
6775250,1,-94
6775250,2,-128
6775250,3,-93
6775250,4,-87
6775250,5,-128
6775250,6,-128
6775250,7,-128
6775250,8,-128
6775250,9,-128
6775250,10,-128
6775250,11,-128
6775250,12,-94
6775250,13,-128
6775250,14,-128
6850607,0,-94
6850607,1,-94
6850607,2,-128
6850607,3,-91
6850607,4,-94
6850607,5,-128
6850607,6,-93
6850607,7,-128
6850607,8,-128
6850607,9,-90
6850607,10,-93
6850607,11,-94
6850607,12,-128
6850607,13,-128
6850607,14,-128
0,0,0
0,0,0
0,0,0
0,0,0
0,0,0
233
6926048,0,-128
6926048,1,-92
6926048,2,-92
6926048,3,-87
6926048,4,-94
6926048,5,-128
6926048,6,-128
6926048,7,-128
6926048,8,-128
6926048,9,-92
6926048,10,-128
6926048,11,-93
6926048,12,-128
6926048,13,-94
6926048,14,-128
7001401,0,-128
7001401,1,-93
7001401,2,-128
7001401,3,-94
7001401,4,-128
7001401,5,-128
7001401,6,-128
7001401,7,-128
7001401,8,-128
7001401,9,-94
7001401,10,-128
7001401,11,-94
7001401,12,-128
7001401,13,-94
7001401,14,-128
7076726,0,-128
7076726,1,-90
7076726,2,-128
7076726,3,-87
7076726,4,-93
7076726,5,-128
7076726,6,-94
7076726,7,-128
7076726,8,-128
7076726,9,-93
7076726,10,-128
7076726,11,-94
7076726,12,-128
7076726,13,-128
7076726,14,-128
7152105,0,-128
7152105,1,-93
7152105,2,-94
7152105,3,-85
7152105,4,-93
7152105,5,-128
7152105,6,-91
7152105,7,-128
7152105,8,-128
7152105,9,-94
7152105,10,-128
7152105,11,-94
7152105,12,-128
7152105,13,-94
7152105,14,-128
7227441,0,-128
7227441,1,-79
7227441,2,-128
7227441,3,-77
7227441,4,-128
7227441,5,-128
7227441,6,-93
7227441,7,-128
7227441,8,-128
7227441,9,-94
7227441,10,-128
7227441,11,-128
7227441,12,-128
7227441,13,-94
7227441,14,-128
0,0,0
0,0,0
0,0,0
0,0,0
0,0,0
232
7302870,0,-128
7302870,1,-83
7302870,2,-128
7302870,3,-75
7302870,4,-128
7302870,5,-128
7302870,6,-94
7302870,7,-128
7302870,8,-128
7302870,9,-128
7302870,10,-128
7302870,11,-128
7302870,12,-128
7302870,13,-128
7302870,14,-128
7378220,0,-128
7378220,1,-128
7378220,2,-82
7378220,3,-128
7378220,4,-90
7378220,5,-128
7378220,6,-94
7378220,7,-128
7378220,8,-128
7378220,9,-94
7378220,10,-94
7378220,11,-94
7378220,12,-94
7378220,13,-86
7378220,14,-128
7453526,0,-128
7453526,1,-83
7453526,2,-128
7453526,3,-92
7453526,4,-128
7453526,5,-128
7453526,6,-94
7453526,7,-128
7453526,8,-128
7453526,9,-94
7453526,10,-128
7453526,11,-128
7453526,12,-128
7453526,13,-128
7453526,14,-128
7528913,0,-128
7528913,1,-89
7528913,2,-128
7528913,3,-76
7528913,4,-93
7528913,5,-128
7528913,6,-89
7528913,7,-128
7528913,8,-128
7528913,9,-94
7528913,10,-128
7528913,11,-92
7528913,12,-128
7528913,13,-94
7528913,14,-128
7604291,0,-128
7604291,1,-90
7604291,2,-94
7604291,3,-70
7604291,4,-94
7604291,5,-128
7604291,6,-91
7604291,7,-128
7604291,8,-128
7604291,9,-128
7604291,10,-128
7604291,11,-128
7604291,12,-128
7604291,13,-128
7604291,14,-128
0,0,0
0,0,0
0,0,0
0,0,0
0,0,0
231
7679705,0,-128
7679705,1,-80
7679705,2,-128
7679705,3,-87
7679705,4,-93
7679705,5,-128
7679705,6,-92
7679705,7,-128
7679705,8,-128
7679705,9,-94
7679705,10,-128
7679705,11,-93
7679705,12,-128
7679705,13,-128
7679705,14,-128
7755051,0,-128
7755051,1,-92
7755051,2,-94
7755051,3,-87
7755051,4,-94
7755051,5,-128
7755051,6,-85
7755051,7,-128
7755051,8,-128
7755051,9,-94
7755051,10,-128
7755051,11,-128
7755051,12,-128
7755051,13,-128
7755051,14,-128
7830434,0,-128
7830434,1,-93
7830434,2,-94
7830434,3,-84
7830434,4,-128
7830434,5,-128
7830434,6,-78
7830434,7,-128
7830434,8,-128
7830434,9,-94
7830434,10,-128
7830434,11,-94
7830434,12,-128
7830434,13,-128
7830434,14,-128
7905819,0,-128
7905819,1,-91
7905819,2,-94
7905819,3,-88
7905819,4,-94
7905819,5,-128
7905819,6,-87
7905819,7,-128
7905819,8,-128
7905819,9,-94
7905819,10,-128
7905819,11,-94
7905819,12,-128
7905819,13,-128
7905819,14,-128
7981204,0,-128
7981204,1,-128
7981204,2,-94
7981204,3,-73
7981204,4,-94
7981204,5,-128
7981204,6,-91
7981204,7,-128
7981204,8,-128
7981204,9,-89
7981204,10,-128
7981204,11,-94
7981204,12,-128
7981204,13,-128
7981204,14,-128
0,0,0
0,0,0
0,0,0
0,0,0
0,0,0
230
8056655,0,-128
8056655,1,-94
8056655,2,-93
8056655,3,-74
8056655,4,-128
8056655,5,-128
8056655,6,-88
8056655,7,-128
8056655,8,-128
8056655,9,-128
8056655,10,-128
8056655,11,-94
8056655,12,-128
8056655,13,-128
8056655,14,-128
8132014,0,-128
8132014,1,-128
8132014,2,-93
8132014,3,-77
8132014,4,-94
8132014,5,-128
8132014,6,-84
8132014,7,-128
8132014,8,-128
8132014,9,-128
8132014,10,-94
8132014,11,-94
8132014,12,-128
8132014,13,-128
8132014,14,-128
8207375,0,-128
8207375,1,-94
8207375,2,-94
8207375,3,-74
8207375,4,-128
8207375,5,-128
8207375,6,-92
8207375,7,-128
8207375,8,-128
8207375,9,-128
8207375,10,-128
8207375,11,-128
8207375,12,-128
8207375,13,-128
8207375,14,-128
8282720,0,-128
8282720,1,-128
8282720,2,-128
8282720,3,-85
8282720,4,-128
8282720,5,-128
8282720,6,-128
8282720,7,-128
8282720,8,-128
8282720,9,-94
8282720,10,-128
8282720,11,-128
8282720,12,-128
8282720,13,-128
8282720,14,-128
8358056,0,-128
8358056,1,-128
8358056,2,-94
8358056,3,-78
8358056,4,-94
8358056,5,-128
8358056,6,-128
8358056,7,-128
8358056,8,-128
8358056,9,-128
8358056,10,-128
8358056,11,-94
8358056,12,-128
8358056,13,-128
8358056,14,-128
0,0,0
0,0,0
0,0,0
0,0,0
0,0,0
229
8433469,0,-128
8433469,1,-94
8433469,2,-93
8433469,3,-93
8433469,4,-80
8433469,5,-128
8433469,6,-128
8433469,7,-128
8433469,8,-128
8433469,9,-94
8433469,10,-128
8433469,11,-92
8433469,12,-128
8433469,13,-94
8433469,14,-128
8508846,0,-128
8508846,1,-94
8508846,2,-72
8508846,3,-84
8508846,4,-128
8508846,5,-128
8508846,6,-128
8508846,7,-128
8508846,8,-128
8508846,9,-128
8508846,10,-128
8508846,11,-94
8508846,12,-128
8508846,13,-128
8508846,14,-128
8584196,0,-128
8584196,1,-94
8584196,2,-76
8584196,3,-76
8584196,4,-93
8584196,5,-128
8584196,6,-128
8584196,7,-128
8584196,8,-128
8584196,9,-128
8584196,10,-128
8584196,11,-94
8584196,12,-128
8584196,13,-128
8584196,14,-128
8659529,0,-128
8659529,1,-128
8659529,2,-94
8659529,3,-79
8659529,4,-128
8659529,5,-128
8659529,6,-128
8659529,7,-128
8659529,8,-128
8659529,9,-94
8659529,10,-128
8659529,11,-94
8659529,12,-94
8659529,13,-128
8659529,14,-128
8734898,0,-128
8734898,1,-89
8734898,2,-94
8734898,3,-75
8734898,4,-94
8734898,5,-128
8734898,6,-128
8734898,7,-128
8734898,8,-128
8734898,9,-128
8734898,10,-128
8734898,11,-94
8734898,12,-94
8734898,13,-128
8734898,14,-128
0,0,0
0,0,0
0,0,0
0,0,0
0,0,0
228
8810361,0,-128
8810361,1,-128
8810361,2,-128
8810361,3,-93
8810361,4,-93
8810361,5,-128
8810361,6,-128
8810361,7,-128
8810361,8,-128
8810361,9,-94
8810361,10,-128
8810361,11,-85
8810361,12,-94
8810361,13,-128
8810361,14,-128
8885695,0,-128
8885695,1,-82
8885695,2,-94
8885695,3,-89
8885695,4,-93
8885695,5,-128
8885695,6,-128
8885695,7,-128
8885695,8,-128
8885695,9,-93
8885695,10,-94
8885695,11,-93
8885695,12,-128
8885695,13,-94
8885695,14,-128
8961088,0,-128
8961088,1,-77
8961088,2,-128
8961088,3,-87
8961088,4,-89
8961088,5,-128
8961088,6,-128
8961088,7,-128
8961088,8,-128
8961088,9,-94
8961088,10,-92
8961088,11,-128
8961088,12,-128
8961088,13,-93
8961088,14,-128
9036471,0,-128
9036471,1,-79
9036471,2,-93
9036471,3,-81
9036471,4,-91
9036471,5,-128
9036471,6,-128
9036471,7,-128
9036471,8,-128
9036471,9,-94
9036471,10,-93
9036471,11,-93
9036471,12,-93
9036471,13,-128
9036471,14,-128
9111810,0,-128
9111810,1,-93
9111810,2,-94
9111810,3,-93
9111810,4,-90
9111810,5,-128
9111810,6,-128
9111810,7,-128
9111810,8,-128
9111810,9,-93
9111810,10,-91
9111810,11,-128
9111810,12,-128
9111810,13,-94
9111810,14,-128
0,0,0
0,0,0
0,0,0
0,0,0
0,0,0
227
9187201,0,-128
9187201,1,-80
9187201,2,-93
9187201,3,-91
9187201,4,-94
9187201,5,-128
9187201,6,-128
9187201,7,-128
9187201,8,-128
9187201,9,-92
9187201,10,-94
9187201,11,-128
9187201,12,-93
9187201,13,-92
9187201,14,-128
9262577,0,-128
9262577,1,-74
9262577,2,-93
9262577,3,-78
9262577,4,-93
9262577,5,-128
9262577,6,-128
9262577,7,-128
9262577,8,-128
9262577,9,-92
9262577,10,-128
9262577,11,-128
9262577,12,-128
9262577,13,-94
9262577,14,-128
9337993,0,-128
9337993,1,-86
9337993,2,-94
9337993,3,-128
9337993,4,-128
9337993,5,-128
9337993,6,-86
9337993,7,-128
9337993,8,-128
9337993,9,-128
9337993,10,-128
9337993,11,-128
9337993,12,-128
9337993,13,-128
9337993,14,-128
9413353,0,-128
9413353,1,-90
9413353,2,-128
9413353,3,-128
9413353,4,-128
9413353,5,-128
9413353,6,-88
9413353,7,-128
9413353,8,-128
9413353,9,-128
9413353,10,-128
9413353,11,-128
9413353,12,-128
9413353,13,-128
9413353,14,-128
9488714,0,-128
9488714,1,-83
9488714,2,-128
9488714,3,-128
9488714,4,-128
9488714,5,-128
9488714,6,-86
9488714,7,-128
9488714,8,-128
9488714,9,-128
9488714,10,-128
9488714,11,-128
9488714,12,-128
9488714,13,-128
9488714,14,-128
0,0,0
0,0,0
0,0,0
0,0,0
0,0,0
226
9564141,0,-128
9564141,1,-87
9564141,2,-128
9564141,3,-128
9564141,4,-128
9564141,5,-128
9564141,6,-83
9564141,7,-128
9564141,8,-128
9564141,9,-128
9564141,10,-128
9564141,11,-128
9564141,12,-128
9564141,13,-128
9564141,14,-128
9639502,0,-128
9639502,1,-88
9639502,2,-128
9639502,3,-128
9639502,4,-128
9639502,5,-128
9639502,6,-85
9639502,7,-128
9639502,8,-128
9639502,9,-128
9639502,10,-128
9639502,11,-128
9639502,12,-128
9639502,13,-128
9639502,14,-128
9714863,0,-128
9714863,1,-88
9714863,2,-128
9714863,3,-128
9714863,4,-128
9714863,5,-128
9714863,6,-89
9714863,7,-128
9714863,8,-128
9714863,9,-128
9714863,10,-128
9714863,11,-128
9714863,12,-128
9714863,13,-128
9714863,14,-128
9790138,0,-128
9790138,1,-92
9790138,2,-128
9790138,3,-128
9790138,4,-128
9790138,5,-128
9790138,6,-93
9790138,7,-128
9790138,8,-128
9790138,9,-128
9790138,10,-128
9790138,11,-128
9790138,12,-128
9790138,13,-128
9790138,14,-128
9865493,0,-128
9865493,1,-82
9865493,2,-91
9865493,3,-94
9865493,4,-93
9865493,5,-128
9865493,6,-90
9865493,7,-128
9865493,8,-128
9865493,9,-93
9865493,10,-92
9865493,11,-128
9865493,12,-94
9865493,13,-93
9865493,14,-128
0,0,0
0,0,0
0,0,0
0,0,0
0,0,0
225
9940958,0,-128
9940958,1,-87
9940958,2,-93
9940958,3,-92
9940958,4,-94
9940958,5,-128
9940958,6,-76
9940958,7,-128
9940958,8,-128
9940958,9,-94
9940958,10,-93
9940958,11,-128
9940958,12,-94
9940958,13,-94
9940958,14,-128
10016330,0,-128
10016330,1,-89
10016330,2,-94
10016330,3,-94
10016330,4,-128
10016330,5,-128
10016330,6,-92
10016330,7,-128
10016330,8,-128
10016330,9,-94
10016330,10,-94
10016330,11,-128
10016330,12,-94
10016330,13,-128
10016330,14,-128
10091744,0,-128
10091744,1,-69
10091744,2,-92
10091744,3,-94
10091744,4,-93
10091744,5,-128
10091744,6,-82
10091744,7,-128
10091744,8,-128
10091744,9,-81
10091744,10,-91
10091744,11,-128
10091744,12,-91
10091744,13,-89
10091744,14,-128
10167204,0,-128
10167204,1,-64
10167204,2,-93
10167204,3,-94
10167204,4,-79
10167204,5,-128
10167204,6,-90
10167204,7,-128
10167204,8,-128
10167204,9,-80
10167204,10,-73
10167204,11,-128
10167204,12,-91
10167204,13,-91
10167204,14,-128
10242573,0,-128
10242573,1,-89
10242573,2,-94
10242573,3,-94
10242573,4,-87
10242573,5,-128
10242573,6,-128
10242573,7,-128
10242573,8,-128
10242573,9,-94
10242573,10,-94
10242573,11,-128
10242573,12,-93
10242573,13,-128
10242573,14,-128
0,0,0
0,0,0
0,0,0
0,0,0
0,0,0
224
10318025,0,-128
10318025,1,-87
10318025,2,-88
10318025,3,-128
10318025,4,-93
10318025,5,-128
10318025,6,-128
10318025,7,-128
10318025,8,-128
10318025,9,-128
10318025,10,-128
10318025,11,-128
10318025,12,-94
10318025,13,-94
10318025,14,-128
10393416,0,-128
10393416,1,-79
10393416,2,-76
10393416,3,-94
10393416,4,-93
10393416,5,-128
10393416,6,-91
10393416,7,-128
10393416,8,-128
10393416,9,-94
10393416,10,-86
10393416,11,-128
10393416,12,-93
10393416,13,-92
10393416,14,-128
10468816,0,-128
10468816,1,-85
10468816,2,-94
10468816,3,-94
10468816,4,-128
10468816,5,-128
10468816,6,-94
10468816,7,-128
10468816,8,-128
10468816,9,-128
10468816,10,-94
10468816,11,-128
10468816,12,-128
10468816,13,-94
10468816,14,-128
10544162,0,-128
10544162,1,-94
10544162,2,-94
10544162,3,-94
10544162,4,-128
10544162,5,-128
10544162,6,-94
10544162,7,-128
10544162,8,-128
10544162,9,-128
10544162,10,-128
10544162,11,-128
10544162,12,-83
10544162,13,-128
10544162,14,-128
10619508,0,-128
10619508,1,-94
10619508,2,-128
10619508,3,-94
10619508,4,-128
10619508,5,-128
10619508,6,-128
10619508,7,-128
10619508,8,-128
10619508,9,-128
10619508,10,-128
10619508,11,-128
10619508,12,-94
10619508,13,-94
10619508,14,-128
0,0,0
0,0,0
0,0,0
0,0,0
0,0,0
223
10694883,0,-128
10694883,1,-91
10694883,2,-94
10694883,3,-94
10694883,4,-128
10694883,5,-128
10694883,6,-128
10694883,7,-128
10694883,8,-128
10694883,9,-128
10694883,10,-94
10694883,11,-128
10694883,12,-94
10694883,13,-128
10694883,14,-128
10770201,0,-128
10770201,1,-86
10770201,2,-94
10770201,3,-94
10770201,4,-94
10770201,5,-128
10770201,6,-128
10770201,7,-128
10770201,8,-128
10770201,9,-128
10770201,10,-94
10770201,11,-128
10770201,12,-128
10770201,13,-94
10770201,14,-128
10845533,0,-128
10845533,1,-83
10845533,2,-94
10845533,3,-94
10845533,4,-128
10845533,5,-128
10845533,6,-128
10845533,7,-128
10845533,8,-128
10845533,9,-128
10845533,10,-94
10845533,11,-128
10845533,12,-94
10845533,13,-94
10845533,14,-128
10920864,0,-128
10920864,1,-92
10920864,2,-128
10920864,3,-94
10920864,4,-128
10920864,5,-128
10920864,6,-128
10920864,7,-128
10920864,8,-128
10920864,9,-128
10920864,10,-94
10920864,11,-128
10920864,12,-94
10920864,13,-128
10920864,14,-128
10996195,0,-128
10996195,1,-93
10996195,2,-92
10996195,3,-90
10996195,4,-90
10996195,5,-128
10996195,6,-93
10996195,7,-128
10996195,8,-128
10996195,9,-128
10996195,10,-93
10996195,11,-128
10996195,12,-93
10996195,13,-128
10996195,14,-128
0,0,0
0,0,0
0,0,0
0,0,0
0,0,0
222
11071603,0,-128
11071603,1,-94
11071603,2,-94
11071603,3,-93
11071603,4,-128
11071603,5,-128
11071603,6,-91
11071603,7,-128
11071603,8,-128
11071603,9,-128
11071603,10,-128
11071603,11,-128
11071603,12,-91
11071603,13,-94
11071603,14,-128
11146979,0,-128
11146979,1,-94
11146979,2,-94
11146979,3,-93
11146979,4,-94
11146979,5,-128
11146979,6,-87
11146979,7,-128
11146979,8,-128
11146979,9,-128
11146979,10,-128
11146979,11,-128
11146979,12,-94
11146979,13,-93
11146979,14,-128
11222324,0,-128
11222324,1,-88
11222324,2,-94
11222324,3,-94
11222324,4,-128
11222324,5,-128
11222324,6,-128
11222324,7,-128
11222324,8,-128
11222324,9,-128
11222324,10,-128
11222324,11,-128
11222324,12,-128
11222324,13,-128
11222324,14,-128
11297641,0,-128
11297641,1,-128
11297641,2,-94
11297641,3,-128
11297641,4,-128
11297641,5,-128
11297641,6,-128
11297641,7,-128
11297641,8,-128
11297641,9,-128
11297641,10,-128
11297641,11,-128
11297641,12,-94
11297641,13,-128
11297641,14,-128
11372955,0,-128
11372955,1,-128
11372955,2,-94
11372955,3,-93
11372955,4,-128
11372955,5,-128
11372955,6,-128
11372955,7,-128
11372955,8,-128
11372955,9,-128
11372955,10,-128
11372955,11,-128
11372955,12,-93
11372955,13,-128
11372955,14,-128
0,0,0
0,0,0
0,0,0
0,0,0
0,0,0
221
11448380,0,-128
11448380,1,-128
11448380,2,-81
11448380,3,-94
11448380,4,-128
11448380,5,-128
11448380,6,-128
11448380,7,-128
11448380,8,-128
11448380,9,-128
11448380,10,-128
11448380,11,-128
11448380,12,-94
11448380,13,-128
11448380,14,-128
11523714,0,-128
11523714,1,-128
11523714,2,-94
11523714,3,-90
11523714,4,-94
11523714,5,-128
11523714,6,-128
11523714,7,-128
11523714,8,-128
11523714,9,-128
11523714,10,-128
11523714,11,-128
11523714,12,-93
11523714,13,-128
11523714,14,-128
11599038,0,-128
11599038,1,-128
11599038,2,-128
11599038,3,-128
11599038,4,-128
11599038,5,-128
11599038,6,-128
11599038,7,-128
11599038,8,-128
11599038,9,-128
11599038,10,-128
11599038,11,-128
11599038,12,-128
11599038,13,-128
11599038,14,-128
11674344,0,-128
11674344,1,-94
11674344,2,-128
11674344,3,-128
11674344,4,-128
11674344,5,-128
11674344,6,-128
11674344,7,-128
11674344,8,-128
11674344,9,-128
11674344,10,-128
11674344,11,-128
11674344,12,-93
11674344,13,-128
11674344,14,-128
11749662,0,-128
11749662,1,-128
11749662,2,-128
11749662,3,-128
11749662,4,-128
11749662,5,-128
11749662,6,-128
11749662,7,-128
11749662,8,-128
11749662,9,-128
11749662,10,-128
11749662,11,-128
11749662,12,-128
11749662,13,-128
11749662,14,-128
0,0,0
0,0,0
0,0,0
0,0,0
0,0,0
220
11825034,0,-128
11825034,1,-94
11825034,2,-128
11825034,3,-128
11825034,4,-94
11825034,5,-128
11825034,6,-128
11825034,7,-128
11825034,8,-128
11825034,9,-128
11825034,10,-128
11825034,11,-128
11825034,12,-128
11825034,13,-128
11825034,14,-128
11900340,0,-128
11900340,1,-94
11900340,2,-128
11900340,3,-128
11900340,4,-128
11900340,5,-128
11900340,6,-128
11900340,7,-128
11900340,8,-128
11900340,9,-128
11900340,10,-128
11900340,11,-128
11900340,12,-94
11900340,13,-128
11900340,14,-128
11975650,0,-128
11975650,1,-94
11975650,2,-128
11975650,3,-128
11975650,4,-94
11975650,5,-128
11975650,6,-128
11975650,7,-128
11975650,8,-128
11975650,9,-128
11975650,10,-128
11975650,11,-128
11975650,12,-128
11975650,13,-128
11975650,14,-128
12050958,0,-128
12050958,1,-128
12050958,2,-128
12050958,3,-128
12050958,4,-128
12050958,5,-128
12050958,6,-128
12050958,7,-128
12050958,8,-128
12050958,9,-128
12050958,10,-128
12050958,11,-128
12050958,12,-128
12050958,13,-128
12050958,14,-128
12126266,0,-128
12126266,1,-128
12126266,2,-128
12126266,3,-128
12126266,4,-128
12126266,5,-128
12126266,6,-128
12126266,7,-128
12126266,8,-128
12126266,9,-128
12126266,10,-128
12126266,11,-128
12126266,12,-128
12126266,13,-128
12126266,14,-128
0,0,0
0,0,0
0,0,0
0,0,0
0,0,0
219
12201638,0,-128
12201638,1,-94
12201638,2,-128
12201638,3,-128
12201638,4,-94
12201638,5,-128
12201638,6,-128
12201638,7,-128
12201638,8,-128
12201638,9,-128
12201638,10,-128
12201638,11,-128
12201638,12,-128
12201638,13,-128
12201638,14,-128
12276945,0,-128
12276945,1,-94
12276945,2,-128
12276945,3,-128
12276945,4,-128
12276945,5,-128
12276945,6,-128
12276945,7,-128
12276945,8,-128
12276945,9,-128
12276945,10,-128
12276945,11,-128
12276945,12,-128
12276945,13,-128
12276945,14,-128
12352253,0,-128
12352253,1,-128
12352253,2,-128
12352253,3,-128
12352253,4,-128
12352253,5,-128
12352253,6,-128
12352253,7,-128
12352253,8,-128
12352253,9,-128
12352253,10,-128
12352253,11,-128
12352253,12,-128
12352253,13,-128
12352253,14,-128
12427559,0,-128
12427559,1,-128
12427559,2,-94
12427559,3,-128
12427559,4,-94
12427559,5,-128
12427559,6,-128
12427559,7,-128
12427559,8,-128
12427559,9,-128
12427559,10,-128
12427559,11,-128
12427559,12,-128
12427559,13,-128
12427559,14,-128
12502866,0,-128
12502866,1,-128
12502866,2,-128
12502866,3,-128
12502866,4,-94
12502866,5,-128
12502866,6,-128
12502866,7,-128
12502866,8,-128
12502866,9,-128
12502866,10,-128
12502866,11,-128
12502866,12,-128
12502866,13,-128
12502866,14,-128
0,0,0
0,0,0
0,0,0
0,0,0
0,0,0
218
12578264,0,-128
12578264,1,-94
12578264,2,-128
12578264,3,-94
12578264,4,-128
12578264,5,-128
12578264,6,-128
12578264,7,-128
12578264,8,-128
12578264,9,-128
12578264,10,-128
12578264,11,-128
12578264,12,-128
12578264,13,-89
12578264,14,-128
12653580,0,-128
12653580,1,-94
12653580,2,-128
12653580,3,-93
12653580,4,-128
12653580,5,-128
12653580,6,-93
12653580,7,-128
12653580,8,-128
12653580,9,-128
12653580,10,-128
12653580,11,-128
12653580,12,-128
12653580,13,-94
12653580,14,-128
12728916,0,-128
12728916,1,-84
12728916,2,-93
12728916,3,-94
12728916,4,-128
12728916,5,-128
12728916,6,-128
12728916,7,-128
12728916,8,-128
12728916,9,-128
12728916,10,-128
12728916,11,-128
12728916,12,-128
12728916,13,-93
12728916,14,-128
12804243,0,-128
12804243,1,-82
12804243,2,-94
12804243,3,-128
12804243,4,-128
12804243,5,-128
12804243,6,-128
12804243,7,-128
12804243,8,-128
12804243,9,-128
12804243,10,-128
12804243,11,-128
12804243,12,-128
12804243,13,-93
12804243,14,-128
12879584,0,-128
12879584,1,-85
12879584,2,-94
12879584,3,-128
12879584,4,-128
12879584,5,-128
12879584,6,-128
12879584,7,-128
12879584,8,-128
12879584,9,-128
12879584,10,-128
12879584,11,-128
12879584,12,-128
12879584,13,-128
12879584,14,-128
0,0,0
0,0,0
0,0,0
0,0,0
0,0,0
217
12954992,0,-128
12954992,1,-67
12954992,2,-91
12954992,3,-94
12954992,4,-128
12954992,5,-128
12954992,6,-128
12954992,7,-128
12954992,8,-128
12954992,9,-128
12954992,10,-128
12954992,11,-128
12954992,12,-128
12954992,13,-128
12954992,14,-128
13030344,0,-128
13030344,1,-81
13030344,2,-94
13030344,3,-128
13030344,4,-128
13030344,5,-128
13030344,6,-128
13030344,7,-128
13030344,8,-128
13030344,9,-128
13030344,10,-128
13030344,11,-128
13030344,12,-128
13030344,13,-128
13030344,14,-128
13105704,0,-128
13105704,1,-128
13105704,2,-90
13105704,3,-94
13105704,4,-128
13105704,5,-128
13105704,6,-128
13105704,7,-128
13105704,8,-128
13105704,9,-128
13105704,10,-128
13105704,11,-128
13105704,12,-128
13105704,13,-94
13105704,14,-128
13181045,0,-128
13181045,1,-82
13181045,2,-94
13181045,3,-128
13181045,4,-128
13181045,5,-128
13181045,6,-128
13181045,7,-128
13181045,8,-128
13181045,9,-128
13181045,10,-128
13181045,11,-128
13181045,12,-128
13181045,13,-128
13181045,14,-128
13256380,0,-128
13256380,1,-88
13256380,2,-94
13256380,3,-128
13256380,4,-128
13256380,5,-128
13256380,6,-128
13256380,7,-128
13256380,8,-128
13256380,9,-128
13256380,10,-128
13256380,11,-128
13256380,12,-128
13256380,13,-94
13256380,14,-128
0,0,0
0,0,0
0,0,0
0,0,0
0,0,0
216
13331748,0,-128
13331748,1,-72
13331748,2,-94
13331748,3,-94
13331748,4,-128
13331748,5,-128
13331748,6,-128
13331748,7,-128
13331748,8,-128
13331748,9,-128
13331748,10,-128
13331748,11,-128
13331748,12,-128
13331748,13,-128
13331748,14,-128
13407083,0,-128
13407083,1,-83
13407083,2,-93
13407083,3,-128
13407083,4,-128
13407083,5,-128
13407083,6,-128
13407083,7,-128
13407083,8,-128
13407083,9,-128
13407083,10,-128
13407083,11,-128
13407083,12,-128
13407083,13,-128
13407083,14,-128
13482417,0,-128
13482417,1,-79
13482417,2,-94
13482417,3,-128
13482417,4,-128
13482417,5,-128
13482417,6,-128
13482417,7,-128
13482417,8,-128
13482417,9,-128
13482417,10,-128
13482417,11,-128
13482417,12,-128
13482417,13,-128
13482417,14,-128
13557751,0,-128
13557751,1,-80
13557751,2,-93
13557751,3,-128
13557751,4,-128
13557751,5,-128
13557751,6,-128
13557751,7,-128
13557751,8,-128
13557751,9,-128
13557751,10,-128
13557751,11,-128
13557751,12,-128
13557751,13,-128
13557751,14,-128
13633110,0,-128
13633110,1,-81
13633110,2,-89
13633110,3,-128
13633110,4,-128
13633110,5,-128
13633110,6,-128
13633110,7,-128
13633110,8,-128
13633110,9,-128
13633110,10,-128
13633110,11,-128
13633110,12,-128
13633110,13,-128
13633110,14,-128
0,0,0
0,0,0
0,0,0
0,0,0
0,0,0
215
13708534,0,-128
13708534,1,-69
13708534,2,-93
13708534,3,-128
13708534,4,-128
13708534,5,-128
13708534,6,-128
13708534,7,-128
13708534,8,-128
13708534,9,-128
13708534,10,-128
13708534,11,-128
13708534,12,-128
13708534,13,-128
13708534,14,-128
13783867,0,-128
13783867,1,-82
13783867,2,-128
13783867,3,-94
13783867,4,-128
13783867,5,-128
13783867,6,-128
13783867,7,-128
13783867,8,-128
13783867,9,-128
13783867,10,-128
13783867,11,-128
13783867,12,-128
13783867,13,-94
13783867,14,-128
13859219,0,-128
13859219,1,-94
13859219,2,-93
13859219,3,-128
13859219,4,-128
13859219,5,-128
13859219,6,-128
13859219,7,-128
13859219,8,-128
13859219,9,-128
13859219,10,-128
13859219,11,-128
13859219,12,-128
13859219,13,-128
13859219,14,-128
13934552,0,-128
13934552,1,-94
13934552,2,-90
13934552,3,-94
13934552,4,-128
13934552,5,-128
13934552,6,-128
13934552,7,-128
13934552,8,-128
13934552,9,-128
13934552,10,-128
13934552,11,-128
13934552,12,-128
13934552,13,-128
13934552,14,-128
14009896,0,-128
14009896,1,-92
14009896,2,-94
14009896,3,-128
14009896,4,-128
14009896,5,-128
14009896,6,-128
14009896,7,-128
14009896,8,-128
14009896,9,-128
14009896,10,-128
14009896,11,-128
14009896,12,-128
14009896,13,-128
14009896,14,-128
0,0,0
0,0,0
0,0,0
0,0,0
0,0,0
214
14085313,0,-128
14085313,1,-128
14085313,2,-93
14085313,3,-94
14085313,4,-128
14085313,5,-128
14085313,6,-128
14085313,7,-128
14085313,8,-128
14085313,9,-128
14085313,10,-128
14085313,11,-128
14085313,12,-128
14085313,13,-94
14085313,14,-128
14160638,0,-128
14160638,1,-94
14160638,2,-128
14160638,3,-94
14160638,4,-128
14160638,5,-128
14160638,6,-128
14160638,7,-128
14160638,8,-128
14160638,9,-128
14160638,10,-128
14160638,11,-128
14160638,12,-128
14160638,13,-94
14160638,14,-128
14235951,0,-128
14235951,1,-94
14235951,2,-93
14235951,3,-93
14235951,4,-128
14235951,5,-128
14235951,6,-128
14235951,7,-128
14235951,8,-128
14235951,9,-128
14235951,10,-128
14235951,11,-128
14235951,12,-128
14235951,13,-94
14235951,14,-128
14311290,0,-128
14311290,1,-85
14311290,2,-82
14311290,3,-93
14311290,4,-128
14311290,5,-128
14311290,6,-128
14311290,7,-128
14311290,8,-128
14311290,9,-128
14311290,10,-128
14311290,11,-128
14311290,12,-128
14311290,13,-94
14311290,14,-128
14386508,0,-128
14386508,1,-87
14386508,2,-128
14386508,3,-94
14386508,4,-128
14386508,5,-128
14386508,6,-128
14386508,7,-128
14386508,8,-128
14386508,9,-128
14386508,10,-128
14386508,11,-128
14386508,12,-128
14386508,13,-128
14386508,14,-128
0,0,0
0,0,0
0,0,0
0,0,0
0,0,0
213
14461908,0,-128
14461908,1,-78
14461908,2,-128
14461908,3,-94
14461908,4,-128
14461908,5,-128
14461908,6,-128
14461908,7,-128
14461908,8,-128
14461908,9,-128
14461908,10,-128
14461908,11,-128
14461908,12,-128
14461908,13,-128
14461908,14,-128
14537219,0,-128
14537219,1,-94
14537219,2,-128
14537219,3,-94
14537219,4,-128
14537219,5,-128
14537219,6,-128
14537219,7,-128
14537219,8,-128
14537219,9,-128
14537219,10,-128
14537219,11,-128
14537219,12,-128
14537219,13,-128
14537219,14,-128
14612527,0,-128
14612527,1,-94
14612527,2,-128
14612527,3,-128
14612527,4,-128
14612527,5,-128
14612527,6,-128
14612527,7,-128
14612527,8,-128
14612527,9,-128
14612527,10,-128
14612527,11,-128
14612527,12,-128
14612527,13,-128
14612527,14,-128
14687836,0,-128
14687836,1,-80
14687836,2,-128
14687836,3,-128
14687836,4,-128
14687836,5,-128
14687836,6,-128
14687836,7,-128
14687836,8,-128
14687836,9,-128
14687836,10,-128
14687836,11,-128
14687836,12,-128
14687836,13,-128
14687836,14,-128
14763178,0,-128
14763178,1,-87
14763178,2,-93
14763178,3,-128
14763178,4,-128
14763178,5,-128
14763178,6,-128
14763178,7,-128
14763178,8,-128
14763178,9,-128
14763178,10,-128
14763178,11,-128
14763178,12,-128
14763178,13,-94
14763178,14,-128
0,0,0
0,0,0
0,0,0
0,0,0
0,0,0
212
14838571,0,-128
14838571,1,-75
14838571,2,-94
14838571,3,-128
14838571,4,-128
14838571,5,-128
14838571,6,-128
14838571,7,-128
14838571,8,-128
14838571,9,-128
14838571,10,-128
14838571,11,-128
14838571,12,-128
14838571,13,-128
14838571,14,-128
14913892,0,-128
14913892,1,-85
14913892,2,-128
14913892,3,-128
14913892,4,-128
14913892,5,-128
14913892,6,-128
14913892,7,-128
14913892,8,-128
14913892,9,-128
14913892,10,-128
14913892,11,-128
14913892,12,-128
14913892,13,-128
14913892,14,-128
14989225,0,-128
14989225,1,-82
14989225,2,-94
14989225,3,-128
14989225,4,-128
14989225,5,-128
14989225,6,-128
14989225,7,-128
14989225,8,-128
14989225,9,-128
14989225,10,-128
14989225,11,-128
14989225,12,-128
14989225,13,-128
14989225,14,-128
15064559,0,-128
15064559,1,-85
15064559,2,-128
15064559,3,-128
15064559,4,-128
15064559,5,-128
15064559,6,-128
15064559,7,-128
15064559,8,-128
15064559,9,-128
15064559,10,-128
15064559,11,-128
15064559,12,-128
15064559,13,-128
15064559,14,-128
15139894,0,-128
15139894,1,-75
15139894,2,-128
15139894,3,-128
15139894,4,-128
15139894,5,-128
15139894,6,-128
15139894,7,-128
15139894,8,-128
15139894,9,-128
15139894,10,-128
15139894,11,-128
15139894,12,-128
15139894,13,-128
15139894,14,-128
0,0,0
0,0,0
0,0,0
0,0,0
0,0,0
211
15215268,0,-128
15215268,1,-128
15215268,2,-128
15215268,3,-128
15215268,4,-128
15215268,5,-128
15215268,6,-128
15215268,7,-128
15215268,8,-128
15215268,9,-128
15215268,10,-128
15215268,11,-128
15215268,12,-128
15215268,13,-128
15215268,14,-128
15290575,0,-128
15290575,1,-128
15290575,2,-128
15290575,3,-128
15290575,4,-128
15290575,5,-128
15290575,6,-128
15290575,7,-128
15290575,8,-128
15290575,9,-128
15290575,10,-128
15290575,11,-128
15290575,12,-128
15290575,13,-90
15290575,14,-128
15365890,0,-128
15365890,1,-128
15365890,2,-93
15365890,3,-128
15365890,4,-128
15365890,5,-128
15365890,6,-128
15365890,7,-128
15365890,8,-128
15365890,9,-128
15365890,10,-128
15365890,11,-128
15365890,12,-128
15365890,13,-94
15365890,14,-128
15441197,0,-128
15441197,1,-94
15441197,2,-94
15441197,3,-128
15441197,4,-128
15441197,5,-128
15441197,6,-128
15441197,7,-128
15441197,8,-128
15441197,9,-128
15441197,10,-128
15441197,11,-128
15441197,12,-128
15441197,13,-94
15441197,14,-128
15516505,0,-128
15516505,1,-128
15516505,2,-94
15516505,3,-128
15516505,4,-128
15516505,5,-128
15516505,6,-128
15516505,7,-128
15516505,8,-128
15516505,9,-128
15516505,10,-128
15516505,11,-128
15516505,12,-128
15516505,13,-94
15516505,14,-128
0,0,0
0,0,0
0,0,0
0,0,0
0,0,0
210