250
191218
191220
191221
75191222
169191222
265191222
191222
75191223
169191223
266191223
191223
76191224
168191224
266191224
191224
75191225
168191225
266191225
191225
75191226
169191226
266191226
191226
76191227
170191227
266191227
191227
75191228
170191228
266191228
191228
76191229
170191229
266191229
191229
75191230
170191230
266191230
191230
75191231
169191231
269191231
191231
73191232
170191232
270191232
191232
74191233
170191233
270191233
191233
76191234
169191234
270191234
191234
74191235
170191235
270191235
191235
72191236
172191236
270191236
191236
72191237
172191237
270191237
191237
72191238
171191238
265191238
191238
72191239
169191239
265191239
191239
72191240
172191240
266191240
191240
72191241
169191241
266191241
191241
72191242
170191242
266191242
191242
72191243
170191243
266191243
191243
72191244
169191244
266191244
191244
72191245
169191245
266191245
191245
72191246
169191246
266191246
191246
72191247
168191247
266191247
191247
72191248
168191248
266191248
191248
73191249
168191249
266191249
191249
72191250
169191250
266191250
191250
74191251
169191251
266191251
191251
75191252
169191252
266191252
191252
74191253
170191253
266191253
191253
75191254
170191254
266191254
191254
75191255
170191255
268191255
191255
75191256
169191256
269191256
191256
75191257
170191257
266191257
191257
76191258
170191258
266191258
191258
75191259
169191259
266191259
191259
75191300
170191300
266191300
191300
75191301
170191301
269191301
191301
76191302
170191302
269191302
191302
75191303
170191303
269191303
191303
72191304
169191304
270191304
191304
72191305
170191305
269191305
191305
72191306
172191306
265191306
191306
75191307
168191307
266191307
191307
72191308
169191308
266191308
191308
73191309
169191309
266191309
191309
73191310
169191310
266191310
191310
74191311
169191311
266191311
191311
75191312
169191312
266191312
191312
73191313
169191313
266191313
191313
73191314
169191314
266191314
191314
75191315
169191315
270191315
191315
76191316
169191316
265191316
191316
76191317
169191317
265191317
191317
76191318
169191318
264191318
191318
76191319
169191319
265191319
191319
76191320
169191320
265191320
191320
76191321
249
169191321
265191321
191321
75191322
169191322
265191322
191322
74191323
169191323
265191323
191323
75191324
169191324
266191324
191324
76191325
169191325
266191325
191325
72191326
169191326
266191326
191326
72191327
169191327
266191327
191327
72191328
170191328
266191328
191328
72191329
168191329
266191329
191329
72191330
169191330
266191330
191330
72191331
168191331
266191331
191331
72191332
169191332
269191332
191332
72191333
168191333
270191333
191333
72191334
169191334
270191334
191334
72191335
168191335
270191335
191335
72191336
168191336
270191336
191336
72191337
168191337
270191337
191337
72191338
168191338
270191338
191338
72191339
168191339
270191339
191339
72191340
169191340
271191340
191340
72191341
169191341
266191341
191341
74191342
168191342
266191342
191342
72191343
169191343
266191343
191343
73191344
169191344
266191344
191344
73191345
169191345
266191345
191345
73191346
169191346
266191346
191346
73191347
169191347
266191347
191347
73191348
169191348
266191348
191348
73191349
169191349
266191349
191349
74191350
169191350
269191350
191350
74191351
170191351
269191351
191351
73191352
169191352
269191352
191352
73191353
169191353
269191353
191353
73191354
168191354
269191354
191354
73191355
169191355
269191355
191355
73191356
171191356
270191356
191356
75191357
171191357
269191357
191357
75191358
172191358
269191358
191358
73191359
172191359
270191359
191359
73191400
172191400
270191400
191400
76191401
172191401
270191401
191401
72191402
171191402
270191402
191402
72191403
169191403
270191403
191403
72191404
169191404
270191404
191404
72191405
169191405
270191405
191405
72191406
169191406
270191406
191406
72191407
169191407
266191407
191407
72191408
169191408
266191408
191408
72191409
169191409
268191409
191409
72191410
169191410
269191410
191410
72191411
169191411
269191411
191411
72191412
169191412
270191412
191412
72191413
168191413
269191413
191413
72191414
172191414
269191414
191414
72191415
170191415
269191415
191415
72191416
169191416
269191416
191416
74191417
169191417
270191417
191417
73191418
168191418
270191418
191418
75191419
169191419
270191419
191419
75191420
172191420
270191420
191420
75191421
248
172191421
270191421
191421
75191422
172191422
270191422
191422
75191423
170191423
270191423
191423
75191424
170191424
270191424
191424
75191425
169191425
265191425
191425
75191426
169191426
265191426
191426
75191427
168191427
264191427
191427
75191428
169191428
265191428
191428
76191429
169191429
265191429
191429
75191430
168191430
265191430
191430
76191431
168191431
265191431
191431
76191432
169191432
266191432
191432
75191433
168191433
266191433
191433
75191434
168191434
267191434
191434
73191435
169191435
270191435
191435
73191436
169191436
269191436
191436
76191437
169191437
270191437
191437
76191438
169191438
269191438
191438
75191439
168191439
270191439
191439
75191440
168191440
269191440
191440
75191441
169191441
269191441
191441
76191442
170191442
265191442
191442
75191443
170191443
266191443
191443
75191444
170191444
266191444
191444
75191445
170191445
266191445
191445
75191446
169191446
266191446
191446
75191447
170191447
266191447
191447
75191448
170191448
266191448
191448
72191449
167191449
263191449
191449
86191450
186191450
279191450
191450
91191451
194191451
293191451
191451
94191452
192191452
293191452
191452
94191453
197191453
297191453
191453
90191454
191191454
292191454
191454
93191455
197191455
295191455
191455
90191456
197191456
297191456
191456
92191457
295191457
191457
93191458
193191458
295191458
191458
95191459
194191459
290191459
191459
91191500
193191500
290191500
191500
90191501
192191501
291191501
191501
95191502
193191502
294191502
191502
90191503
193191503
292191503
191503
89191504
190191504
293191504
191504
87191505
190191505
293191505
191505
87191506
190191506
293191506
191506
88191507
189191507
294191507
191507
88191508
189191508
294191508
191508
88191509
188191509
294191509
191509
89191510
191191510
295191510
191510
90191511
191191511
296191511
191511
95191512
195191512
292191512
191512
89191513
196191513
297191513
191513
90191514
197191514
297191514
191514
96191515
197191515
297191515
191515
97191516
197191516
297191516
191516
95191517
297191517
191517
96191518
297191518
191518
96191519
297191519