250
319161,0,-92
340360,5,-92
361558,0,-92
361558,8,-92
382755,0,-92
382755,5,-92
382755,8,-92
403949,0,-92
403949,1,-92
403949,2,-92
403949,3,-92
403949,7,-89
403949,8,-92
425142,0,-91
425142,1,-92
425142,2,-92
425142,3,-92
425142,4,-92
425142,5,-92
425142,8,-92
446333,0,-92
446333,1,-92
446333,2,-92
446333,3,-92
446333,4,-92
446333,5,-92
446333,6,-92
446333,7,-92
446333,8,-92
467525,0,-92
467525,1,-91
467525,2,-92
467525,3,-92
467525,4,-92
467525,5,-92
467525,6,-92
467525,8,-92
488718,0,-92
488718,1,-92
488718,2,-92
488718,3,-92
488718,4,-92
488718,5,-91
488718,6,-92
488718,8,-92
509914,0,-92
509914,1,-92
509914,4,-92
509914,5,-90
509914,8,-92
531110,2,-92
531110,5,-92
531110,6,-92
531110,8,-92
552305,1,-92
552305,2,-92
552305,3,-92
552305,5,-92
552305,6,-92
552305,8,-92
573499,0,-92
573499,1,-92
573499,2,-92
573499,3,-92
573499,5,-90
573499,7,-92
594693,0,-92
594693,1,-92
594693,2,-92
594693,3,-92
594693,5,-91
594693,8,-92
615888,2,-92
615888,3,-92
615888,5,-92
615888,6,-92
615888,7,-92
615888,8,-92
637081,0,-92
637081,1,-92
249
637115,2,-92
637115,3,-92
637115,5,-92
637115,6,-92
637115,7,-92
637115,8,-92
658326,0,-92
658326,2,-92
658326,3,-92
658326,5,-92
658326,6,-92
658326,7,-92
658326,8,-92
679521,2,-92
679521,3,-92
679521,5,-91
679521,6,-92
679521,7,-92
700714,0,-92
700714,1,-92
700714,2,-92
700714,5,-92
700714,6,-92
700714,7,-92
700714,8,-92
721906,0,-92
721906,1,-92
721906,2,-92
721906,3,-92
721906,5,-92
721906,6,-92
721906,7,-92
721906,8,-92
743099,1,-92
743099,2,-92
743099,3,-92
743099,4,-92
743099,6,-92
743099,7,-92
743099,8,-92
764291,0,-92
764291,1,-92
764291,2,-92
764291,3,-92
764291,4,-92
764291,6,-92
764291,7,-92
764291,8,-92
785483,0,-92
785483,1,-92
785483,2,-92
785483,3,-92
785483,4,-92
785483,6,-92
785483,7,-92
785483,8,-92
806676,0,-92
806676,1,-92
806676,2,-92
806676,3,-92
806676,6,-92
806676,7,-92
806676,8,-92
827869,0,-92
827869,1,-92
827869,2,-92
827869,3,-92
827869,6,-92
827869,7,-92
827869,8,-92
849062,1,-92
849062,2,-92
849062,3,-92
849062,4,-92
849062,6,-92
849062,7,-92
849062,8,-92
870254,0,-92
870254,1,-92
870254,2,-92
248
870288,3,-92
870288,4,-92
870288,6,-92
870288,7,-92
870288,8,-92
891495,0,-92
891495,1,-92
891495,2,-92
891495,3,-92
891495,4,-92
891495,6,-92
891495,7,-92
891495,8,-92
912689,1,-92
912689,2,-92
912689,3,-92
912689,6,-92
912689,7,-92
933883,0,-92
933883,1,-92
933883,2,-91
933883,3,-92
933883,6,-92
933883,7,-92
955075,1,-92
955075,2,-92
955075,3,-92
955075,4,-92
955075,5,-92
955075,6,-92
955075,7,-92
955075,8,-92
976269,0,-92
976269,2,-91
976269,3,-92
976269,6,-92
976269,7,-92
976269,8,-92
1045177,0,-92
1045177,3,-92
1045177,4,-92
1045177,6,-92
1045177,7,-92
1045177,8,-92
1066371,0,-92
1066371,1,-92
1066371,2,-92
1066371,3,-92
1066371,7,-92
1066371,8,-92
1087563,0,-92
1087563,1,-92
1087563,2,-92
1087563,3,-92
1087563,4,-92
1087563,6,-92
1087563,7,-92
1087563,8,-92
1108754,0,-92
1108754,1,-92
1108754,2,-92
1108754,3,-92
1108754,4,-92
1108754,6,-92
1108754,7,-92
1108754,8,-92
1129949,0,-92
1129949,3,-92
1129949,7,-92
1129949,8,-92
1151141,0,-92
1151141,1,-92
1151141,2,-92
1151141,3,-92
1151141,5,-92
1151141,6,-92
1151141,7,-92
1151141,8,-92
1172334,0,-92
1172334,1,-92
247
1172368,2,-92
1172368,3,-92
1172368,6,-92
1172368,7,-92
1172368,8,-92
1193578,0,-92
1193578,1,-92
1193578,2,-92
1193578,3,-92
1193578,6,-92
1193578,8,-92
1214771,0,-92
1214771,1,-92
1214771,2,-92
1214771,3,-92
1214771,6,-92
1214771,7,-92
1214771,8,-92
1235966,0,-92
1235966,2,-91
1235966,3,-92
1235966,4,-92
1235966,6,-92
1235966,8,-92
1257161,0,-92
1257161,2,-91
1257161,3,-92
1257161,6,-92
1257161,8,-92
1278355,1,-92
1278355,2,-91
1278355,3,-92
1278355,6,-92
1278355,7,-92
1278355,8,-92
1299547,0,-92
1299547,1,-92
1299547,2,-92
1299547,3,-92
1299547,4,-92
1299547,6,-92
1299547,7,-92
1299547,8,-92
1320740,0,-92
1320740,1,-92
1320740,2,-92
1320740,3,-92
1320740,4,-92
1320740,6,-92
1320740,8,-92
1341935,0,-92
1341935,1,-92
1341935,4,-92
1341935,6,-92
1341935,7,-92
1363128,0,-92
1363128,1,-92
1363128,2,-92
1363128,3,-92
1363128,4,-92
1363128,6,-92
1363128,7,-92
1384322,0,-92
1384322,1,-92
1384322,2,-92
1384322,3,-92
1384322,6,-92
1384322,7,-92
1384322,8,-92
1405514,0,-92
1405514,1,-92
1405514,2,-92
1405514,3,-92
1405514,4,-92
1405514,6,-92
1405514,7,-92
1405514,8,-92
1426708,0,-92
1426708,2,-92
1426708,3,-92
246
1426742,6,-92
1426742,7,-92
1426742,8,-92
1447951,1,-92
1447951,2,-92
1447951,3,-92
1447951,6,-92
1447951,7,-92
1447951,8,-92
1469144,0,-92
1469144,1,-92
1469144,2,-92
1469144,3,-92
1469144,4,-92
1469144,6,-92
1469144,7,-92
1469144,8,-92
1490337,0,-92
1490337,1,-92
1490337,2,-92
1490337,3,-92
1490337,6,-92
1490337,7,-92
1490337,8,-92
1511530,0,-92
1511530,1,-92
1511530,2,-92
1511530,3,-92
1511530,6,-92
1511530,7,-92
1511530,8,-92
1532722,0,-92
1532722,1,-92
1532722,2,-92
1532722,3,-92
1532722,4,-92
1532722,5,-92
1532722,6,-92
1532722,8,-92
1553916,1,-92
1553916,2,-92
1553916,3,-92
1553916,6,-92
1553916,7,-92
1553916,8,-92
1575111,0,-92
1575111,1,-92
1575111,2,-92
1575111,3,-92
1575111,7,-92
1575111,8,-92
1596305,0,-92
1596305,2,-92
1596305,3,-92
1596305,5,-92
1596305,6,-92
1596305,8,-92
1617499,0,-92
1617499,2,-92
1617499,3,-92
1617499,6,-92
1617499,7,-92
1617499,8,-92
1638697,2,-92
1638697,3,-92
1638697,6,-92
1659890,0,-92
1659890,1,-92
1659890,2,-92
1659890,3,-92
1659890,4,-92
1659890,6,-92
1659890,8,-92
1681085,2,-92
1681085,3,-92
1681085,6,-92
1681085,7,-92
1681085,8,-92
1702280,0,-92
1702280,1,-92
245
1702314,3,-92
1702314,6,-92
1702314,7,-92
1723524,1,-92
1723524,2,-92
1723524,3,-92
1723524,6,-92
1723524,8,-92
1744718,1,-92
1744718,2,-92
1744718,3,-92
1744718,5,-92
1744718,7,-92
1744718,8,-92
1765912,0,-92
1765912,2,-92
1765912,3,-92
1765912,4,-92
1765912,6,-92
1765912,7,-92
1765912,8,-92
1787107,0,-92
1787107,2,-92
1787107,3,-92
1787107,6,-92
1787107,7,-92
1808301,0,-92
1808301,1,-92
1808301,2,-92
1808301,3,-92
1808301,5,-92
1808301,6,-92
1808301,7,-92
1808301,8,-92
1829495,1,-92
1829495,2,-92
1829495,3,-92
1829495,4,-92
1829495,6,-92
1829495,7,-92
1829495,8,-92
1850688,0,-92
1850688,1,-92
1850688,2,-92
1850688,3,-92
1850688,6,-92
1850688,7,-92
1850688,8,-92
1871881,0,-92
1871881,1,-92
1871881,2,-92
1871881,3,-92
1871881,4,-92
1871881,6,-92
1871881,7,-92
1871881,8,-92
1893075,0,-92
1893075,1,-92
1893075,2,-92
1893075,5,-92
1893075,6,-92
1893075,7,-92
1893075,8,-92
1914272,0,-92
1914272,1,-92
1914272,2,-92
1914272,3,-92
1914272,4,-92
1935466,0,-92
1935466,1,-92
1935466,2,-92
1935466,3,-92
1935466,6,-92
1935466,8,-92
1956660,0,-92
1956660,1,-92
1956660,2,-92
1956660,3,-92
1956660,6,-92
1956660,7,-92
244
1977886,0,-92
1977886,1,-92
1977886,2,-91
1977886,3,-92
1977886,4,-92
1977886,6,-92
1977886,7,-92
1977886,8,-92
1999094,0,-92
1999094,2,-92
1999094,3,-92
1999094,4,-92
1999094,6,-92
1999094,7,-92
1999094,8,-92
2020289,1,-92
2020289,2,-92
2020289,3,-92
2020289,4,-92
2020289,6,-92
2041481,0,-92
2041481,1,-92
2041481,2,-92
2041481,3,-92
2041481,4,-92
2041481,6,-92
2041481,7,-92
2041481,8,-92
2062674,0,-92
2062674,1,-92
2062674,2,-92
2062674,3,-92
2062674,4,-92
2062674,6,-92
2062674,8,-92
2083868,1,-92
2083868,3,-92
2083868,4,-92
2083868,6,-92
2083868,7,-92
2083868,8,-92
2105061,0,-92
2105061,1,-92
2105061,2,-92
2105061,3,-92
2105061,6,-92
2105061,7,-92
2105061,8,-92
2126254,0,-92
2126254,1,-92
2126254,2,-92
2126254,3,-92
2126254,4,-92
2126254,6,-92
2126254,7,-92
2147450,2,-92
2147450,3,-92
2147450,6,-92
2147450,7,-92
2168644,1,-92
2168644,2,-92
2168644,3,-92
2168644,6,-92
2168644,7,-92
2168644,8,-92
2189837,0,-92
2189837,1,-92
2189837,2,-92
2189837,3,-92
2189837,6,-92
2189837,7,-92
2189837,8,-92
2211031,1,-92
2211031,2,-92
2211031,3,-92
2211031,6,-92
2211031,7,-92
2211031,8,-92
2232224,0,-92
2232224,1,-92
243
2232258,2,-92
2232258,3,-92
2232258,6,-92
2232258,7,-92
2232258,8,-92
2253467,0,-92
2253467,2,-92
2253467,3,-92
2253467,4,-92
2253467,5,-92
2253467,6,-92
2253467,8,-92
2274659,0,-92
2274659,1,-92
2274659,2,-92
2274659,3,-92
2274659,4,-92
2274659,6,-92
2274659,7,-92
2274659,8,-92
2295854,0,-92
2295854,2,-92
2295854,3,-92
2295854,6,-92
2295854,8,-92
2317045,0,-92
2317045,1,-92
2317045,2,-92
2317045,3,-92
2317045,4,-92
2317045,5,-92
2317045,6,-92
2317045,7,-92
2317045,8,-92
2338242,0,-92
2338242,2,-92
2338242,3,-92
2338242,6,-92
2359434,0,-92
2359434,1,-92
2359434,2,-92
2359434,3,-92
2359434,5,-92
2359434,6,-92
2359434,7,-92
2359434,8,-92
2380627,0,-92
2380627,1,-92
2380627,2,-92
2380627,3,-92
2380627,4,-92
2380627,6,-92
2380627,7,-92
2380627,8,-92
2401821,0,-92
2401821,1,-92
2401821,2,-92
2401821,3,-92
2401821,7,-92
2401821,8,-92
2423015,2,-92
2423015,3,-92
2423015,4,-92
2423015,5,-92
2423015,7,-92
2423015,8,-92
2444208,0,-92
2444208,1,-92
2444208,2,-92
2444208,3,-92
2444208,6,-92
2444208,7,-92
2444208,8,-92
2465401,0,-92
2465401,2,-92
2465401,3,-92
2465401,4,-92
2465401,6,-92
2465401,7,-92
2465401,8,-92
242
2486630,0,-92
2486630,3,-92
2486630,6,-92
2486630,7,-92
2486630,8,-92
2507841,0,-92
2507841,2,-92
2507841,3,-92
2507841,6,-92
2529035,0,-92
2529035,1,-92
2529035,2,-92
2529035,3,-92
2529035,7,-92
2529035,8,-92
2550229,0,-92
2550229,1,-92
2550229,2,-92
2550229,3,-92
2550229,6,-92
2550229,7,-92
2550229,8,-92
2571422,0,-92
2571422,1,-92
2571422,2,-92
2571422,3,-92
2571422,5,-92
2571422,6,-92
2571422,8,-92
2592616,0,-92
2592616,2,-92
2592616,3,-92
2592616,6,-92
2592616,7,-92
2592616,8,-92
2613814,2,-92
2613814,3,-92
2635011,3,-92
2635011,7,-92
2635011,8,-92
2656205,0,-92
2656205,1,-92
2656205,2,-92
2656205,4,-92
2656205,6,-92
2656205,7,-92
2677398,0,-92
2677398,1,-92
2677398,2,-92
2677398,3,-92
2677398,6,-92
2677398,7,-92
2677398,8,-92
2698593,0,-92
2698593,1,-92
2698593,2,-92
2698593,4,-92
2698593,8,-92
2719789,0,-92
2719789,2,-92
2719789,3,-92
2719789,7,-92
2740984,0,-92
2740984,1,-92
2740984,2,-92
2740984,3,-92
2740984,8,-92
2762178,0,-92
2762178,1,-92
2762178,2,-92
2762178,4,-92
2762178,6,-92
2762178,8,-92
2783371,0,-92
2783371,1,-92
2783371,2,-92
2783371,3,-92
2783371,6,-92
2783371,7,-92
2783371,8,-92
241
2804599,0,-92
2804599,1,-92
2804599,2,-91
2804599,4,-92
2804599,6,-92
2804599,8,-92
2825808,0,-92
2825808,1,-92
2825808,2,-92
2825808,4,-92
2825808,6,-92
2825808,8,-92
2847004,1,-92
2847004,3,-92
2847004,6,-92
2847004,7,-92
2868198,0,-92
2868198,1,-92
2868198,2,-92
2868198,3,-92
2868198,6,-92
2868198,8,-92
2889394,0,-92
2889394,1,-92
2889394,2,-92
2889394,4,-92
2910589,0,-92
2910589,1,-92
2910589,3,-92
2910589,4,-92
2910589,8,-92
2931786,0,-92
2931786,3,-92
2931786,4,-92
2952979,0,-92
2952979,1,-92
2952979,2,-92
2952979,3,-92
2952979,4,-92
2952979,5,-92
2952979,8,-92
2974175,0,-92
2974175,5,-92
2974175,6,-92
2974175,8,-92
2995367,0,-92
2995367,1,-92
2995367,2,-87
2995367,3,-92
2995367,4,-92
2995367,5,-92
2995367,7,-92
2995367,8,-92
3016559,0,-92
3016559,1,-92
3016559,2,-92
3016559,3,-92
3016559,4,-92
3016559,5,-92
3016559,6,-92
3016559,7,-92
3037753,0,-92
3037753,1,-92
3037753,2,-84
3037753,3,-92
3037753,5,-92
3037753,8,-92
3058948,0,-92
3058948,1,-92
3058948,3,-92
3058948,6,-92
3058948,8,-92
3080143,0,-92
3080143,2,-91
3080143,3,-92
3080143,5,-90
3080143,6,-92
3101335,0,-92
3101335,1,-92
3101335,2,-84
240
3101369,3,-92
3101369,4,-92
3101369,6,-92
3101369,7,-92
3101369,8,-92
3122577,0,-92
3122577,2,-92
3122577,3,-92
3122577,4,-92
3122577,5,-91
3122577,6,-92
3122577,7,-92
3122577,8,-92
3143772,0,-92
3143772,3,-92
3143772,5,-92
3143772,6,-92
3143772,7,-92
3143772,8,-92
3164966,0,-92
3164966,2,-92
3164966,3,-92
3164966,4,-92
3164966,5,-87
3164966,7,-92
3186163,0,-92
3186163,3,-92
3186163,6,-92
3207359,0,-92
3207359,3,-92
3207359,6,-92
3207359,8,-92
3228554,0,-92
3228554,3,-92
3228554,5,-92
3228554,6,-92
3228554,8,-92
3249751,0,-92
3249751,5,-92
3249751,6,-92
3270947,3,-92
3270947,4,-92
3270947,5,-92
3270947,6,-92
3292142,0,-92
3292142,3,-92
3292142,4,-91
3292142,5,-91
3292142,8,-92
3313336,0,-92
3313336,3,-92
3313336,4,-92
3313336,6,-92
3313336,7,-92
3313336,8,-92
3334533,6,-92
3334533,7,-92
3334533,8,-92
3355729,0,-92
3355729,3,-92
3355729,6,-92
3355729,8,-92
3376925,3,-92
3376925,4,-85
3376925,6,-92
3376925,8,-92
3398122,3,-92
3398122,6,-92
3398122,8,-92
3419317,2,-88
3419317,3,-92
3419317,4,-92
3419317,6,-92
3419317,8,-92
3440513,2,-78
3440513,3,-89
3440513,4,-92
3440513,6,-92
3440513,7,-92
3461709,0,-92
239
3461743,3,-92
3461743,5,-92
3461743,6,-92
3482952,0,-87
3482952,2,-90
3482952,3,-92
3482952,5,-92
3482952,6,-92
3482952,8,-92
3504146,0,-92
3504146,3,-92
3504146,4,-92
3504146,5,-89
3504146,6,-92
3504146,8,-92
3525341,3,-92
3525341,4,-92
3525341,5,-92
3525341,6,-92
3525341,8,-92
3546537,3,-92
3546537,4,-92
3546537,5,-92
3546537,7,-92
3546537,8,-92
3567733,3,-92
3567733,4,-91
3567733,5,-92
3567733,7,-92
3567733,8,-92
3588931,4,-90
3588931,5,-92
3588931,6,-92
3610129,4,-91
3610129,7,-92
3610129,8,-92
3631327,4,-90
3631327,5,-92
3631327,6,-92
3652523,3,-92
3652523,4,-91
3652523,5,-89
3652523,6,-92
3652523,7,-92
3673720,3,-92
3673720,4,-90
3673720,5,-89
3673720,6,-92
3694918,3,-92
3694918,4,-90
3694918,5,-92
3694918,6,-92
3716114,4,-91
3716114,5,-92
3716114,6,-92
3716114,7,-92
3716114,8,-92
3737309,3,-91
3737309,4,-92
3737309,5,-87
3737309,6,-92
3737309,7,-92
3758504,3,-85
3758504,4,-92
3758504,5,-88
3758504,6,-92
3758504,7,-92
3779699,3,-89
3779699,4,-92
3779699,5,-87
3779699,6,-92
3779699,7,-92
3800895,3,-90
3800895,4,-92
3800895,5,-90
3800895,6,-92
3800895,7,-92
3822092,3,-92
3822092,4,-92
3822092,5,-92
238
3822126,6,-92
3822126,7,-92
3843338,3,-92
3843338,4,-92
3843338,5,-91
3843338,6,-92
3843338,7,-92
3864535,3,-92
3864535,4,-92
3864535,6,-92
3864535,7,-91
3885732,3,-92
3885732,4,-91
3885732,6,-92
3885732,7,-92
3906930,3,-92
3906930,6,-92
3906930,7,-92
3928127,3,-92
3928127,5,-92
3928127,6,-92
3928127,7,-92
3949324,3,-92
3949324,5,-92
3949324,6,-92
3949324,7,-92
3970520,3,-91
3970520,5,-92
3970520,6,-92
3970520,7,-92
3991717,3,-84
3991717,6,-92
3991717,7,-92
4012914,3,-87
4012914,5,-92
4012914,6,-92
4012914,7,-92
4034110,3,-92
4034110,5,-92
4034110,6,-92
4034110,7,-92
4055307,3,-91
4055307,5,-92
4055307,6,-92
4055307,7,-90
4076504,3,-89
4076504,5,-92
4076504,7,-92
4097702,3,-90
4097702,5,-92
4097702,6,-92
4097702,7,-91
4118899,3,-92
4118899,5,-89
4118899,6,-92
4118899,7,-92
4140095,3,-91
4140095,5,-92
4140095,6,-92
4140095,7,-92
4161292,0,-92
4161292,3,-91
4161292,5,-92
4161292,6,-92
4182488,3,-91
4182488,5,-91
4182488,6,-92
4182488,7,-91
4203682,0,-92
4203682,3,-92
4203682,4,-92
4203682,5,-92
4203682,6,-92
4203682,7,-92
4224877,0,-92
4224877,2,-92
4224877,3,-92
4224877,4,-92
4224877,5,-91
4224877,6,-92
237
4224912,7,-92
4246122,0,-92
4246122,1,-75
4246122,3,-92
4246122,4,-88
4246122,5,-92
4246122,6,-92
4246122,7,-87
4267319,1,-92
4267319,3,-91
4267319,4,-92
4267319,5,-92
4267319,6,-92
4267319,7,-90
4288514,3,-91
4288514,4,-92
4288514,5,-92
4288514,6,-92
4288514,7,-92
4309709,0,-92
4309709,3,-89
4309709,4,-92
4309709,5,-91
4309709,6,-92
4309709,9,-92
4330904,0,-92
4330904,3,-89
4330904,4,-92
4330904,5,-92
4330904,6,-92
4330904,7,-92
4352098,0,-92
4352098,3,-89
4352098,4,-92
4352098,5,-91
4352098,6,-92
4352098,7,-92
4373294,0,-92
4373294,3,-88
4373294,4,-90
4373294,5,-91
4373294,6,-92
4373294,7,-92
4394491,0,-92
4394491,3,-91
4394491,5,-88
4394491,6,-92
4415685,0,-92
4415685,2,-92
4415685,3,-92
4415685,4,-92
4415685,5,-84
4415685,6,-92
4415685,7,-92
4436880,0,-92
4436880,2,-92
4436880,3,-85
4436880,4,-92
4436880,5,-90
4436880,7,-92
4436880,8,-92
4458073,0,-92
4458073,2,-91
4458073,3,-91
4458073,4,-91
4458073,5,-92
4458073,6,-92
4458073,8,-92
4479268,0,-92
4479268,3,-92
4479268,5,-92
4479268,6,-92
4479268,7,-92
4500462,0,-92
4500462,2,-92
4500462,3,-92
4500462,5,-83
4500462,6,-92
4500462,7,-91
4521657,0,-91
236
4521692,2,-92
4521692,3,-92
4521692,5,-89
4521692,6,-92
4521692,7,-92
4542902,0,-91
4542902,2,-91
4542902,3,-90
4542902,5,-86
4542902,6,-92
4542902,7,-92
4542902,8,-92
4564099,2,-91
4564099,3,-90
4564099,5,-86
4564099,6,-92
4564099,7,-91
4564099,8,-91
4585293,0,-92
4585293,2,-90
4585293,3,-89
4585293,4,-92
4585293,5,-91
4585293,6,-92
4585293,7,-92
4585293,8,-92
4606487,2,-92
4606487,3,-86
4606487,4,-92
4606487,5,-92
4606487,6,-92
4606487,7,-92
4606487,8,-92
4627682,0,-92
4627682,2,-92
4627682,3,-88
4627682,5,-92
4627682,6,-92
4627682,7,-92
4627682,8,-92
4648879,0,-92
4648879,2,-91
4648879,3,-88
4648879,4,-89
4670073,0,-90
4670073,2,-92
4670073,3,-88
4670073,4,-92
4670073,5,-91
4670073,7,-92
4670073,8,-92
4691270,3,-89
4691270,4,-91
4691270,5,-87
4712470,3,-89
4712470,4,-92
4712470,5,-85
4733668,3,-87
4733668,4,-90
4733668,5,-92
4754863,2,-92
4754863,3,-91
4754863,4,-88
4754863,5,-89
4754863,7,-92
4776061,2,-92
4776061,3,-91
4776061,4,-92
4776061,5,-89
4776061,7,-90
4797257,2,-92
4797257,3,-92
4797257,4,-89
4797257,5,-89
4797257,6,-92
4797257,7,-92
4818454,3,-91
4818454,4,-92
4818454,5,-88
4818454,7,-92
235
4839687,2,-81
4839687,3,-91
4839687,4,-91
4839687,5,-87
4860901,2,-90
4860901,3,-91
4860901,4,-92
4860901,5,-88
4882096,2,-91
4882096,3,-89
4882096,4,-92
4882096,5,-92
4882096,6,-92
4903292,0,-92
4903292,2,-92
4903292,3,-89
4903292,4,-92
4903292,5,-91
4903292,6,-92
4903292,7,-92
4924487,0,-92
4924487,1,-92
4924487,3,-92
4924487,4,-87
4924487,5,-92
4924487,6,-92
4924487,7,-92
4945683,1,-92
4945683,3,-92
4945683,5,-92
4945683,6,-92
4966880,1,-91
4966880,3,-85
4966880,4,-90
4966880,5,-92
4966880,6,-92
4966880,7,-92
4988076,1,-89
4988076,3,-89
4988076,4,-92
4988076,7,-92
5009272,1,-92
5009272,3,-91
5009272,4,-92
5009272,6,-92
5009272,7,-92
5030468,1,-92
5030468,2,-91
5030468,3,-92
5030468,5,-92
5051666,2,-88
5051666,3,-90
5051666,5,-92
5051666,6,-92
5072863,1,-92
5072863,2,-92
5072863,3,-91
5072863,6,-84
5094061,1,-92
5094061,2,-92
5094061,5,-85
5094061,6,-88
5115258,1,-92
5115258,2,-91
5115258,5,-92
5115258,6,-89
5136453,1,-92
5136453,2,-91
5136453,4,-92
5136453,5,-92
5136453,6,-90
5157647,1,-92
5157647,2,-92
5157647,4,-91
5157647,5,-92
5157647,6,-92
5157647,7,-92
5178844,1,-92
5178844,2,-87
5178844,5,-92
234
5178878,6,-89
5200090,1,-92
5200090,2,-92
5200090,6,-90
5221286,1,-92
5221286,2,-92
5221286,4,-92
5221286,5,-92
5242482,2,-92
5242482,4,-92
5242482,5,-91
5242482,6,-92
5242482,8,-92
5263678,2,-92
5263678,3,-92
5263678,5,-91
5263678,6,-92
5263678,7,-92
5284874,1,-92
5284874,3,-92
5284874,4,-92
5284874,6,-91
5284874,7,-92
5306071,1,-92
5306071,4,-92
5306071,5,-92
5306071,7,-92
5327267,1,-92
5327267,6,-88
5327267,7,-92
5327267,8,-92
5348462,1,-92
5348462,4,-92
5348462,6,-92
5348462,7,-92
5348462,8,-92
5369658,1,-92
5369658,4,-92
5369658,7,-92
5369658,8,-88
5390854,1,-92
5390854,2,-92
5390854,4,-92
5390854,6,-92
5390854,8,-92
5412051,5,-92
5412051,7,-87
5412051,8,-92
5433249,7,-92
5433249,8,-92
5454446,1,-92
5454446,6,-92
5454446,8,-92
5475642,1,-92
5475642,5,-92
5475642,6,-92
5475642,7,-92
5475642,8,-92
5496839,1,-92
5496839,4,-92
5496839,5,-92
5496839,8,-92
5518036,1,-92
5518036,3,-92
5518036,5,-92
5518036,8,-92
5539235,5,-92
5560432,0,-91
5560432,5,-92
5560432,6,-92
5581630,0,-91
5581630,4,-92
5581630,5,-91
5581630,8,-92
5602826,0,-92
5602826,1,-91
5602826,4,-92
5602826,5,-87
5602826,8,-92
5624022,0,-92
233
5624056,4,-92
5624056,5,-92
5624056,7,-92
5645267,0,-92
5645267,3,-92
5645267,4,-89
5645267,5,-91
5645267,7,-92
5645267,8,-92
5666465,2,-90
5666465,4,-92
5666465,8,-92
5687662,2,-92
5687662,4,-92
5687662,7,-92
5687662,8,-92
5708857,0,-92
5708857,2,-92
5708857,5,-92
5708857,7,-92
5708857,8,-92
5730054,2,-92
5730054,4,-92
5730054,5,-91
5730054,7,-92
5730054,8,-92
5751250,0,-92
5751250,2,-92
5751250,4,-92
5751250,5,-92
5751250,8,-92
5772447,2,-90
5772447,4,-92
5772447,5,-92
5772447,8,-92
5793647,2,-92
5793647,4,-92
5793647,5,-87
5793647,8,-91
5814845,2,-90
5814845,5,-91
5814845,7,-92
5814845,8,-92
5836044,2,-92
5836044,5,-92
5836044,8,-92
5857240,0,-92
5857240,2,-92
5857240,5,-91
5857240,6,-92
5857240,8,-92
5878440,0,-89
5878440,2,-92
5878440,5,-91
5878440,8,-92
5899638,5,-90
5899638,6,-91
5899638,8,-92
5920835,2,-92
5920835,5,-91
5920835,6,-92
5920835,8,-89
5942030,2,-92
5942030,4,-92
5942030,5,-92
5942030,6,-92
5942030,7,-92
5963227,5,-92
5963227,6,-92
5963227,8,-92
5984423,2,-92
5984423,4,-92
5984423,7,-92
5984423,8,-92
6005620,2,-91
6005620,5,-92
6005620,6,-92
6005620,7,-92
6026819,2,-92
6026819,5,-92
232
6048052,2,-92
6048052,4,-86
6048052,5,-92
6048052,6,-89
6048052,7,-89
6069266,2,-91
6069266,4,-92
6069266,6,-92
6069266,7,-83
6090462,2,-92
6090462,4,-92
6090462,5,-92
6090462,7,-92
6111659,2,-89
6111659,4,-91
6111659,5,-92
6111659,6,-92
6111659,7,-92
6132857,2,-92
6132857,5,-92
6132857,7,-92
6154054,2,-87
6154054,4,-92
6154054,5,-91
6154054,6,-92
6154054,7,-90
6175248,1,-92
6175248,2,-92
6175248,3,-92
6175248,5,-92
6175248,7,-92
6175248,8,-87
6196442,0,-92
6196442,1,-92
6196442,2,-91
6196442,3,-92
6196442,4,-92
6196442,5,-92
6196442,8,-92
6217638,0,-92
6217638,1,-92
6217638,2,-91
6217638,5,-92
6217638,6,-92
6238832,0,-92
6238832,1,-92
6238832,2,-92
6238832,5,-92
6238832,6,-92
6238832,7,-92
6260029,1,-92
6260029,2,-92
6260029,5,-91
6260029,7,-91
6281224,0,-92
6281224,1,-92
6281224,2,-92
6281224,5,-91
6281224,6,-92
6281224,7,-92
6302416,0,-92
6302416,1,-92
6302416,2,-92
6302416,4,-91
6302416,5,-92
6302416,6,-92
6302416,7,-88
6302416,8,-92
6323611,1,-92
6323611,2,-87
6323611,4,-85
6323611,5,-92
6323611,6,-91
6323611,7,-92
6344807,2,-92
6344807,5,-92
6344807,6,-88
6344807,7,-92
6366003,2,-91
6366003,4,-92
231
6366037,6,-92
6366037,7,-92
6366037,8,-92
6387248,1,-92
6387248,2,-92
6387248,4,-92
6387248,5,-92
6387248,7,-92
6408445,0,-92
6408445,2,-92
6408445,5,-92
6408445,6,-89
6408445,7,-92
6429642,0,-92
6429642,2,-89
6429642,5,-92
6450838,2,-92
6450838,3,-92
6450838,4,-92
6450838,5,-92
6450838,6,-92
6472033,2,-92
6472033,4,-92
6472033,5,-91
6472033,6,-92
6472033,7,-91
6472033,8,-92
6493227,0,-92
6493227,1,-92
6493227,2,-92
6493227,4,-91
6493227,5,-90
6493227,6,-91
6493227,8,-92
6514424,2,-92
6514424,5,-92
6514424,6,-92
6514424,8,-92
6535619,0,-92
6535619,2,-91
6535619,3,-91
6535619,4,-92
6535619,5,-92
6535619,6,-91
6535619,8,-92
6556816,2,-92
6556816,5,-92
6556816,8,-88
6578014,2,-92
6578014,5,-92
6578014,8,-92
6599210,2,-92
6599210,4,-92
6599210,5,-92
6599210,8,-92
6620407,1,-92
6620407,2,-91
6620407,3,-92
6620407,4,-92
6620407,5,-91
6641605,4,-92
6641605,5,-92
6662801,0,-92
6662801,2,-92
6662801,4,-92
6662801,5,-92
6683996,0,-92
6683996,2,-92
6683996,4,-92
6683996,5,-92
6683996,6,-88
6705193,1,-92
6705193,5,-92
6705193,6,-90
6726389,0,-92
6726389,1,-92
6726389,2,-92
6726389,4,-92
6726389,5,-92
6747587,2,-92
230
6747621,5,-92
6747621,6,-92
6768831,0,-92
6768831,1,-92
6768831,2,-92
6768831,5,-92
6768831,6,-91
6790027,0,-92
6790027,1,-92
6790027,2,-90
6790027,6,-91
6811221,0,-92
6811221,3,-92
6811221,4,-92
6811221,5,-92
6811221,6,-92
6811221,8,-92
6832417,0,-89
6832417,3,-92
6832417,5,-92
6832417,6,-92
6853614,5,-92
6853614,6,-92
6853614,8,-92
6874810,0,-92
6874810,3,-92
6874810,4,-92
6874810,5,-91
6874810,6,-92
6896008,1,-92
6896008,3,-91
6896008,5,-92
6896008,6,-92
6917204,0,-91
6917204,1,-92
6917204,3,-88
6917204,4,-91
6917204,5,-91
6917204,6,-92
6917204,7,-92
6938398,0,-92
6938398,2,-92
6938398,3,-92
6938398,4,-92
6938398,5,-92
6938398,7,-92
6959594,0,-92
6959594,1,-92
6959594,2,-92
6959594,3,-89
6959594,5,-90
6959594,6,-92
6959594,8,-91
6980786,0,-92
6980786,1,-91
6980786,2,-92
6980786,3,-92
6980786,4,-92
6980786,5,-91
6980786,6,-92
6980786,7,-92
6980786,8,-92
7001980,0,-92
7001980,3,-90
7001980,4,-92
7001980,5,-91
7001980,6,-92
7001980,7,-90
7001980,8,-92
7023175,0,-92
7023175,3,-87
7023175,4,-92
7023175,6,-92
7023175,7,-92
7044370,0,-92
7044370,2,-92
7044370,3,-91
7044370,5,-92
7044370,6,-91
7044370,7,-92
229
7065601,1,-92
7065601,2,-87
7065601,3,-88
7065601,4,-90
7065601,6,-92
7086813,0,-92
7086813,2,-91
7086813,3,-92
7086813,4,-92
7086813,5,-89
7086813,7,-92
7086813,8,-92
7108009,0,-92
7108009,2,-92
7108009,3,-90
7108009,5,-87
7108009,7,-92
7129206,0,-92
7129206,3,-90
7129206,5,-86
7129206,6,-91
7129206,7,-92
7150404,3,-92
7150404,5,-92
7150404,6,-91
7150404,7,-92
7171600,0,-92
7171600,3,-85
7171600,4,-91
7171600,5,-90
7171600,6,-88
7171600,7,-92
7192796,0,-91
7192796,1,-92
7192796,3,-87
7192796,4,-91
7192796,5,-91
7192796,6,-90
7192796,7,-92
7213994,3,-90
7213994,4,-92
7235187,1,-92
7235187,3,-92
7235187,4,-92
7235187,5,-92
7235187,6,-92
7235187,7,-92
7235187,8,-92
7256380,1,-92
7256380,3,-92
7256380,4,-91
7256380,5,-92
7256380,6,-92
7256380,7,-92
7256380,8,-92
7277577,1,-92
7277577,5,-92
7277577,7,-92
7298773,0,-92
7298773,3,-89
7298773,4,-92
7298773,6,-91
7298773,7,-92
7319968,0,-92
7319968,1,-92
7319968,3,-92
7319968,5,-92
7319968,6,-92
7319968,7,-92
7319968,8,-92
7341163,0,-92
7341163,1,-92
7341163,2,-90
7341163,3,-91
7341163,4,-92
7341163,5,-91
7341163,7,-92
7362360,2,-92
7362360,3,-92
7362360,7,-92
228
7362394,8,-92
7383603,0,-88
7383603,1,-92
7383603,2,-92
7383603,3,-92
7383603,4,-92
7383603,6,-92
7383603,7,-92
7404799,2,-92
7404799,3,-92
7404799,4,-92
7404799,8,-92
7425994,0,-92
7425994,2,-92
7425994,3,-92
7425994,4,-92
7425994,5,-92
7425994,6,-92
7425994,7,-92
7447190,0,-92
7447190,2,-92
7447190,3,-92
7447190,5,-92
7447190,6,-91
7447190,7,-91
7447190,8,-92
7468385,2,-92
7468385,3,-91
7468385,4,-92
7468385,5,-90
7468385,6,-92
7468385,7,-92
7489581,0,-92
7489581,2,-89
7489581,3,-88
7489581,5,-90
7489581,6,-90
7489581,8,-92
7510774,0,-92
7510774,2,-89
7510774,3,-91
7510774,4,-92
7510774,5,-92
7510774,6,-92
7510774,7,-91
7531967,0,-92
7531967,3,-92
7531967,4,-92
7531967,5,-92
7531967,6,-92
7531967,7,-92
7531967,8,-92
7553164,0,-92
7553164,3,-92
7553164,5,-89
7553164,6,-91
7553164,7,-92
7574362,0,-92
7574362,3,-92
7574362,5,-91
7574362,8,-91
7595555,0,-92
7595555,1,-91
7595555,3,-90
7595555,4,-92
7595555,5,-92
7595555,6,-89
7595555,7,-92
7595555,8,-92
7616748,0,-92
7616748,3,-92
7616748,4,-91
7616748,5,-92
7616748,6,-87
7616748,7,-92
7616748,8,-92
7637943,0,-92
7637943,1,-91
7637943,3,-86
7637943,4,-92
227
7637977,5,-92
7637977,6,-92
7637977,7,-92
7637977,8,-92
7659186,0,-90
7659186,1,-91
7659186,3,-92
7659186,4,-90
7659186,5,-92
7659186,6,-92
7659186,7,-92
7659186,8,-92
7680384,1,-91
7680384,3,-85
7680384,4,-92
7680384,5,-91
7680384,6,-92
7680384,7,-91
7680384,8,-92
7701578,0,-91
7701578,1,-92
7701578,3,-86
7701578,4,-92
7701578,5,-92
7701578,6,-92
7701578,7,-92
7722771,0,-92
7722771,1,-92
7722771,2,-92
7722771,3,-91
7722771,4,-92
7722771,5,-91
7722771,6,-90
7722771,7,-92
7743966,0,-90
7743966,1,-91
7743966,2,-92
7743966,3,-91
7743966,5,-92
7743966,6,-92
7743966,8,-92
7765162,0,-92
7765162,2,-92
7765162,3,-92
7765162,5,-92
7765162,6,-90
7786356,0,-92
7786356,1,-91
7786356,2,-92
7786356,3,-92
7786356,4,-92
7786356,5,-92
7786356,6,-92
7786356,7,-92
7807551,0,-92
7807551,3,-91
7807551,4,-92
7807551,5,-90
7807551,6,-92
7807551,7,-92
7828749,0,-89
7828749,1,-92
7828749,4,-92
7828749,5,-92
7828749,7,-92
7849945,0,-84
7849945,1,-92
7849945,3,-92
7849945,4,-92
7849945,5,-92
7849945,6,-92
7849945,7,-92
7871139,0,-81
7871139,1,-92
7871139,3,-91
7871139,5,-92
7871139,6,-92
7871139,7,-92
7871139,8,-92
7892333,0,-92
226
7892367,1,-92
7892367,4,-92
7892367,5,-92
7892367,6,-92
7892367,7,-92
7913577,0,-92
7913577,1,-92
7913577,3,-83
7913577,4,-92
7913577,5,-92
7913577,7,-92
7934771,0,-92
7934771,1,-92
7934771,3,-92
7934771,4,-92
7934771,5,-92
7934771,6,-92
7934771,7,-92
7934771,8,-91
7955966,0,-92
7955966,1,-92
7955966,3,-92
7955966,5,-92
7955966,6,-92
7955966,7,-92
7955966,8,-92
7977161,0,-91
7977161,1,-92
7977161,3,-92
7977161,5,-92
7977161,6,-91
7977161,7,-91
7977161,8,-92
7998354,0,-92
7998354,1,-92
7998354,3,-90
7998354,4,-92
7998354,6,-92
7998354,7,-89
7998354,8,-92
8019550,0,-91
8019550,1,-92
8019550,3,-91
8019550,4,-92
8019550,6,-92
8019550,7,-91
8019550,8,-91
8040745,0,-86
8040745,1,-92
8040745,3,-90
8040745,4,-92
8040745,7,-91
8040745,8,-92
8061941,0,-92
8061941,1,-92
8061941,3,-92
8061941,5,-91
8061941,7,-90
8083135,0,-91
8083135,1,-92
8083135,3,-92
8083135,4,-92
8083135,5,-92
8083135,6,-92
8083135,7,-91
8104332,0,-85
8104332,1,-92
8104332,3,-89
8104332,5,-92
8104332,6,-92
8104332,7,-91
8125526,0,-77
8125526,1,-91
8125526,3,-92
8125526,4,-92
8125526,5,-92
8125526,6,-92
8125526,7,-92
8146723,1,-91
8146723,3,-83
225
8146757,5,-92
8146757,6,-92
8167967,0,-88
8167967,1,-91
8167967,2,-90
8167967,3,-85
8167967,4,-92
8167967,5,-92
8167967,6,-92
8167967,7,-88
8167967,8,-92
8189160,0,-92
8189160,1,-92
8189160,2,-92
8189160,3,-83
8189160,4,-91
8189160,5,-92
8189160,6,-92
8189160,7,-85
8189160,8,-92
8210354,0,-92
8210354,1,-91
8210354,2,-87
8210354,3,-84
8210354,4,-92
8210354,5,-92
8210354,6,-92
8210354,7,-87
8210354,8,-92
8231552,0,-92
8231552,1,-92
8231552,3,-87
8231552,6,-92
8231552,7,-91
8252747,0,-91
8252747,1,-92
8252747,3,-87
8252747,4,-92
8252747,5,-92
8252747,6,-90
8252747,7,-92
8273944,0,-87
8273944,3,-84
8273944,5,-92
8273944,7,-92
8295139,0,-88
8295139,1,-92
8295139,3,-80
8295139,5,-92
8295139,7,-92
8295139,8,-92
8316334,0,-80
8316334,1,-92
8316334,3,-78
8316334,4,-92
8316334,5,-92
8316334,7,-92
8337529,0,-92
8337529,1,-92
8337529,3,-84
8337529,5,-92
8337529,6,-92
8358725,0,-88
8358725,1,-92
8358725,3,-82
8358725,4,-92
8358725,5,-92
8358725,8,-92
8379921,0,-75
8379921,1,-91
8379921,3,-87
8379921,4,-92
8379921,5,-92
8379921,6,-92
8401117,0,-75
8401117,1,-90
8401117,3,-80
8401117,5,-92
8401117,6,-92
8422316,0,-83
224
8422350,3,-80
8422350,5,-92
8422350,6,-91
8443563,0,-92
8443563,5,-92
8443563,6,-92
8443563,8,-92
8464755,1,-92
8464755,2,-92
8464755,3,-92
8464755,4,-92
8464755,5,-92
8464755,6,-92
8464755,7,-88
8464755,8,-91
8485949,0,-90
8485949,1,-92
8485949,2,-86
8485949,3,-92
8485949,4,-92
8485949,5,-92
8485949,7,-86
8485949,8,-92
8507145,0,-92
8507145,2,-74
8507145,6,-92
8507145,7,-90
8507145,8,-91
8528341,1,-92
8528341,2,-92
8528341,3,-92
8528341,5,-92
8528341,6,-92
8528341,7,-89
8549534,0,-91
8549534,1,-92
8549534,2,-88
8549534,3,-92
8549534,4,-92
8549534,5,-92
8549534,6,-92
8549534,7,-89
8570729,0,-92
8570729,2,-90
8570729,3,-92
8570729,5,-92
8570729,6,-91
8570729,7,-89
8591924,2,-92
8591924,4,-92
8591924,5,-92
8591924,6,-92
8591924,7,-90
8613121,2,-92
8613121,3,-92
8613121,7,-90
8634318,2,-92
8634318,3,-91
8634318,7,-92
8655517,7,-92
8676716,7,-92
8697916,7,-92
8719115,7,-92
8740314,7,-92
8761513,7,-92
8782712,7,-92
8803911,7,-92
8825110,7,-92
8846309,7,-92
8867507,2,-92
8867507,7,-92
8888705,2,-92
8888705,7,-91
8909904,2,-91
8909904,7,-92
8931102,2,-92
8931102,7,-92
8952301,7,-92
8973500,7,-92
8994698,2,-92
223
8994732,7,-92
9015945,2,-92
9015945,7,-92
9037144,7,-92
9058339,1,-92
9058339,2,-92
9058339,3,-92
9058339,7,-92
9058339,8,-92
9079536,1,-92
9079536,2,-92
9079536,7,-92
9100733,1,-92
9100733,3,-92
9100733,7,-92
9121930,1,-92
9121930,3,-91
9121930,7,-92
9143127,1,-92
9143127,3,-92
9143127,6,-92
9164323,1,-92
9164323,2,-92
9164323,3,-92
9164323,4,-92
9185518,1,-92
9185518,2,-92
9185518,3,-92
9185518,6,-92
9185518,7,-92
9206715,3,-92
9206715,6,-92
9206715,7,-92
9227913,2,-92
9227913,3,-92
9249109,2,-92
9249109,3,-92
9249109,5,-92
9249109,6,-92
9270305,2,-92
9270305,3,-92
9270305,6,-92
9270305,7,-92
9291501,1,-92
9291501,2,-92
9291501,3,-92
9291501,6,-92
9291501,7,-92
9312697,1,-92
9312697,2,-92
9312697,3,-92
9312697,7,-92
9333895,2,-92
9333895,3,-92
9333895,7,-90
9355091,1,-92
9355091,2,-92
9355091,3,-92
9355091,5,-92
9355091,7,-91
9376288,2,-92
9376288,3,-92
9376288,5,-92
9376288,7,-92
9397484,2,-92
9397484,3,-92
9397484,5,-92
9397484,7,-92
9418682,2,-92
9418682,5,-92
9418682,7,-92
9439880,1,-92
9439880,3,-92
9461079,3,-92
9461079,7,-90
9482275,2,-92
9482275,3,-92
9482275,5,-92
9482275,7,-92
9503472,1,-92
222
9503506,3,-92
9503506,7,-92
9524716,1,-92
9524716,2,-92
9524716,3,-92
9524716,5,-92
9524716,7,-92
9545914,2,-92
9545914,3,-92
9545914,7,-92
9567112,3,-92
9567112,5,-92
9567112,7,-92
9588309,2,-92
9588309,3,-92
9588309,5,-92
9588309,7,-92
9609506,2,-92
9609506,3,-92
9609506,5,-92
9630704,1,-92
9630704,7,-92
9651901,2,-92
9651901,3,-92
9651901,7,-92
9673098,2,-92
9673098,3,-92
9673098,5,-92
9694295,2,-92
9694295,3,-92
9694295,5,-92
9715492,1,-92
9715492,2,-92
9715492,3,-92
9736690,1,-92
9736690,3,-92
9757888,2,-92
9757888,3,-92
9779086,1,-92
9779086,3,-92
9800285,3,-92
9821484,3,-92
9842682,2,-92
9842682,3,-92
9863881,3,-92
9885080,3,-92
9906279,3,-92
9927477,2,-92
9927477,3,-92
9948675,2,-92
9948675,3,-92
9969873,2,-92
9969873,3,-92
9991070,1,-92
9991070,2,-92
9991070,3,-92
10012268,2,-92
10012268,3,-92
10033465,1,-92
10033465,2,-92
10033465,3,-92
10054663,1,-92
10054663,3,-92
10075861,2,-92
10075861,3,-92
10097059,2,-92
10097059,3,-92
10118257,2,-92
10118257,3,-92
10139455,2,-92
10139455,3,-92
10160653,1,-92
10160653,3,-92
10181851,2,-92
10181851,3,-92
10203048,1,-92
10203048,2,-92
10203048,3,-92
10224245,1,-92
10224245,2,-92
221
10224280,3,-92
10245493,2,-92
10245493,3,-92
10266692,2,-92
10287890,2,-92
10287890,3,-92
10309087,1,-92
10309087,2,-92
10309087,3,-92
10330284,1,-92
10330284,2,-92
10330284,3,-92
10351483,2,-92
10372682,2,-92
10393879,1,-92
10393879,2,-92
10393879,3,-92
10415076,1,-92
10415076,2,-92
10415076,3,-92
10436274,2,-92
10436274,3,-92
10457472,2,-92
10457472,3,-92
10478670,2,-92
10478670,3,-92
10499867,1,-92
10499867,2,-92
10499867,3,-92
10521065,2,-92
10521065,3,-92
10542264,2,-92
10563462,1,-92
10563462,3,-92
10584660,1,-92
10584660,3,-92
10605857,1,-92
10605857,2,-92
10605857,3,-92
10627055,2,-92
10627055,3,-92
10648252,1,-92
10648252,2,-92
10648252,3,-92
10669450,2,-92
10669450,3,-92
10690647,1,-92
10690647,2,-92
10690647,3,-92
10711845,2,-92
10711845,3,-92
10733044,3,-92
10754242,2,-92
10754242,3,-92
10775440,2,-92
10775440,3,-92
10796637,1,-92
10796637,2,-92
10796637,3,-92
10817834,1,-92
10817834,2,-92
10817834,3,-92
10839032,1,-92
10839032,3,-92
10860230,2,-92
10860230,3,-92
10881429,3,-92
10902627,2,-92
10902627,3,-92
10923825,3,-92
10923825,5,-92
10945024,3,-92
10966221,3,-92
10966221,5,-92
10966221,6,-92
10987417,2,-92
10987417,3,-92
10987417,6,-92
10987417,8,-92
11008614,2,-92
220
11008648,3,-92
11008648,5,-92
11029859,0,-92
11029859,2,-92
11029859,3,-92
11029859,6,-92
11051056,2,-92
11051056,3,-92
11051056,4,-92
11072252,1,-92
11072252,2,-89
11072252,3,-92
11072252,6,-92
11072252,7,-91
11093450,2,-89
11093450,3,-92
11093450,7,-92
11114647,2,-91
11114647,3,-92
11114647,7,-92
11135844,2,-92
11135844,3,-92
11135844,7,-92
11157042,2,-92
11157042,3,-92
11178242,3,-89
11178242,7,-91
11199441,3,-88
11199441,7,-90
11220639,3,-90
11220639,7,-92
11241838,6,-92
11284237,7,-92
11305436,8,-92
11347834,7,-92
11347834,8,-92
11369032,2,-92
11369032,7,-90
11390232,7,-92
11432631,7,-92
11475030,5,-92
11517430,7,-90
11517430,8,-92
11538630,7,-91
11559829,8,-92
11581028,0,-92
11602226,5,-92
11602226,7,-92
11665824,5,-92
11665824,8,-92
11687023,8,-92
11729422,6,-92
11771821,8,-92
11793020,5,-92
11814219,8,-92
11835417,5,-92
11835417,8,-92
11856614,4,-92
11856614,6,-91
11856614,8,-92
11877811,5,-92
11877811,6,-92
11877811,8,-92
11899009,0,-91
11899009,8,-92
11920204,1,-92
11920204,4,-92
11920204,5,-92
11920204,6,-92
11920204,8,-92
11941403,5,-91
11941403,8,-91
11962603,8,-91
11983799,3,-92
11983799,4,-87
11983799,5,-92
11983799,6,-90
11983799,8,-92
12004994,2,-92
12004994,3,-92
219
12005028,4,-92
12005028,5,-90
12005028,6,-85
12005028,8,-91
12026242,4,-92
12047439,1,-92
12047439,4,-92
12047439,5,-92
12068637,1,-88
12068637,4,-92
12068637,6,-91
12089835,1,-91
12089835,2,-92
12089835,4,-92
12111032,1,-92
12111032,4,-92
12111032,6,-92
12132227,0,-92
12132227,2,-92
12132227,4,-92
12132227,5,-86
12132227,6,-92
12153423,1,-92
12153423,4,-87
12153423,5,-92
12153423,6,-92
12174622,1,-81
12174622,4,-85
12174622,5,-92
12195819,1,-88
12195819,4,-85
12195819,6,-91
12195819,8,-88
12217015,3,-92
12217015,4,-84
12217015,6,-92
12217015,8,-91
12238212,0,-90
12238212,1,-86
12238212,4,-88
12238212,5,-90
12238212,6,-90
12238212,8,-92
12259408,0,-86
12259408,1,-90
12259408,3,-90
12259408,4,-84
12259408,6,-92
12280603,0,-92
12280603,1,-90
12280603,3,-90
12280603,4,-82
12280603,6,-92
12280603,7,-92
12280603,8,-92
12301801,1,-92
12301801,4,-86
12301801,6,-92
12322998,1,-92
12322998,3,-90
12322998,4,-79
12322998,7,-92
12344194,1,-92
12344194,2,-92
12344194,3,-91
12344194,6,-92
12365391,1,-92
12365391,3,-92
12365391,6,-92
12386589,1,-92
12386589,2,-88
12386589,4,-90
12386589,6,-92
12407786,1,-92
12407786,2,-90
12407786,3,-90
12407786,4,-86
12407786,6,-92
12428984,3,-92
12428984,4,-86
218
12429018,6,-92
12450229,0,-92
12450229,1,-92
12450229,3,-92
12450229,4,-83
12450229,6,-91
12471426,1,-92
12471426,3,-92
12471426,4,-91
12471426,6,-92
12492623,1,-92
12492623,3,-92
12492623,4,-88
12492623,6,-92
12513820,1,-92
12513820,3,-90
12513820,4,-89
12513820,6,-92
12535019,3,-86
12535019,4,-88
12556216,1,-92
12556216,3,-92
12556216,4,-90
12556216,6,-92
12577414,1,-92
12577414,3,-92
12577414,4,-84
12577414,6,-92
12598612,1,-92
12598612,3,-92
12598612,4,-90
12598612,6,-92
12619809,1,-91
12619809,3,-92
12619809,4,-92
12619809,6,-92
12619809,7,-90
12641006,1,-92
12641006,3,-91
12641006,4,-92
12641006,6,-92
12641006,7,-92
12662204,1,-92
12662204,3,-92
12662204,4,-91
12662204,6,-92
12683400,1,-91
12683400,3,-92
12683400,4,-92
12683400,6,-89
12683400,7,-92
12704599,1,-92
12725797,1,-92
12725797,3,-92
12725797,4,-85
12746993,1,-92
12746993,3,-92
12746993,4,-92
12746993,6,-92
12768189,1,-92
12768189,3,-87
12768189,4,-92
12768189,6,-92
12789385,1,-92
12789385,2,-80
12789385,3,-91
12789385,4,-92
12789385,6,-92
12810580,1,-92
12810580,2,-89
12810580,3,-92
12810580,4,-92
12810580,6,-92
12810580,8,-92
12831774,1,-92
12831774,2,-88
12831774,3,-92
12831774,4,-92
12831774,6,-92
12831774,7,-88
217
12831808,8,-92
12853018,1,-92
12853018,2,-87
12853018,3,-92
12853018,4,-92
12853018,6,-92
12853018,7,-90
12874215,1,-92
12874215,3,-92
12874215,4,-91
12874215,7,-92
12895412,1,-92
12895412,3,-92
12895412,7,-92
12916609,1,-92
12916609,3,-92
12916609,6,-92
12937806,1,-92
12937806,3,-92
12937806,4,-91
12937806,7,-88
12959001,1,-92
12959001,3,-90
12959001,4,-92
12959001,6,-92
12959001,7,-92
12980197,0,-84
12980197,1,-92
12980197,3,-92
12980197,4,-91
12980197,6,-92
13001395,1,-92
13001395,3,-92
13022592,1,-92
13022592,4,-92
13022592,6,-92
13043788,1,-92
13043788,3,-87
13043788,4,-92
13043788,6,-92
13064986,3,-89
13064986,4,-92
13064986,6,-92
13086183,3,-92
13086183,4,-90
13086183,6,-92
13086183,7,-90
13107382,3,-91
13107382,4,-92
13107382,6,-90
13128579,2,-92
13128579,3,-90
13128579,4,-92
13128579,6,-90
13149774,1,-92
13149774,2,-89
13149774,3,-90
13149774,4,-92
13149774,6,-92
13170969,1,-92
13170969,3,-85
13170969,4,-92
13170969,5,-92
13170969,6,-92
13192165,1,-92
13192165,3,-92
13192165,4,-92
13192165,5,-91
13192165,6,-91
13213361,1,-92
13213361,3,-92
13213361,4,-92
13213361,6,-92
13234558,1,-92
13234558,3,-92
13234558,4,-91
13234558,6,-92
13255755,1,-92
13255755,3,-92
13255755,4,-92
216
13255789,6,-92
13277001,1,-92
13277001,3,-90
13277001,4,-92
13277001,6,-92
13298198,1,-92
13298198,3,-92
13298198,4,-92
13319395,3,-92
13319395,4,-92
13319395,6,-92
13340591,1,-92
13340591,3,-92
13340591,4,-92
13340591,6,-92
13361787,1,-92
13361787,3,-90
13361787,4,-92
13361787,6,-92
13361787,7,-91
13382984,3,-90
13382984,4,-92
13382984,6,-92
13404180,1,-92
13404180,3,-92
13404180,4,-92
13404180,6,-91
13425378,1,-92
13425378,3,-92
13446576,3,-92
13446576,4,-92
13446576,6,-92
13467772,1,-92
13467772,3,-92
13467772,4,-92
13467772,6,-92
13488969,1,-92
13488969,3,-89
13488969,4,-92
13488969,6,-92
13510166,1,-92
13510166,3,-92
13510166,6,-92
13531365,1,-92
13531365,3,-92
13531365,4,-88
13531365,6,-92
13552562,1,-92
13552562,4,-92
13552562,6,-91
13573759,1,-91
13573759,3,-92
13573759,6,-90
13594956,1,-92
13594956,3,-92
13594956,4,-92
13616153,1,-92
13616153,3,-91
13616153,4,-92
13616153,6,-92
13637350,3,-92
13637350,4,-92
13637350,6,-92
13658548,3,-92
13658548,6,-92
13679745,3,-92
13679745,4,-92
13679745,6,-92
13700941,1,-92
13700941,3,-92
13700941,4,-92
13700941,6,-92
13722137,1,-92
13722137,3,-91
13722137,4,-92
13722137,6,-90
13743333,1,-92
13743333,3,-92
13743333,4,-91
13743333,6,-91
215
13764565,3,-92
13764565,4,-92
13764565,6,-89
13785777,1,-91
13785777,3,-91
13785777,6,-92
13806974,3,-89
13806974,4,-92
13806974,6,-91
13828170,1,-92
13828170,3,-91
13828170,4,-89
13828170,6,-92
13849368,1,-92
13849368,3,-92
13849368,4,-92
13849368,6,-92
13870566,1,-92
13870566,3,-92
13870566,4,-92
13870566,6,-92
13891762,1,-92
13891762,3,-92
13891762,4,-91
13891762,6,-92
13912959,1,-92
13912959,3,-92
13912959,4,-92
13912959,6,-92
13934156,1,-92
13934156,3,-92
13934156,4,-92
13934156,6,-92
13955355,1,-89
13955355,3,-92
13955355,6,-92
13976551,1,-92
13976551,3,-92
13976551,4,-92
13976551,6,-92
13997749,3,-92
13997749,4,-92
14018945,1,-92
14018945,3,-92
14018945,4,-92
14018945,6,-92
14040141,1,-92
14040141,3,-92
14040141,4,-91
14040141,6,-92
14061337,1,-92
14061337,3,-92
14061337,4,-91
14061337,6,-92
14082536,3,-92
14103734,3,-92
14103734,4,-92
14124932,3,-91
14124932,4,-92
14124932,6,-92
14146130,1,-92
14146130,3,-91
14167329,4,-92
14188527,3,-92
14188527,4,-92
14209725,3,-92
14209725,4,-92
14230923,3,-91
14230923,4,-92
14252122,3,-92
14252122,4,-91
14273319,3,-92
14273319,4,-92
14273319,6,-91
14294516,3,-90
14294516,4,-91
14294516,6,-92
14315715,3,-88
14315715,4,-92
14315715,6,-92
214