250
297962,0,-95
297962,1,-94
297962,2,-86
319158,0,-94
319158,1,-94
319158,2,-85
319158,3,-88
319158,4,-95
319158,5,-88
319158,6,-94
319158,7,-95
340352,0,-93
340352,1,-93
340352,2,-86
340352,3,-86
340352,5,-85
340352,6,-93
340352,7,-95
340352,8,-88
361547,0,-90
361547,1,-95
361547,2,-88
361547,3,-84
361547,5,-86
361547,6,-92
361547,7,-95
361547,8,-89
382741,0,-93
382741,1,-95
382741,2,-95
382741,3,-95
382741,5,-95
382741,6,-95
382741,7,-95
382741,8,-93
403936,0,-93
403936,1,-95
403936,2,-94
403936,3,-95
403936,5,-95
403936,6,-95
403936,8,-94
425132,0,-93
425132,1,-95
425132,2,-95
425132,3,-95
425132,5,-95
425132,8,-93
446325,0,-95
446325,1,-95
446325,2,-95
446325,4,-95
446325,6,-95
446325,7,-95
446325,8,-95
467518,0,-95
467518,2,-95
467518,4,-95
467518,5,-94
467518,6,-95
467518,7,-95
467518,8,-95
488713,0,-94
488713,5,-94
488713,6,-95
488713,7,-95
488713,8,-95
509907,0,-95
509907,2,-95
509907,3,-95
509907,5,-90
509907,6,-95
509907,7,-95
509907,8,-95
531100,0,-95
531100,2,-94
531100,3,-95
531100,4,-95
531100,5,-95
531100,6,-95
249
531134,8,-94
552345,0,-95
552345,2,-95
552345,3,-95
552345,4,-95
552345,6,-92
552345,8,-93
573540,0,-95
573540,2,-93
573540,4,-95
573540,6,-95
573540,7,-95
573540,8,-95
594735,0,-95
594735,2,-93
594735,3,-95
594735,5,-95
594735,6,-95
594735,7,-95
594735,8,-95
615930,0,-95
615930,3,-95
615930,5,-95
615930,6,-95
615930,7,-95
637126,0,-90
637126,2,-93
637126,6,-95
637126,7,-95
637126,8,-95
658320,0,-95
658320,2,-94
658320,3,-95
658320,5,-95
658320,6,-94
658320,7,-95
658320,8,-95
679514,0,-94
679514,1,-95
679514,2,-93
679514,3,-95
679514,5,-95
679514,6,-95
679514,7,-95
679514,8,-95
700709,0,-95
700709,1,-95
700709,2,-95
700709,5,-95
700709,6,-95
721905,0,-95
721905,1,-95
721905,2,-95
721905,5,-95
743101,0,-95
743101,1,-95
743101,2,-95
743101,7,-95
764298,0,-95
764298,2,-93
764298,5,-95
785493,0,-95
785493,1,-95
785493,2,-94
785493,5,-94
785493,7,-95
806688,0,-95
806688,1,-95
806688,2,-95
806688,5,-95
806688,7,-95
827884,0,-95
827884,2,-94
827884,5,-94
827884,7,-95
849078,0,-95
849078,1,-95
849078,2,-95
849078,4,-95
849078,5,-95
248
849112,7,-95
870324,0,-95
870324,2,-95
870324,5,-95
870324,7,-95
891519,0,-95
891519,1,-95
891519,2,-93
891519,5,-95
891519,7,-95
912717,0,-95
912717,1,-95
912717,2,-92
912717,5,-94
933915,0,-95
933915,2,-94
933915,5,-94
955110,0,-94
955110,1,-95
955110,2,-95
955110,5,-95
955110,7,-95
976309,0,-95
997504,0,-95
997504,1,-95
997504,2,-94
997504,5,-95
997504,7,-95
1018699,0,-95
1018699,1,-95
1018699,2,-95
1018699,5,-95
1018699,7,-95
1039893,0,-95
1039893,1,-95
1039893,2,-94
1039893,5,-95
1039893,6,-95
1039893,7,-95
1061090,0,-95
1061090,2,-93
1061090,5,-95
1082285,0,-95
1082285,1,-95
1082285,2,-94
1082285,5,-94
1082285,7,-95
1103480,0,-95
1103480,1,-95
1103480,2,-94
1103480,5,-94
1103480,7,-95
1124676,0,-95
1124676,1,-95
1124676,2,-94
1124676,5,-94
1124676,7,-95
1145874,0,-95
1145874,2,-94
1145874,5,-94
1145874,7,-95
1167069,0,-95
1167069,1,-95
1167069,2,-93
1167069,5,-94
1167069,7,-95
1188264,0,-95
1188264,1,-95
1188264,2,-94
1188264,5,-94
1188264,7,-95
1209461,0,-95
1209461,2,-92
1209461,7,-95
1230659,0,-95
1230659,2,-94
1251854,0,-95
1251854,1,-95
1251854,2,-95
1251854,5,-95
247
1251888,7,-95
1273100,0,-95
1273100,1,-95
1273100,2,-94
1273100,5,-94
1294296,0,-95
1294296,1,-95
1294296,2,-94
1294296,5,-94
1315493,0,-95
1315493,1,-95
1315493,2,-94
1315493,5,-94
1315493,7,-95
1336690,0,-95
1336690,1,-95
1336690,2,-94
1336690,5,-95
1357887,0,-95
1357887,2,-94
1357887,5,-94
1357887,7,-95
1379083,0,-95
1379083,1,-95
1379083,2,-94
1379083,5,-94
1379083,7,-95
1400278,0,-95
1400278,1,-95
1400278,2,-94
1400278,5,-95
1400278,7,-95
1421474,0,-95
1421474,2,-94
1421474,5,-94
1421474,7,-95
1442670,0,-95
1442670,1,-95
1442670,5,-95
1442670,7,-95
1463866,0,-95
1463866,1,-95
1463866,2,-93
1463866,5,-94
1485061,0,-95
1485061,1,-95
1485061,2,-92
1485061,5,-94
1485061,7,-95
1506256,0,-95
1506256,1,-95
1506256,2,-94
1506256,5,-94
1506256,7,-95
1527452,0,-95
1527452,1,-95
1527452,2,-94
1527452,5,-95
1548648,0,-95
1548648,1,-95
1548648,2,-94
1548648,5,-94
1548648,7,-95
1569845,0,-95
1569845,2,-94
1569845,5,-95
1591040,0,-95
1591040,1,-95
1591040,2,-94
1591040,5,-94
1591040,7,-95
1612236,0,-95
1612236,1,-95
1612236,2,-94
1612236,5,-94
1612236,7,-95
1633433,2,-95
1633433,5,-90
1633433,7,-95
1654629,0,-95
246
1654663,2,-94
1654663,5,-93
1654663,7,-95
1675874,0,-95
1675874,1,-95
1675874,2,-94
1675874,5,-94
1675874,7,-95
1697069,0,-95
1697069,1,-95
1697069,2,-93
1697069,5,-94
1697069,7,-95
1718265,0,-95
1718265,1,-95
1718265,2,-94
1718265,5,-94
1718265,7,-95
1739461,0,-95
1739461,1,-95
1739461,2,-95
1739461,5,-95
1739461,7,-95
1760658,0,-95
1760658,1,-95
1760658,7,-95
1781853,0,-95
1781853,1,-95
1781853,2,-94
1781853,5,-94
1781853,7,-95
1803048,0,-95
1803048,1,-95
1803048,2,-94
1803048,5,-95
1803048,7,-95
1824244,0,-95
1824244,1,-95
1824244,2,-94
1824244,5,-95
1824244,7,-95
1845441,0,-95
1845441,2,-94
1845441,5,-94
1845441,7,-95
1866638,0,-95
1866638,2,-95
1866638,5,-94
1887833,0,-95
1887833,1,-95
1887833,2,-93
1887833,5,-94
1887833,7,-95
1909029,0,-95
1909029,1,-95
1909029,2,-94
1909029,5,-94
1909029,7,-95
1930226,0,-95
1930226,2,-93
1930226,5,-94
1930226,7,-95
1951421,0,-95
1951421,1,-95
1951421,2,-93
1951421,5,-94
1951421,7,-95
1972616,0,-95
1972616,1,-95
1972616,2,-94
1972616,5,-94
1972616,7,-95
1993811,0,-95
1993811,1,-95
1993811,2,-95
1993811,5,-94
1993811,7,-95
2015007,0,-95
2015007,1,-95
2015007,2,-93
245
2015042,5,-94
2015042,7,-95
2036252,0,-95
2036252,1,-95
2036252,2,-94
2036252,5,-94
2036252,7,-95
2057448,0,-95
2057448,2,-93
2057448,5,-94
2057448,7,-95
2078646,0,-95
2078646,5,-94
2099842,0,-95
2099842,1,-95
2099842,2,-93
2099842,5,-93
2121037,0,-95
2121037,1,-95
2121037,2,-93
2121037,5,-93
2121037,7,-95
2142233,0,-95
2142233,1,-95
2142233,2,-93
2142233,5,-94
2163431,0,-95
2163431,2,-93
2163431,5,-94
2184627,0,-95
2184627,1,-95
2184627,2,-94
2184627,5,-93
2205823,0,-95
2205823,1,-95
2205823,2,-94
2205823,5,-94
2205823,7,-95
2227019,0,-95
2227019,1,-95
2227019,2,-93
2227019,5,-95
2248216,0,-95
2248216,1,-95
2248216,2,-93
2248216,5,-94
2269412,0,-95
2269412,1,-95
2269412,2,-93
2269412,5,-93
2269412,7,-95
2290607,0,-95
2290607,1,-95
2290607,2,-93
2290607,5,-94
2290607,7,-95
2311804,0,-95
2311804,2,-93
2311804,5,-94
2333000,0,-95
2333000,2,-93
2333000,5,-95
2333000,7,-95
2354196,0,-95
2354196,2,-93
2354196,5,-94
2354196,7,-95
2375391,0,-95
2375391,1,-95
2375391,2,-94
2375391,5,-95
2375391,7,-95
2396588,0,-95
2396588,1,-95
2396588,2,-94
2396588,5,-94
2417784,0,-95
2417784,1,-95
2417784,2,-94
2417784,5,-94
244
2439014,0,-95
2439014,1,-95
2439014,2,-95
2439014,5,-94
2460226,0,-95
2460226,2,-95
2460226,5,-95
2460226,7,-95
2481421,0,-95
2481421,1,-95
2481421,2,-95
2481421,5,-95
2481421,7,-95
2502617,0,-95
2502617,2,-94
2502617,5,-94
2502617,7,-95
2523814,0,-95
2523814,1,-95
2523814,2,-95
2545010,0,-95
2545010,1,-95
2545010,2,-94
2545010,5,-95
2566206,0,-95
2566206,1,-95
2566206,2,-94
2566206,5,-95
2587403,0,-95
2587403,1,-95
2587403,2,-95
2608602,5,-95
2629798,0,-95
2629798,2,-95
2629798,5,-95
2629798,7,-95
2650995,0,-95
2650995,1,-95
2650995,2,-93
2650995,5,-94
2672191,0,-95
2672191,1,-95
2672191,2,-95
2672191,5,-95
2693386,0,-95
2693386,1,-95
2693386,2,-95
2693386,3,-95
2693386,5,-94
2693386,7,-95
2714584,0,-95
2714584,2,-94
2714584,5,-95
2735780,0,-95
2735780,2,-95
2735780,5,-93
2735780,7,-95
2756976,0,-95
2756976,2,-91
2756976,5,-95
2756976,7,-95
2778171,0,-95
2778171,2,-93
2778171,3,-95
2778171,5,-94
2778171,7,-95
2778171,8,-95
2799367,0,-95
2799367,1,-95
2799367,2,-90
2799367,4,-95
2799367,5,-94
2820565,0,-95
2820565,7,-95
2841762,0,-95
2841762,5,-95
2841762,7,-95
2862959,0,-95
2862959,2,-86
2862959,5,-95
243
2862993,7,-95
2884204,0,-95
2884204,1,-95
2884204,5,-95
2884204,7,-95
2905400,0,-95
2905400,1,-95
2905400,5,-95
2905400,6,-95
2926595,0,-95
2926595,1,-95
2926595,2,-95
2926595,5,-94
2926595,8,-95
2947793,0,-95
2947793,1,-95
2947793,5,-95
2968992,0,-95
2968992,5,-91
2990189,0,-95
2990189,2,-94
2990189,7,-95
3011387,0,-95
3011387,1,-95
3032584,0,-95
3032584,1,-93
3032584,3,-95
3032584,7,-95
3053779,0,-95
3053779,2,-95
3053779,3,-95
3053779,7,-95
3053779,8,-95
3074975,1,-95
3074975,2,-95
3074975,7,-95
3074975,8,-95
3096172,0,-95
3096172,2,-92
3096172,5,-93
3096172,6,-95
3096172,7,-95
3117369,0,-95
3117369,5,-95
3117369,7,-95
3138565,0,-95
3138565,3,-95
3138565,5,-90
3138565,7,-95
3138565,8,-95
3159762,0,-94
3159762,2,-95
3159762,3,-95
3159762,8,-95
3180961,0,-95
3202160,0,-95
3202160,5,-92
3223358,5,-92
3223358,7,-95
3223358,8,-95
3244554,0,-95
3244554,4,-94
3244554,5,-95
3244554,7,-95
3265752,0,-95
3265752,4,-94
3265752,5,-88
3286950,0,-95
3286950,4,-94
3308149,3,-95
3329348,0,-92
3350547,8,-95
3371742,3,-95
3371742,4,-90
3371742,6,-95
3371742,7,-95
3371742,8,-95
3392938,2,-94
3392938,3,-95
3392938,4,-94
242
3392973,7,-95
3392973,8,-95
3414185,2,-94
3414185,3,-95
3414185,4,-95
3414185,8,-95
3435384,0,-95
3435384,3,-90
3435384,4,-88
3456581,0,-94
3456581,3,-95
3456581,4,-95
3456581,5,-87
3456581,7,-95
3477778,0,-93
3477778,3,-93
3477778,4,-91
3477778,5,-93
3477778,6,-95
3477778,8,-94
3498974,3,-95
3498974,4,-94
3498974,5,-94
3498974,6,-95
3498974,7,-95
3498974,8,-95
3520171,3,-95
3520171,4,-95
3520171,5,-84
3520171,8,-95
3541369,3,-95
3541369,4,-94
3541369,5,-95
3562566,4,-90
3562566,5,-95
3562566,7,-95
3562566,8,-95
3583764,4,-92
3583764,5,-95
3583764,7,-95
3583764,8,-94
3604962,3,-95
3604962,4,-93
3604962,5,-93
3626161,3,-95
3626161,4,-94
3626161,5,-94
3647360,3,-95
3647360,4,-92
3647360,5,-93
3668558,3,-95
3668558,4,-91
3668558,5,-92
3668558,7,-95
3689758,3,-95
3689758,4,-93
3689758,5,-93
3710956,3,-95
3710956,4,-82
3710956,5,-93
3710956,7,-95
3732154,3,-91
3732154,4,-93
3732154,5,-86
3732154,7,-95
3753354,3,-91
3753354,4,-91
3753354,5,-80
3774551,3,-95
3774551,4,-92
3774551,5,-89
3774551,7,-95
3795751,3,-94
3795751,4,-93
3795751,5,-77
3816949,3,-91
3816949,4,-95
3816949,5,-92
3816949,6,-95
3838144,3,-95
241
3838178,4,-93
3838178,5,-94
3838178,6,-95
3838178,7,-95
3838178,8,-95
3859391,3,-85
3859391,4,-95
3859391,7,-95
3880591,3,-85
3901790,3,-89
3901790,4,-81
3901790,5,-95
3901790,7,-93
3922989,3,-76
3922989,4,-89
3922989,5,-94
3922989,7,-89
3944188,3,-88
3944188,5,-89
3944188,7,-91
3965387,3,-95
3965387,5,-85
3965387,7,-90
3986583,3,-95
3986583,5,-95
3986583,6,-95
3986583,7,-95
4007779,3,-95
4007779,5,-91
4007779,6,-95
4007779,7,-95
4028976,3,-95
4028976,6,-95
4028976,7,-95
4050173,3,-95
4050173,5,-95
4050173,6,-95
4050173,7,-93
4071370,3,-95
4071370,5,-95
4071370,7,-95
4092566,3,-95
4092566,5,-95
4092566,6,-95
4092566,7,-95
4113763,5,-94
4113763,6,-95
4113763,7,-95
4134960,0,-95
4134960,3,-95
4134960,5,-93
4134960,7,-95
4156157,0,-91
4156157,3,-95
4156157,5,-95
4156157,6,-95
4156157,7,-89
4177355,0,-95
4177355,3,-95
4177355,5,-94
4177355,7,-92
4198551,0,-95
4198551,4,-90
4198551,5,-95
4198551,6,-95
4198551,7,-95
4219746,1,-93
4219746,3,-94
4219746,4,-95
4219746,5,-95
4219746,6,-95
4219746,7,-92
4240942,0,-95
4240942,1,-93
4240942,3,-94
4240942,4,-93
4240942,5,-93
4240942,7,-92
4262140,0,-95
4262140,3,-90
240
4262174,4,-93
4262174,5,-89
4262174,7,-92
4283384,0,-94
4283384,1,-95
4283384,3,-95
4283384,4,-94
4283384,5,-88
4283384,7,-95
4304581,0,-94
4304581,3,-94
4304581,4,-95
4304581,5,-95
4304581,7,-95
4325778,0,-95
4325778,3,-94
4325778,4,-95
4325778,5,-88
4325778,7,-94
4346975,0,-94
4346975,3,-95
4346975,4,-94
4346975,5,-94
4346975,6,-95
4346975,7,-92
4368173,0,-95
4368173,3,-89
4368173,5,-95
4389373,0,-95
4389373,3,-91
4389373,5,-89
4389373,7,-95
4410572,0,-95
4410572,2,-95
4410572,3,-84
4410572,4,-95
4410572,5,-90
4410572,7,-90
4410572,8,-91
4431770,0,-95
4431770,2,-95
4431770,3,-83
4431770,4,-95
4431770,5,-94
4431770,7,-93
4431770,8,-93
4452967,0,-95
4452967,3,-91
4452967,4,-93
4452967,5,-95
4452967,7,-93
4474164,0,-93
4474164,2,-95
4474164,3,-94
4474164,4,-95
4474164,5,-95
4474164,7,-93
4495362,0,-90
4495362,3,-92
4495362,4,-95
4495362,5,-90
4495362,7,-95
4516559,0,-93
4516559,2,-95
4516559,3,-88
4516559,4,-95
4516559,5,-82
4516559,7,-95
4516559,8,-95
4537756,0,-75
4537756,2,-95
4537756,3,-90
4537756,4,-95
4537756,5,-81
4537756,6,-95
4537756,8,-92
4558954,0,-73
4558954,2,-95
4558954,3,-94
4558954,5,-82
239
4558988,8,-94
4580200,0,-75
4580200,2,-95
4580200,3,-94
4580200,4,-95
4580200,5,-80
4580200,7,-94
4580200,8,-92
4601396,0,-76
4601396,2,-95
4601396,3,-94
4601396,4,-95
4601396,5,-95
4601396,7,-91
4601396,8,-94
4622591,0,-88
4622591,2,-95
4622591,3,-94
4622591,4,-94
4622591,5,-95
4622591,6,-95
4622591,7,-95
4622591,8,-94
4643788,0,-87
4643788,2,-95
4643788,3,-93
4643788,4,-94
4643788,5,-91
4643788,6,-95
4643788,7,-92
4643788,8,-94
4664985,3,-95
4664985,5,-90
4664985,7,-95
4664985,8,-95
4686181,3,-94
4686181,5,-91
4686181,6,-95
4686181,7,-94
4686181,8,-95
4707380,3,-88
4707380,8,-95
4728577,2,-93
4728577,3,-92
4728577,5,-94
4728577,7,-93
4728577,8,-95
4749776,2,-93
4749776,3,-95
4749776,5,-89
4770975,3,-95
4770975,5,-79
4770975,6,-93
4770975,7,-89
4792173,3,-95
4792173,4,-95
4792173,5,-76
4813370,2,-95
4813370,3,-95
4813370,4,-95
4813370,5,-90
4813370,7,-93
4834567,1,-95
4834567,2,-93
4834567,3,-95
4834567,5,-80
4834567,7,-95
4855764,2,-95
4855764,3,-95
4855764,5,-95
4876962,2,-91
4876962,3,-75
4876962,5,-91
4876962,6,-92
4876962,7,-95
4898159,3,-86
4898159,4,-95
4898159,5,-87
4898159,6,-95
4898159,7,-95
238
4919390,1,-95
4919390,3,-93
4919390,5,-93
4919390,6,-89
4919390,7,-95
4940604,1,-85
4940604,5,-90
4940604,6,-94
4940604,8,-95
4961801,1,-95
4961801,3,-94
4961801,4,-93
4961801,5,-92
4961801,6,-91
4961801,8,-95
4982998,1,-95
4982998,3,-94
4982998,4,-95
4982998,5,-92
4982998,6,-90
5004194,1,-95
5004194,3,-95
5004194,5,-91
5004194,6,-95
5004194,7,-95
5025392,2,-95
5025392,3,-86
5025392,5,-91
5025392,6,-91
5025392,7,-95
5046591,2,-90
5046591,3,-87
5046591,6,-95
5067791,2,-94
5067791,5,-82
5067791,6,-94
5088988,2,-94
5088988,5,-83
5088988,6,-95
5088988,7,-95
5110187,2,-93
5110187,5,-91
5110187,6,-95
5131384,2,-94
5131384,5,-92
5131384,6,-95
5131384,7,-95
5152582,4,-95
5152582,6,-86
5152582,7,-95
5173778,2,-93
5173778,4,-95
5173778,6,-92
5173778,7,-95
5194973,1,-95
5194973,2,-94
5194973,4,-95
5194973,6,-94
5194973,7,-94
5194973,8,-95
5216169,2,-95
5216169,4,-95
5216169,5,-95
5216169,8,-95
5237367,2,-93
5237367,5,-95
5237367,7,-95
5258565,2,-93
5258565,3,-95
5258565,5,-95
5258565,6,-89
5258565,7,-91
5279761,2,-94
5279761,3,-93
5279761,4,-95
5279761,5,-95
5279761,7,-89
5279761,8,-95
5300958,2,-95
5300958,5,-95
237
5300992,7,-91
5300992,8,-95
5322204,4,-92
5322204,5,-95
5322204,7,-94
5322204,8,-95
5343400,2,-90
5343400,4,-95
5343400,5,-95
5343400,6,-95
5343400,7,-93
5343400,8,-88
5364596,2,-95
5364596,4,-93
5364596,5,-94
5364596,7,-95
5364596,8,-94
5385791,1,-95
5385791,2,-95
5385791,4,-95
5385791,6,-95
5385791,8,-94
5406988,1,-95
5406988,2,-95
5406988,7,-95
5406988,8,-82
5428187,1,-94
5428187,2,-89
5428187,7,-95
5428187,8,-80
5449386,1,-90
5449386,2,-95
5449386,6,-95
5449386,7,-90
5449386,8,-80
5470583,1,-94
5470583,2,-95
5470583,4,-92
5470583,5,-95
5470583,6,-95
5470583,7,-95
5470583,8,-86
5491780,2,-95
5491780,5,-95
5491780,6,-94
5491780,7,-95
5491780,8,-81
5512978,2,-91
5512978,4,-89
5512978,5,-91
5512978,6,-94
5512978,7,-95
5512978,8,-83
5534175,2,-90
5534175,4,-95
5534175,5,-94
5534175,7,-95
5534175,8,-79
5555372,0,-91
5555372,2,-95
5555372,4,-94
5555372,5,-94
5555372,7,-95
5555372,8,-93
5576568,2,-92
5576568,4,-93
5576568,7,-95
5576568,8,-95
5597767,2,-94
5597767,4,-94
5597767,5,-93
5597767,7,-95
5597767,8,-93
5618966,5,-90
5618966,7,-95
5618966,8,-93
5640163,2,-93
5640163,4,-95
5640163,5,-95
5640163,7,-93
236
5640197,8,-92
5661414,2,-93
5661414,4,-92
5661414,7,-92
5661414,8,-92
5682611,2,-92
5682611,4,-95
5682611,5,-94
5682611,7,-94
5682611,8,-90
5703810,2,-93
5703810,4,-94
5703810,5,-92
5703810,7,-86
5703810,8,-90
5725007,2,-92
5725007,5,-95
5725007,8,-95
5746207,2,-92
5746207,4,-91
5746207,5,-87
5746207,8,-92
5767406,2,-91
5767406,4,-92
5767406,5,-82
5767406,8,-89
5788605,2,-95
5788605,4,-89
5788605,5,-95
5788605,7,-91
5788605,8,-92
5809804,0,-95
5809804,2,-95
5809804,5,-88
5809804,8,-87
5831002,0,-92
5831002,2,-95
5831002,5,-93
5831002,6,-95
5831002,8,-88
5852201,0,-93
5852201,2,-92
5852201,5,-85
5852201,6,-94
5852201,8,-87
6165179,0,-95
6165179,1,-94
6165179,2,-85
6165179,3,-95
6165179,4,-92
6165179,5,-88
6165179,8,-94
6186373,0,-94
6186373,2,-94
6186373,3,-95
6186373,4,-95
6186373,5,-95
6186373,7,-93
6186373,8,-95
6207570,0,-92
6207570,1,-95
6207570,2,-87
6207570,3,-95
6207570,5,-95
6228767,0,-95
6228767,2,-89
6228767,4,-94
6228767,5,-95
6228767,6,-94
6249963,0,-95
6249963,2,-92
6249963,5,-95
6249963,6,-95
6271160,0,-94
6271160,2,-93
6271160,4,-95
6271160,5,-85
6271160,6,-95
6292358,0,-95
6292358,2,-95
235
6292392,4,-91
6292392,5,-95
6313603,0,-95
6313603,2,-92
6313603,4,-94
6313603,5,-94
6313603,6,-95
6313603,7,-95
6334799,2,-95
6334799,5,-93
6334799,6,-95
6334799,7,-92
6355993,0,-95
6355993,2,-95
6355993,4,-95
6355993,6,-95
6355993,7,-95
6355993,8,-95
6377190,0,-95
6377190,2,-94
6377190,4,-95
6377190,5,-91
6377190,6,-95
6377190,7,-94
6398389,0,-95
6398389,2,-93
6398389,5,-89
6398389,6,-89
6398389,7,-94
6419585,0,-95
6419585,2,-92
6419585,4,-93
6419585,5,-92
6419585,6,-95
6440782,0,-94
6440782,2,-94
6440782,4,-90
6440782,5,-95
6440782,6,-95
6461978,0,-95
6461978,2,-95
6461978,3,-95
6461978,4,-93
6461978,5,-89
6461978,6,-94
6461978,7,-95
6461978,8,-94
6483176,0,-95
6483176,2,-92
6483176,5,-90
6483176,8,-90
6504372,0,-95
6504372,2,-86
6504372,4,-95
6504372,5,-95
6504372,6,-94
6504372,8,-90
6525568,0,-95
6525568,2,-95
6525568,4,-95
6525568,6,-95
6525568,8,-94
6546764,0,-95
6546764,2,-91
6546764,4,-95
6546764,5,-95
6546764,8,-95
6567962,0,-95
6567962,2,-85
6567962,4,-91
6567962,5,-95
6567962,8,-95
6589159,0,-95
6589159,2,-94
6589159,4,-92
6589159,5,-93
6589159,8,-95
6610354,0,-95
6610354,1,-95
6610354,2,-95
234
6610388,3,-95
6610388,4,-95
6631601,0,-95
6631601,2,-92
6631601,4,-90
6652798,0,-94
6652798,1,-95
6652798,2,-83
6652798,3,-95
6652798,6,-93
6652798,8,-95
6673994,0,-95
6673994,2,-92
6673994,5,-95
6673994,8,-95
6695190,0,-95
6695190,1,-95
6695190,2,-84
6695190,4,-95
6695190,5,-95
6716385,0,-95
6716385,2,-87
6716385,3,-95
6716385,4,-95
6716385,5,-95
6716385,6,-94
6737580,0,-95
6737580,1,-95
6737580,2,-91
6737580,4,-95
6737580,5,-95
6737580,6,-94
6758778,0,-91
6758778,2,-89
6758778,5,-95
6758778,8,-94
6779974,0,-93
6779974,2,-95
6779974,3,-94
6779974,4,-95
6779974,5,-90
6779974,6,-85
6779974,8,-91
6801172,0,-90
6801172,3,-93
6801172,5,-87
6801172,6,-95
6801172,8,-92
6822370,0,-85
6822370,4,-95
6822370,5,-92
6822370,8,-92
6843568,0,-95
6843568,5,-94
6843568,6,-95
6864766,3,-94
6864766,4,-92
6864766,5,-94
6864766,6,-95
6864766,7,-93
6885964,1,-95
6885964,3,-95
6885964,4,-93
6885964,5,-93
6885964,7,-92
6907162,0,-93
6907162,2,-93
6907162,3,-94
6907162,5,-91
6907162,6,-95
6928359,0,-93
6928359,2,-92
6928359,3,-90
6928359,5,-90
6928359,8,-93
6949556,0,-92
6949556,1,-92
6949556,2,-92
6949556,3,-95
6949556,5,-92
233
6949590,8,-88
6970803,0,-87
6970803,2,-95
6970803,3,-95
6970803,4,-86
6970803,5,-93
6970803,8,-94
6992000,0,-91
6992000,3,-92
6992000,4,-91
6992000,5,-90
6992000,7,-95
6992000,8,-95
7013196,0,-94
7013196,3,-95
7013196,4,-94
7013196,5,-95
7013196,7,-95
7034393,0,-94
7034393,3,-95
7034393,4,-89
7034393,5,-95
7034393,8,-95
7055589,0,-94
7055589,2,-95
7055589,3,-95
7055589,4,-95
7055589,5,-93
7055589,8,-95
7076785,0,-92
7076785,3,-95
7076785,4,-95
7076785,5,-93
7076785,6,-95
7097981,0,-95
7097981,3,-95
7097981,4,-92
7097981,5,-94
7097981,6,-95
7097981,8,-95
7119179,0,-90
7119179,3,-95
7119179,5,-93
7119179,8,-95
7140374,0,-92
7140374,3,-95
7140374,4,-95
7140374,5,-95
7140374,6,-95
7140374,8,-95
7161570,0,-90
7161570,3,-95
7161570,4,-95
7161570,6,-95
7161570,8,-95
7182767,0,-91
7182767,1,-85
7182767,3,-95
7182767,4,-93
7182767,5,-95
7182767,6,-89
7203963,0,-95
7203963,1,-95
7203963,3,-95
7203963,4,-95
7203963,5,-95
7225159,0,-95
7225159,1,-95
7225159,3,-95
7225159,4,-92
7225159,5,-95
7225159,8,-95
7246357,0,-95
7246357,1,-94
7246357,2,-95
7246357,5,-90
7246357,6,-95
7246357,8,-95
7267551,0,-95
7267551,1,-95
232
7267586,3,-95
7267586,4,-95
7267586,5,-95
7267586,6,-95
7267586,8,-92
7288799,0,-95
7288799,1,-95
7288799,5,-92
7288799,6,-95
7288799,8,-90
7309995,0,-95
7309995,1,-95
7309995,4,-95
7309995,5,-95
7309995,8,-95
7331192,0,-95
7331192,1,-90
7331192,2,-92
7331192,3,-95
7331192,5,-85
7352389,1,-95
7352389,2,-92
7352389,3,-92
7352389,5,-94
7352389,6,-95
7373583,0,-95
7373583,1,-95
7373583,2,-95
7373583,3,-92
7373583,5,-94
7373583,6,-95
7373583,8,-95
7394780,0,-94
7394780,2,-95
7394780,5,-94
7394780,6,-95
7415977,0,-92
7415977,2,-95
7415977,3,-94
7415977,5,-95
7415977,6,-91
7415977,8,-94
7437171,0,-95
7437171,3,-95
7437171,4,-95
7437171,5,-95
7437171,6,-95
7437171,7,-95
7458370,0,-92
7458370,2,-95
7458370,3,-94
7458370,5,-94
7479566,0,-95
7479566,2,-92
7479566,3,-94
7479566,4,-95
7479566,5,-94
7479566,6,-92
7479566,7,-93
7479566,8,-95
7500764,0,-86
7500764,3,-95
7500764,5,-93
7500764,6,-94
7500764,8,-95
7521964,0,-90
7521964,5,-90
7521964,6,-86
7521964,8,-94
7543161,0,-85
7543161,3,-83
7543161,4,-95
7543161,5,-95
7543161,6,-91
7543161,7,-95
7543161,8,-86
7564357,0,-91
7564357,1,-94
7564357,3,-95
7564357,4,-95
231
7564391,5,-95
7564391,6,-94
7585603,0,-93
7585603,1,-95
7585603,3,-92
7585603,4,-91
7585603,5,-93
7585603,6,-92
7585603,7,-95
7585603,8,-95
7606799,0,-87
7606799,3,-95
7606799,4,-94
7606799,5,-94
7606799,6,-85
7606799,8,-95
7627996,0,-83
7627996,1,-93
7627996,3,-95
7627996,4,-93
7627996,6,-91
7627996,8,-95
7649193,0,-93
7649193,1,-91
7649193,3,-94
7649193,5,-95
7649193,6,-90
7649193,8,-95
7670389,0,-83
7670389,1,-93
7670389,3,-95
7670389,4,-95
7670389,5,-95
7670389,6,-95
7670389,8,-95
7691586,0,-77
7691586,1,-93
7691586,3,-93
7691586,4,-95
7691586,6,-95
7691586,8,-95
7712783,0,-75
7712783,1,-95
7712783,2,-92
7712783,3,-95
7712783,4,-95
7712783,6,-88
7712783,7,-95
7733982,0,-74
7733982,1,-94
7733982,2,-95
7733982,3,-94
7733982,5,-95
7733982,6,-91
7755178,0,-82
7755178,1,-95
7755178,2,-89
7755178,3,-91
7755178,4,-95
7755178,5,-95
7755178,6,-95
7776372,0,-87
7776372,1,-95
7776372,3,-95
7776372,4,-95
7776372,5,-91
7776372,6,-95
7776372,8,-95
7797568,0,-88
7797568,1,-91
7797568,4,-94
7797568,5,-95
7797568,6,-95
7818766,0,-86
7818766,1,-90
7818766,3,-95
7818766,4,-92
7818766,5,-95
7839963,0,-86
7839963,1,-88
230
7839997,3,-95
7839997,4,-91
7839997,5,-95
7839997,6,-95
7839997,8,-95
7861210,0,-91
7861210,1,-93
7861210,5,-94
7861210,6,-95
7861210,8,-92
7882408,0,-88
7882408,1,-93
7882408,3,-92
7882408,5,-95
7882408,6,-95
7903604,0,-93
7903604,1,-90
7903604,3,-94
7903604,5,-95
7903604,6,-95
7903604,7,-95
7924803,0,-85
7924803,1,-94
7924803,4,-95
7924803,5,-93
7924803,8,-93
7946000,0,-79
7946000,1,-93
7946000,3,-95
7946000,4,-94
7946000,5,-95
7946000,6,-95
7946000,7,-95
7946000,8,-94
7967197,0,-94
7967197,1,-93
7967197,3,-95
7967197,4,-94
7967197,5,-95
7967197,6,-90
7967197,7,-95
7967197,8,-91
7988393,0,-94
7988393,1,-86
7988393,3,-94
7988393,4,-95
7988393,6,-95
7988393,7,-95
7988393,8,-95
8009590,0,-79
8009590,1,-84
8009590,4,-95
8009590,6,-94
8009590,7,-95
8009590,8,-95
8030786,0,-93
8030786,1,-92
8030786,5,-92
8030786,6,-95
8030786,7,-95
8030786,8,-95
8051983,0,-94
8051983,1,-94
8051983,3,-94
8051983,5,-95
8051983,6,-92
8051983,7,-95
8051983,8,-95
8073178,0,-95
8073178,1,-95
8073178,4,-94
8073178,5,-94
8073178,6,-92
8094374,0,-87
8094374,1,-93
8094374,3,-92
8094374,4,-95
8094374,5,-94
8094374,7,-95
8094374,8,-95
229
8115605,0,-91
8115605,1,-95
8115605,3,-93
8115605,5,-94
8115605,6,-89
8115605,8,-95
8136815,0,-91
8136815,1,-94
8136815,2,-93
8136815,3,-93
8136815,5,-88
8136815,6,-86
8136815,7,-93
8136815,8,-93
8158010,0,-84
8158010,1,-95
8158010,2,-94
8158010,3,-95
8158010,4,-94
8158010,5,-95
8158010,6,-90
8158010,7,-94
8158010,8,-90
8179207,0,-94
8179207,1,-94
8179207,2,-93
8179207,3,-94
8179207,4,-91
8179207,5,-95
8179207,6,-87
8179207,7,-94
8179207,8,-88
8200405,0,-87
8200405,1,-92
8200405,3,-89
8200405,4,-93
8200405,5,-95
8200405,6,-95
8200405,7,-91
8200405,8,-93
8221602,0,-92
8221602,1,-95
8221602,3,-91
8221602,4,-95
8221602,5,-91
8221602,6,-94
8221602,7,-94
8221602,8,-95
8242799,0,-91
8242799,1,-91
8242799,3,-95
8242799,5,-94
8242799,6,-94
8263994,0,-93
8263994,1,-95
8263994,3,-95
8263994,4,-95
8263994,5,-95
8263994,6,-93
8263994,8,-95
8285192,0,-93
8285192,1,-95
8285192,3,-95
8306391,0,-87
8306391,1,-95
8306391,3,-90
8306391,6,-95
8327588,0,-91
8327588,1,-95
8327588,3,-92
8327588,5,-95
8327588,6,-95
8327588,8,-93
8348786,0,-91
8348786,1,-88
8348786,3,-90
8348786,4,-95
8348786,5,-95
8348786,6,-94
8348786,8,-93
228
8370017,0,-95
8370017,1,-94
8370017,3,-89
8370017,4,-94
8370018,5,-95
8370018,6,-90
8370018,8,-95
8391230,0,-95
8391230,1,-94
8391230,3,-92
8391230,5,-95
8391230,8,-95
8412427,0,-93
8412427,1,-94
8412427,3,-93
8412427,5,-95
8412427,6,-95
8412427,8,-95
8433624,0,-95
8433624,1,-93
8433624,3,-95
8433624,4,-95
8433624,5,-95
8433624,8,-89
8454819,1,-94
8454819,2,-94
8454819,3,-95
8454819,5,-95
8454819,6,-95
8454819,8,-94
8476013,0,-95
8476013,1,-89
8476013,2,-92
8476013,3,-95
8476013,4,-94
8476013,5,-95
8476013,7,-95
8476013,8,-88
8497208,0,-95
8497208,2,-93
8497208,4,-94
8497208,7,-95
8497208,8,-91
8518402,0,-95
8518402,1,-95
8518402,2,-94
8518402,3,-95
8518402,4,-95
8518402,5,-92
8518402,7,-95
8539596,0,-90
8539596,1,-95
8539596,2,-92
8539596,3,-92
8539596,4,-92
8539596,5,-95
8539596,6,-95
8539596,7,-95
8539596,8,-95
8560792,1,-94
8560792,2,-93
8560792,3,-94
8560792,4,-94
8560792,5,-95
8560792,6,-92
8560792,7,-89
8581989,1,-93
8581989,3,-95
8581989,4,-94
8581989,5,-89
8581989,7,-95
8603186,1,-95
8603186,3,-92
8603186,4,-87
8603186,5,-95
8603186,8,-95
8624383,2,-95
8624383,4,-95
8624383,8,-95
8645577,1,-95
227
8645611,2,-95
8645611,3,-95
8645611,4,-95
8645611,5,-95
8645611,8,-95
8666823,3,-95
8666823,4,-95
8666823,7,-95
8666823,8,-95
8688020,2,-95
8688020,3,-95
8688020,5,-95
8709215,0,-95
8709215,2,-95
8709215,3,-95
8709215,4,-95
8709215,8,-95
8730412,2,-95
8730412,3,-95
8730412,7,-95
8751609,2,-95
8751609,4,-95
8751609,7,-95
8772806,3,-95
8772806,4,-95
8772806,8,-95
8794003,3,-95
8794003,4,-95
8794003,8,-95
8815199,0,-95
8815199,1,-95
8815199,3,-95
8815199,4,-95
8836398,2,-95
8857591,0,-95
8857591,1,-95
8857591,2,-94
8857591,3,-95
8857591,4,-95
8857591,5,-95
8857591,7,-95
8878787,0,-95
8878787,2,-95
8878787,4,-95
8878787,5,-95
8899982,0,-95
8899982,1,-95
8899982,3,-95
8899982,4,-95
8899982,5,-95
8921177,0,-95
8921177,1,-95
8921177,3,-95
8921177,4,-95
8921177,5,-95
8942373,0,-95
8942373,4,-95
8942373,5,-95
8942373,8,-95
8963570,3,-95
8963570,4,-95
8963570,5,-95
8984768,3,-95
8984768,4,-95
9005965,4,-95
9005965,5,-95
9005965,6,-92
9027163,4,-95
9027163,8,-94
9048356,1,-95
9048356,3,-95
9048356,4,-95
9048356,5,-95
9048356,6,-95
9048356,7,-95
9048356,8,-95
9069551,3,-95
9069551,4,-95
9069551,5,-95
9069551,6,-95
226
9069585,8,-95
9090796,1,-95
9090796,3,-94
9090796,4,-95
9090796,6,-95
9111994,1,-95
9111994,3,-91
9111994,4,-95
9111994,6,-94
9133190,0,-95
9133190,3,-90
9133190,4,-95
9133190,6,-94
9133190,8,-95
9154387,0,-95
9154387,3,-94
9154387,4,-95
9154387,6,-95
9175582,0,-94
9175582,1,-95
9175582,3,-94
9175582,5,-95
9175582,6,-95
9175582,8,-95
9196778,1,-95
9196778,3,-94
9196778,5,-95
9196778,6,-95
9217974,0,-95
9217974,1,-95
9217974,3,-91
9217974,5,-95
9239169,1,-95
9239169,3,-93
9239169,5,-95
9239169,6,-95
9239169,8,-95
9260365,1,-95
9260365,3,-92
9260365,5,-92
9260365,6,-93
9281562,1,-95
9281562,3,-94
9281562,5,-95
9281562,6,-95
9302758,1,-95
9302758,3,-93
9302758,4,-95
9302758,5,-95
9302758,8,-95
9323955,0,-95
9323955,1,-95
9323955,3,-93
9323955,5,-95
9345151,1,-95
9345151,3,-93
9345151,4,-95
9345151,8,-95
9366346,1,-95
9366346,3,-95
9366346,4,-95
9366346,5,-95
9366346,8,-95
9387542,0,-95
9387542,2,-95
9387542,3,-93
9387542,5,-95
9387542,7,-95
9408737,0,-95
9408737,1,-95
9408737,3,-92
9408737,4,-95
9408737,7,-95
9429936,3,-92
9451134,3,-93
9451134,5,-95
9451134,7,-95
9472329,0,-95
9472329,1,-95
9472329,3,-92
225
9472364,5,-95
9472364,7,-87
9472364,8,-95
9493574,0,-95
9493574,1,-95
9493574,3,-91
9493574,7,-95
9493574,8,-95
9514770,1,-95
9514770,3,-93
9514770,5,-95
9514770,7,-95
9535965,0,-95
9535965,1,-95
9535965,3,-91
9535965,5,-95
9535965,7,-95
9535965,8,-95
9557161,0,-95
9557161,1,-95
9557161,3,-92
9557161,5,-95
9557161,7,-95
9578357,1,-95
9578357,3,-92
9578357,7,-95
9578357,8,-95
9599553,0,-95
9599553,1,-95
9599553,3,-91
9599553,7,-95
9620748,0,-95
9620748,1,-95
9620748,3,-92
9620748,7,-95
9620748,8,-95
9641945,0,-95
9641945,1,-95
9641945,3,-92
9641945,5,-95
9663142,1,-95
9663142,3,-95
9663142,8,-95
9684339,0,-95
9684339,1,-95
9684339,3,-92
9684339,5,-95
9705534,0,-95
9705534,1,-95
9705534,2,-95
9705534,3,-93
9705534,4,-95
9726730,0,-95
9726730,1,-95
9726730,3,-91
9726730,5,-95
9747927,0,-95
9747927,1,-95
9747927,3,-94
9769122,0,-95
9769122,3,-95
9769122,4,-95
9769122,5,-95
9769122,8,-95
9790320,3,-93
9790320,5,-95
9811519,3,-94
9811519,5,-95
9832715,3,-94
9832715,4,-95
9832715,5,-95
9832715,8,-95
9853912,3,-95
9853912,4,-95
9853912,5,-95
9875107,1,-95
9875107,2,-95
9875107,3,-91
9875107,4,-95
9875107,5,-95
224
9896338,1,-95
9896338,3,-94
9896338,5,-95
9917550,0,-95
9917550,1,-95
9917550,3,-92
9917550,5,-95
9938745,0,-95
9938745,1,-95
9938745,3,-92
9938745,4,-95
9938745,5,-95
10261180,1,-95
10261180,3,-93
10261180,4,-95
10261180,8,-95
10282377,1,-95
10282377,3,-92
10282377,8,-95
10303573,0,-95
10303573,1,-93
10303573,3,-93
10303573,4,-95
10303573,8,-95
10324769,0,-95
10324769,1,-95
10324769,3,-92
10324769,5,-95
10324769,8,-95
10345966,1,-95
10345966,3,-92
10345966,8,-95
10367164,1,-95
10367164,3,-92
10388360,0,-95
10388360,1,-95
10388360,3,-92
10388360,5,-95
10388360,8,-95
10409553,1,-95
10409553,2,-95
10409553,3,-93
10409553,4,-95
10409553,5,-95
10409553,6,-91
10409553,7,-95
10409553,8,-93
10430750,1,-95
10430750,3,-92
10430750,5,-95
10430750,8,-95
10451945,0,-95
10451945,1,-95
10451945,3,-92
10451945,4,-95
10451945,8,-95
10473142,1,-95
10473142,3,-93
10473142,5,-95
10473142,8,-95
10494336,0,-94
10494336,1,-93
10494336,2,-95
10494336,3,-92
10494336,4,-95
10494336,5,-91
10494336,6,-91
10515530,0,-95
10515530,1,-95
10515530,3,-93
10515530,4,-95
10515530,5,-95
10515530,8,-95
10536725,0,-95
10536725,1,-95
10536725,3,-92
10536725,5,-95
10536725,8,-95
10557920,1,-94
10557920,3,-92
223
10557954,4,-95
10557954,5,-94
10557954,7,-95
10557954,8,-95
10579168,1,-95
10579168,3,-93
10600364,1,-95
10600364,3,-93
10600364,5,-95
10600364,8,-95
10621561,1,-95
10621561,3,-93
10621561,5,-95
10621561,8,-95
10642755,1,-95
10642755,2,-95
10642755,3,-92
10642755,4,-95
10642755,5,-92
10642755,6,-90
10642755,8,-95
10663952,1,-95
10663952,3,-93
10663952,8,-95
10685145,0,-95
10685145,1,-94
10685145,2,-95
10685145,3,-92
10685145,5,-90
10685145,6,-92
10685145,7,-95
10685145,8,-95
10706339,0,-93
10706339,1,-95
10706339,2,-92
10706339,3,-92
10706339,4,-95
10706339,6,-91
10706339,8,-95
10727535,1,-95
10727535,3,-92
10727535,5,-95
10727535,8,-95
10748730,0,-93
10748730,1,-95
10748730,3,-92
10748730,4,-95
10748730,6,-93
10769922,0,-95
10769922,1,-95
10769922,2,-95
10769922,3,-93
10769922,4,-95
10769922,5,-94
10769922,7,-95
10769922,8,-94
10791120,1,-95
10791120,3,-93
10791120,8,-95
10812317,0,-95
10812317,3,-93
10812317,8,-95
10833515,1,-95
10833515,3,-91
10833515,8,-95
10854708,0,-94
10854708,1,-95
10854708,2,-95
10854708,3,-91
10854708,4,-95
10854708,5,-95
10854708,7,-95
10875901,0,-95
10875901,1,-95
10875901,2,-95
10875901,3,-94
10875901,4,-95
10875901,6,-95
10875901,8,-95
10897096,0,-95
222
10897131,3,-92
10897131,4,-95
10897131,5,-95
10897131,8,-95
10918341,1,-95
10918341,3,-95
10918341,4,-95
10918341,8,-95
10939537,1,-95
10939537,3,-95
10939537,4,-95
10939537,5,-94
10960728,0,-95
10960728,1,-93
10960728,2,-95
10960728,3,-95
10960728,4,-95
10960728,5,-92
10960728,6,-94
10960728,7,-95
10960728,8,-95
10981927,1,-95
10981927,3,-91
10981927,5,-86
11003126,0,-95
11003126,3,-94
11024324,0,-95
11024324,4,-93
11045521,1,-95
11045521,2,-93
11045521,3,-94
11045521,7,-95
11066718,1,-89
11066718,2,-95
11066718,3,-91
11066718,7,-83
11087918,2,-92
11087918,3,-91
11109118,3,-91
11130317,2,-95
11130317,3,-92
11151515,3,-90
11151515,7,-95
11172714,3,-95
11193914,3,-84
11257513,7,-93
11278712,7,-94
11363511,6,-95
11427110,7,-95
11490710,7,-94
11511910,7,-94
11702709,6,-95
11745108,8,-95
11808707,8,-91
11829906,8,-93
11851105,6,-93
11851105,8,-95
11872303,6,-95
11872303,8,-94
11893502,6,-85
11893502,8,-95
11914701,5,-94
11914701,6,-94
11914701,8,-95
11935900,8,-95
11957100,4,-92
11957100,6,-95
11978297,4,-94
11978297,5,-95
11978297,8,-93
11999496,4,-91
11999496,5,-91
11999496,6,-93
12020693,1,-95
12020693,4,-95
12020693,5,-95
12041892,4,-95
12041892,6,-94
12063089,1,-95
12063089,3,-95
221
12063123,4,-94
12063123,8,-94
12084336,0,-92
12084336,1,-90
12084336,3,-95
12084336,4,-93
12084336,6,-95
12105534,0,-95
12105534,1,-95
12105534,4,-95
12105534,5,-89
12126731,1,-92
12126731,3,-95
12126731,4,-86
12126731,5,-95
12126731,6,-95
12126731,8,-92
12147928,1,-95
12147928,4,-95
12147928,5,-95
12169125,0,-95
12169125,4,-94
12169125,5,-95
12169125,8,-95
12190323,4,-95
12190323,5,-95
12211521,4,-95
12211521,8,-95
12232717,0,-94
12232717,1,-95
12232717,3,-95
12232717,4,-95
12232717,8,-95
12253912,0,-90
12253912,1,-95
12253912,3,-93
12253912,4,-94
12253912,6,-95
12253912,8,-95
12275108,1,-95
12275108,3,-95
12275108,4,-95
12275108,6,-95
12296305,1,-95
12296305,3,-95
12296305,4,-94
12317502,1,-95
12317502,2,-93
12317502,3,-91
12317502,6,-93
12338700,1,-95
12338700,3,-95
12338700,4,-95
12359897,2,-90
12359897,3,-92
12359897,4,-95
12381096,1,-94
12381096,2,-85
12381096,3,-88
12381096,4,-94
12402294,2,-94
12402294,3,-94
12402294,4,-94
12423491,1,-95
12423491,4,-93
12423491,6,-95
12444688,1,-93
12444688,3,-95
12444688,4,-94
12444688,6,-92
12465886,1,-95
12465886,3,-95
12487082,1,-95
12487082,3,-95
12487082,4,-95
12487082,6,-95
12508278,1,-95
12508278,3,-95
12508278,4,-95
12508278,6,-93
220
12529509,1,-95
12529509,3,-95
12529509,4,-95
12550722,3,-95
12550722,4,-93
12571919,0,-92
12571919,1,-88
12571919,3,-95
12571919,4,-94
12571919,6,-92
12593118,1,-89
12593118,3,-95
12593118,4,-92
12593118,6,-91
12614317,1,-88
12614317,4,-94
12614317,7,-95
12635515,1,-91
12635515,4,-92
12635515,6,-95
12635515,7,-95
12656713,1,-93
12656713,3,-94
12656713,4,-95
12656713,7,-88
12677913,1,-88
12699112,1,-91
12699112,4,-95
12720310,1,-92
12720310,3,-95
12720310,6,-95
12741508,1,-89
12741508,3,-95
12741508,4,-95
12762706,1,-94
12762706,3,-93
12762706,4,-95
12783904,1,-93
12783904,2,-94
12783904,4,-95
12805103,1,-94
12805103,4,-95
12826299,1,-95
12826299,2,-87
12826299,6,-95
12826299,8,-95
12847497,1,-95
12847497,7,-95
12868696,1,-95
12868696,6,-95
12889894,1,-95
12889894,6,-95
12889894,7,-95
12911092,1,-95
12911092,4,-95
12911092,7,-95
12932291,1,-95
12932291,7,-92
12953490,3,-95
12953490,7,-95
12974688,1,-95
12974688,3,-95
12995887,1,-93
12995887,3,-95
13017087,1,-93
13038285,0,-95
13038285,1,-94
13038285,3,-95
13059483,1,-94
13059483,3,-95
13059483,4,-94
13080682,1,-93
13080682,4,-95
13101880,1,-93
13101880,3,-94
13101880,4,-95
13123080,1,-93
13144278,1,-95
13144278,3,-95
13144278,4,-95
219
13165510,1,-95
13165510,3,-95
13165510,5,-95
13186723,1,-95
13186723,4,-95
13207923,1,-95
13229120,1,-95
13229120,3,-95
13229120,4,-95
13250319,1,-94
13250319,3,-95
13271518,1,-95
13271518,3,-95
13271518,4,-95
13292716,1,-95
13292716,4,-95
13313913,1,-95
13313913,3,-95
13313913,6,-95
13335113,1,-95
13356313,1,-94
13377511,1,-95
13377511,3,-94
13398709,1,-95
13398709,3,-94
13419906,1,-95
13419906,3,-95
13419906,4,-95
13441104,1,-95
13441104,3,-95
13441104,4,-95
13483502,1,-95
13483502,4,-95
13504701,4,-95
13525898,1,-95
13525898,3,-95
13525898,4,-94
13547095,1,-95
13547095,3,-95
13547095,6,-95
13568293,1,-95
13568293,3,-95
13589491,1,-95
13589491,3,-95
13610688,1,-95
13610688,3,-95
13610688,4,-95
13631886,1,-95
13631886,3,-95
13653083,1,-95
13653083,3,-95
13653083,6,-95
13674280,1,-95
13674280,3,-95
13674280,6,-95
13695479,1,-95
13716678,1,-94
13716678,3,-95
13716678,6,-95
13759076,1,-95
13759076,6,-95
13780274,3,-95
13780274,6,-95
13801470,1,-95
13801470,3,-95
13801470,4,-95
13801470,6,-95
13822667,1,-95
13822667,3,-95
13822667,6,-95
13843865,1,-95
13843865,3,-95
13843865,6,-95
13865065,1,-93
13886263,1,-95
13886263,6,-95
13907461,1,-95
13907461,6,-95
13928661,1,-95
13928661,4,-94
218
13928695,6,-95
13949909,1,-94
13949909,4,-95
13949909,6,-95
13971107,1,-95
13971107,4,-95
13971107,6,-95
13992306,1,-94
13992306,4,-94
13992306,6,-95
14013504,1,-94
14013504,4,-95
14013504,6,-95
14034702,1,-95
14034702,4,-95
14055901,1,-94
14055901,4,-95
14077099,1,-95
14077099,4,-95
14098295,1,-95
14098295,3,-95
14098295,4,-95
14098295,6,-95
14119494,1,-89
14119494,4,-95
14140693,1,-90
14140693,3,-94
14140693,4,-95
14140693,6,-95
14161890,1,-89
14161890,3,-95
14161890,4,-95
14161890,6,-95
14183089,1,-90
14183089,3,-95
14183089,4,-95
14183089,6,-92
14204289,1,-88
14204289,3,-95
14204289,4,-89
14225487,1,-89
14225487,3,-95
14225487,4,-95
14246686,1,-90
14246686,4,-95
14267884,1,-89
14267884,3,-95
14267884,4,-91
14267884,6,-95
14289083,1,-90
14289083,4,-94
14289083,6,-95
14310281,1,-94
14310281,3,-95
14310281,4,-95
14331478,3,-95
14331478,4,-95
14331478,6,-95
14352676,1,-89
14352676,3,-95
14352676,4,-94
14373874,1,-90
14373874,3,-95
14373874,4,-93
14395073,1,-89
14395073,3,-95
14416270,1,-95
14416270,3,-95
14416270,4,-93
14416270,6,-95
14437469,4,-92
14437469,6,-95
14458666,1,-95
14458666,4,-95
14458666,6,-95
14479864,1,-93
14479864,4,-95
14501061,1,-95
14501061,3,-95
14501061,4,-95
217
14501095,6,-95
14522309,1,-92
14522309,4,-89
14522309,6,-95
14543507,1,-92
14543507,3,-95
14543507,4,-90
14543507,8,-95
14564705,1,-94
14564705,4,-95
14564705,6,-95
14585902,1,-95
14585902,4,-95
14585902,6,-95
14607099,1,-95
14607099,3,-95
14607099,4,-94
14628299,3,-95
14649498,4,-94
14670697,4,-95
14691896,4,-95
14691896,8,-93
14713092,1,-95
14713092,3,-95
14713092,4,-95
14713092,6,-95
14734289,0,-94
14734289,3,-95
14734289,4,-95
14755484,0,-95
14755484,1,-95
14755484,3,-94
14755484,4,-95
14755484,6,-95
14776682,3,-95
14776682,4,-94
14776682,6,-95
14797877,1,-95
14797877,3,-95
14797877,4,-95
14797877,6,-95
14797877,8,-95
14869182,3,-95
14869182,4,-95
14869182,6,-95
14890381,1,-95
14890381,4,-95
14890381,6,-94
14911579,1,-94
14911579,4,-95
14911579,6,-94
14911579,8,-93
14932778,4,-95
14953975,1,-95
14953975,3,-93
14953975,5,-93
14953975,8,-95
14975169,1,-95
14975169,3,-94
14975169,4,-94
14975169,5,-89
14975169,6,-95
14975169,8,-90
14996365,3,-95
14996365,4,-95
14996365,5,-95
14996365,8,-94
15017562,3,-95
15017562,4,-95
15017562,6,-95
15017562,8,-82
15038758,1,-95
15038758,3,-95
15038758,4,-95
15038758,6,-95
15059958,3,-90
15081157,0,-95
15081157,3,-93
15102354,1,-95
15102354,3,-90
216