250
573561,0,-41
573561,1,-43
573561,2,-44
573561,3,-64
594760,0,-38
594760,1,-44
594760,2,-45
594760,3,-51
594760,4,-56
594760,5,-47
594760,6,-57
594760,7,-62
615959,0,-39
615959,1,-43
615959,2,-45
615959,3,-57
615959,4,-60
615959,5,-47
615959,6,-62
615959,7,-64
615959,8,-55
637158,0,-40
637158,1,-47
637158,2,-48
637158,3,-57
637158,4,-60
637158,5,-50
637158,6,-55
637158,7,-58
637158,8,-55
658355,0,-86
658355,1,-91
658355,2,-89
658355,3,-92
658355,4,-93
658355,5,-85
658355,6,-89
658355,7,-76
658355,8,-89
679550,0,-90
679550,1,-92
679550,2,-92
679550,3,-87
679550,4,-93
679550,5,-92
679550,6,-89
679550,8,-91
700744,0,-89
700744,1,-90
700744,2,-93
700744,3,-90
700744,4,-93
700744,5,-90
700744,6,-92
700744,7,-86
700744,8,-90
721941,0,-93
721941,1,-88
721941,2,-86
721941,3,-92
721941,4,-88
721941,5,-89
721941,6,-91
721941,7,-93
721941,8,-90
743132,0,-93
743132,1,-93
743132,2,-93
743132,3,-93
743132,4,-91
743132,5,-93
743132,6,-93
743132,7,-92
743132,8,-93
764326,0,-93
764326,1,-92
764326,3,-93
764326,4,-92
764326,5,-91
764326,6,-92
249
764360,7,-90
764360,8,-93
785568,0,-93
785568,1,-90
785568,2,-93
785568,5,-87
785568,6,-89
785568,7,-88
785568,8,-93
806763,0,-93
806763,1,-93
806763,2,-88
806763,3,-85
806763,4,-93
806763,6,-91
806763,7,-85
806763,8,-91
827956,0,-93
827956,1,-93
827956,2,-89
827956,3,-86
827956,4,-91
827956,5,-92
827956,6,-93
827956,8,-88
849150,0,-93
849150,1,-93
849150,2,-85
849150,3,-88
849150,4,-93
849150,5,-91
849150,7,-93
849150,8,-93
870344,0,-90
870344,1,-90
870344,2,-88
870344,3,-93
870344,4,-93
870344,5,-92
870344,6,-93
870344,7,-93
870344,8,-90
891538,0,-90
891538,1,-90
891538,2,-87
891538,3,-92
891538,4,-93
891538,5,-93
891538,6,-93
891538,7,-90
891538,8,-92
912732,0,-52
912732,1,-91
912732,2,-90
912732,3,-93
912732,4,-93
912732,5,-90
912732,6,-93
912732,7,-93
933925,1,-91
933925,2,-90
933925,3,-93
933925,4,-93
933925,5,-89
933925,6,-93
933925,7,-93
955118,0,-93
955118,1,-90
955118,2,-92
955118,3,-91
955118,4,-93
955118,5,-90
955118,6,-92
955118,7,-92
955118,8,-93
976312,0,-92
976312,1,-93
976312,2,-84
976312,3,-93
976312,4,-93
248
976346,5,-93
976346,6,-93
976346,7,-92
976346,8,-92
997557,0,-93
997557,2,-93
997557,5,-92
997557,7,-93
1018752,2,-93
1018752,4,-93
1018752,5,-93
1018752,7,-93
1018752,8,-93
1039947,0,-91
1039947,1,-93
1039947,2,-87
1039947,3,-93
1039947,4,-93
1039947,5,-92
1039947,7,-93
1039947,8,-93
1061143,0,-93
1061143,1,-93
1061143,2,-91
1061143,5,-93
1061143,7,-93
1082336,0,-93
1082336,2,-88
1082336,3,-93
1082336,4,-93
1082336,5,-93
1082336,6,-93
1082336,7,-93
1082336,8,-93
1103530,0,-92
1103530,1,-93
1103530,2,-92
1103530,3,-93
1103530,5,-92
1103530,7,-93
1103530,8,-93
1124722,0,-90
1124722,1,-93
1124722,2,-93
1124722,3,-93
1124722,5,-92
1124722,6,-93
1124722,7,-92
1124722,8,-93
1145915,0,-93
1145915,2,-93
1145915,4,-93
1145915,5,-90
1145915,6,-93
1145915,7,-93
1145915,8,-93
1167109,0,-91
1167109,1,-93
1167109,2,-88
1167109,3,-92
1167109,4,-92
1167109,6,-93
1167109,7,-90
1167109,8,-85
1188304,0,-93
1188304,2,-92
1188304,3,-93
1188304,4,-93
1188304,5,-92
1188304,6,-93
1188304,8,-93
1209497,0,-90
1209497,1,-93
1209497,2,-85
1209497,3,-93
1209497,4,-93
1209497,5,-93
1209497,6,-93
1209497,7,-91
1209497,8,-93
247
1230726,0,-90
1230726,2,-82
1230726,5,-93
1230726,6,-93
1230726,7,-90
1230726,8,-93
1251935,0,-87
1251935,2,-85
1251935,3,-93
1251935,4,-93
1251935,5,-90
1251935,6,-93
1251935,7,-88
1251935,8,-92
1273129,0,-85
1273129,2,-93
1273129,3,-93
1273129,4,-92
1273129,5,-91
1273129,6,-93
1273129,7,-91
1273129,8,-91
1294324,0,-89
1294324,1,-93
1294324,2,-82
1294324,3,-93
1294324,4,-90
1294324,6,-93
1294324,7,-91
1294324,8,-92
1315517,0,-89
1315517,1,-92
1315517,2,-93
1315517,3,-93
1315517,4,-92
1315517,5,-92
1315517,6,-93
1315517,7,-90
1315517,8,-92
1336713,0,-85
1336713,2,-82
1336713,3,-93
1336713,4,-93
1336713,5,-91
1336713,7,-91
1336713,8,-93
1357907,0,-86
1357907,1,-93
1357907,2,-82
1357907,3,-93
1357907,4,-93
1357907,5,-90
1357907,6,-93
1357907,7,-91
1357907,8,-92
1379100,0,-88
1379100,1,-93
1379100,2,-84
1379100,3,-93
1379100,4,-93
1379100,5,-91
1379100,6,-93
1379100,7,-91
1379100,8,-92
1400294,0,-87
1400294,1,-93
1400294,2,-87
1400294,3,-93
1400294,4,-93
1400294,5,-91
1400294,6,-93
1400294,7,-89
1400294,8,-91
1421488,0,-88
1421488,1,-93
1421488,2,-86
1421488,3,-93
1421488,4,-93
1421488,5,-91
1421488,6,-93
246
1421523,7,-90
1421523,8,-92
1442731,0,-87
1442731,1,-93
1442731,2,-81
1442731,3,-93
1442731,5,-90
1442731,6,-93
1442731,7,-92
1442731,8,-92
1463924,0,-86
1463924,1,-93
1463924,2,-83
1463924,3,-93
1463924,4,-93
1463924,5,-91
1463924,6,-93
1463924,7,-91
1463924,8,-92
1485120,0,-87
1485120,2,-85
1485120,3,-93
1485120,4,-93
1485120,6,-93
1485120,7,-90
1485120,8,-92
1506317,0,-88
1506317,2,-82
1506317,3,-93
1506317,4,-93
1506317,6,-93
1506317,7,-93
1506317,8,-92
1527512,0,-85
1527512,1,-93
1527512,2,-86
1527512,3,-93
1527512,4,-93
1527512,5,-91
1527512,6,-93
1527512,7,-91
1527512,8,-92
1548707,0,-88
1548707,1,-93
1548707,2,-80
1548707,3,-93
1548707,4,-93
1548707,5,-91
1548707,6,-93
1548707,7,-90
1548707,8,-92
1569898,0,-87
1569898,1,-93
1569898,2,-84
1569898,3,-93
1569898,4,-93
1569898,5,-91
1569898,6,-93
1569898,7,-93
1569898,8,-92
1591092,0,-84
1591092,1,-93
1591092,2,-79
1591092,3,-93
1591092,4,-91
1591092,5,-91
1591092,7,-90
1591092,8,-92
1612284,0,-88
1612284,1,-93
1612284,2,-84
1612284,3,-93
1612284,4,-93
1612284,5,-91
1612284,6,-93
1612284,7,-91
1612284,8,-92
1633478,0,-87
1633478,1,-93
1633478,2,-85
245
1633512,3,-93
1633512,4,-93
1633512,5,-92
1633512,6,-93
1633512,7,-90
1633512,8,-92
1654722,0,-86
1654722,1,-93
1654722,2,-83
1654722,3,-93
1654722,4,-93
1654722,5,-92
1654722,6,-93
1654722,7,-91
1654722,8,-91
1675915,0,-86
1675915,1,-93
1675915,2,-93
1675915,3,-93
1675915,5,-92
1675915,6,-93
1675915,7,-90
1675915,8,-92
1697110,0,-87
1697110,1,-93
1697110,2,-84
1697110,3,-93
1697110,4,-93
1697110,5,-91
1697110,6,-93
1697110,7,-89
1697110,8,-92
1718304,0,-88
1718304,1,-93
1718304,2,-83
1718304,3,-93
1718304,4,-93
1718304,5,-91
1718304,6,-93
1718304,7,-91
1718304,8,-92
1739496,0,-88
1739496,1,-93
1739496,2,-93
1739496,3,-93
1739496,4,-93
1739496,5,-92
1739496,6,-93
1739496,7,-92
1739496,8,-92
1760691,0,-87
1760691,1,-93
1760691,2,-82
1760691,3,-93
1760691,4,-92
1760691,5,-91
1760691,6,-93
1760691,7,-90
1760691,8,-92
1781885,0,-85
1781885,1,-93
1781885,2,-79
1781885,3,-93
1781885,4,-93
1781885,5,-91
1781885,6,-93
1781885,7,-90
1781885,8,-92
1803078,0,-86
1803078,1,-93
1803078,2,-83
1803078,3,-93
1803078,4,-93
1803078,5,-92
1803078,6,-93
1803078,7,-92
1803078,8,-92
1824274,0,-86
1824274,1,-93
1824274,2,-82
244
1824308,3,-93
1824308,5,-91
1824308,6,-93
1824308,7,-91
1824308,8,-92
1845520,0,-85
1845520,2,-89
1845520,3,-93
1845520,4,-93
1845520,5,-91
1845520,7,-90
1845520,8,-92
1866714,0,-85
1866714,1,-93
1866714,2,-83
1866714,3,-93
1866714,4,-92
1866714,5,-91
1866714,6,-93
1866714,7,-92
1866714,8,-92
1887907,0,-86
1887907,1,-93
1887907,2,-84
1887907,3,-93
1887907,4,-93
1887907,5,-91
1887907,6,-93
1887907,7,-91
1887907,8,-91
1909101,0,-88
1909101,1,-93
1909101,2,-83
1909101,3,-93
1909101,4,-93
1909101,5,-91
1909101,6,-93
1909101,7,-92
1909101,8,-92
1930297,0,-86
1930297,2,-83
1930297,3,-93
1930297,4,-93
1930297,6,-93
1930297,7,-90
1930297,8,-92
1951491,0,-86
1951491,1,-93
1951491,2,-84
1951491,3,-93
1951491,4,-93
1951491,5,-91
1951491,6,-93
1951491,7,-90
1951491,8,-92
1972684,0,-86
1972684,1,-93
1972684,2,-83
1972684,3,-93
1972684,4,-93
1972684,5,-91
1972684,6,-93
1972684,7,-90
1972684,8,-92
1993876,0,-91
1993876,1,-93
1993876,2,-90
1993876,3,-93
1993876,4,-93
1993876,5,-90
1993876,6,-93
1993876,7,-90
1993876,8,-92
2015073,0,-88
2015073,2,-82
2015073,3,-93
2015073,4,-93
2015073,7,-89
2015073,8,-92
2036268,0,-85
243
2036302,2,-81
2036302,3,-93
2036302,4,-93
2036302,5,-91
2036302,6,-93
2036302,7,-92
2036302,8,-92
2057511,0,-88
2057511,1,-93
2057511,2,-85
2057511,3,-93
2057511,4,-93
2057511,5,-91
2057511,6,-93
2057511,7,-90
2057511,8,-92
2078705,0,-87
2078705,1,-93
2078705,2,-86
2078705,3,-93
2078705,4,-93
2078705,5,-91
2078705,6,-93
2078705,7,-91
2078705,8,-92
2099896,0,-86
2099896,1,-93
2099896,2,-87
2099896,3,-93
2099896,4,-92
2099896,5,-90
2099896,6,-93
2099896,7,-90
2099896,8,-92
2121089,0,-87
2121089,1,-93
2121089,2,-84
2121089,3,-93
2121089,4,-93
2121089,5,-91
2121089,6,-93
2121089,7,-93
2121089,8,-92
2142284,0,-87
2142284,1,-93
2142284,2,-82
2142284,3,-93
2142284,4,-93
2142284,5,-92
2142284,7,-91
2142284,8,-92
2163478,0,-86
2163478,1,-93
2163478,2,-84
2163478,3,-93
2163478,4,-93
2163478,5,-92
2163478,6,-93
2163478,7,-90
2163478,8,-92
2184671,0,-88
2184671,1,-93
2184671,2,-84
2184671,3,-93
2184671,4,-93
2184671,5,-92
2184671,6,-93
2184671,7,-91
2184671,8,-92
2205864,0,-85
2205864,1,-93
2205864,2,-84
2205864,3,-93
2205864,4,-93
2205864,5,-92
2205864,6,-93
2205864,7,-91
2205864,8,-92
2227057,0,-88
2227057,1,-93
242
2227092,2,-84
2227092,3,-93
2227092,4,-93
2227092,5,-92
2227092,6,-93
2227092,7,-89
2227092,8,-92
2248300,0,-89
2248300,1,-93
2248300,2,-93
2248300,3,-93
2248300,4,-93
2248300,5,-91
2248300,6,-93
2248300,7,-90
2248300,8,-92
2269493,0,-88
2269493,1,-93
2269493,2,-82
2269493,3,-93
2269493,4,-93
2269493,5,-92
2269493,6,-93
2269493,7,-90
2269493,8,-92
2290687,0,-87
2290687,1,-93
2290687,2,-86
2290687,3,-93
2290687,4,-93
2290687,5,-90
2290687,6,-93
2290687,7,-91
2290687,8,-92
2311878,0,-86
2311878,1,-93
2311878,2,-89
2311878,3,-93
2311878,4,-93
2311878,5,-91
2311878,6,-93
2311878,7,-90
2311878,8,-92
2333073,0,-86
2333073,1,-93
2333073,2,-80
2333073,3,-93
2333073,4,-93
2333073,5,-92
2333073,6,-93
2333073,7,-90
2333073,8,-92
2354267,0,-86
2354267,1,-93
2354267,2,-82
2354267,3,-93
2354267,4,-93
2354267,5,-92
2354267,6,-93
2354267,7,-91
2354267,8,-91
2375460,0,-84
2375460,1,-93
2375460,2,-83
2375460,3,-93
2375460,4,-92
2375460,5,-92
2375460,6,-93
2375460,7,-91
2375460,8,-92
2396653,0,-86
2396653,1,-93
2396653,2,-89
2396653,3,-93
2396653,4,-93
2396653,5,-91
2396653,6,-93
2396653,7,-93
2396653,8,-91
2417845,0,-89
241
2417879,1,-93
2417879,2,-80
2417879,3,-93
2417879,4,-93
2417879,5,-92
2417879,6,-93
2417879,7,-92
2439087,0,-88
2439087,1,-93
2439087,2,-83
2439087,3,-93
2439087,4,-93
2439087,5,-92
2439087,6,-93
2439087,7,-93
2439087,8,-92
2460281,0,-89
2460281,1,-93
2460281,2,-93
2460281,4,-93
2460281,6,-93
2460281,7,-90
2460281,8,-91
2481474,0,-87
2481474,1,-93
2481474,2,-86
2481474,3,-93
2481474,4,-93
2481474,5,-92
2481474,6,-93
2481474,7,-93
2481474,8,-92
2502668,0,-85
2502668,2,-82
2502668,3,-93
2502668,4,-93
2502668,5,-91
2502668,6,-93
2502668,7,-91
2502668,8,-91
2523863,0,-87
2523863,1,-93
2523863,2,-81
2523863,3,-93
2523863,4,-93
2523863,5,-92
2523863,6,-93
2523863,7,-91
2523863,8,-92
2545057,0,-85
2545057,2,-86
2545057,3,-93
2545057,4,-93
2545057,5,-92
2545057,6,-93
2545057,7,-91
2545057,8,-91
2566251,0,-86
2566251,1,-93
2566251,2,-86
2566251,3,-93
2566251,4,-93
2566251,5,-91
2566251,6,-93
2566251,7,-93
2566251,8,-91
2587445,0,-84
2587445,1,-93
2587445,2,-81
2587445,3,-93
2587445,4,-93
2587445,5,-92
2587445,6,-93
2587445,7,-92
2587445,8,-92
2608638,0,-87
2608638,2,-82
2608638,3,-93
2608638,4,-93
2608638,5,-91
240
2608672,6,-93
2608672,7,-91
2608672,8,-91
2629882,0,-87
2629882,1,-93
2629882,2,-81
2629882,3,-93
2629882,4,-92
2629882,5,-91
2629882,6,-93
2629882,7,-91
2629882,8,-92
2651076,0,-86
2651076,1,-93
2651076,2,-80
2651076,3,-93
2651076,4,-93
2651076,5,-91
2651076,6,-93
2651076,7,-90
2651076,8,-92
2672270,0,-88
2672270,1,-93
2672270,2,-83
2672270,3,-93
2672270,4,-92
2672270,5,-91
2672270,6,-93
2672270,7,-92
2672270,8,-92
2693465,0,-82
2693465,1,-93
2693465,2,-82
2693465,3,-93
2693465,6,-93
2693465,7,-91
2693465,8,-92
2714659,0,-86
2714659,1,-90
2714659,2,-83
2714659,3,-93
2714659,4,-93
2714659,5,-91
2714659,6,-93
2714659,7,-93
2714659,8,-91
2735855,0,-89
2735855,2,-84
2735855,3,-93
2735855,4,-93
2735855,5,-92
2735855,7,-89
2735855,8,-92
2757050,0,-87
2757050,1,-93
2757050,2,-87
2757050,3,-93
2757050,4,-92
2757050,5,-90
2757050,6,-93
2757050,7,-89
2757050,8,-90
2778246,0,-86
2778246,1,-93
2778246,2,-84
2778246,3,-93
2778246,4,-91
2778246,5,-91
2778246,6,-93
2778246,7,-90
2778246,8,-92
2799441,0,-87
2799441,1,-93
2799441,2,-86
2799441,3,-93
2799441,4,-92
2799441,5,-92
2799441,7,-93
2799441,8,-93
2820633,0,-86
239
2820667,1,-93
2820667,2,-86
2820667,3,-93
2820667,4,-93
2820667,5,-89
2820667,6,-93
2820667,7,-90
2820667,8,-92
2841877,0,-86
2841877,1,-93
2841877,2,-85
2841877,3,-92
2841877,4,-92
2841877,5,-90
2841877,7,-93
2841877,8,-92
2863071,0,-93
2863071,2,-87
2863071,3,-93
2863071,5,-87
2863071,6,-93
2863071,7,-88
2863071,8,-91
2884268,0,-87
2884268,1,-93
2884268,2,-84
2884268,3,-93
2884268,4,-93
2884268,5,-92
2884268,7,-91
2884268,8,-93
2905462,0,-86
2905462,1,-91
2905462,2,-93
2905462,3,-92
2905462,4,-92
2905462,7,-91
2905462,8,-93
2926655,0,-88
2926655,1,-90
2926655,2,-93
2926655,3,-93
2926655,4,-93
2926655,6,-93
2926655,7,-93
2926655,8,-93
2947847,0,-84
2947847,1,-93
2947847,2,-85
2947847,3,-93
2947847,4,-93
2947847,5,-93
2947847,6,-93
2947847,7,-93
2947847,8,-93
2969039,0,-92
2969039,1,-90
2969039,2,-93
2969039,3,-93
2969039,4,-93
2969039,5,-93
2969039,7,-93
2969039,8,-93
2990232,0,-88
2990232,1,-86
2990232,2,-88
2990232,3,-93
2990232,4,-92
2990232,5,-89
2990232,7,-93
2990232,8,-93
3011425,0,-90
3011425,1,-92
3011425,2,-91
3011425,3,-93
3011425,4,-93
3011425,6,-93
3011425,7,-92
3011425,8,-92
3032621,0,-88
238
3032655,1,-90
3032655,2,-93
3032655,3,-93
3032655,4,-91
3032655,6,-93
3032655,7,-92
3032655,8,-93
3053865,0,-87
3053865,1,-89
3053865,2,-85
3053865,3,-91
3053865,4,-92
3053865,6,-93
3053865,7,-93
3053865,8,-92
3075059,0,-87
3075059,1,-88
3075059,2,-93
3075059,3,-93
3075059,4,-93
3075059,5,-93
3075059,6,-93
3075059,7,-93
3075059,8,-93
3096253,0,-86
3096253,1,-86
3096253,3,-93
3096253,4,-93
3096253,6,-93
3096253,7,-93
3096253,8,-91
3117449,0,-89
3117449,1,-89
3117449,3,-93
3117449,4,-93
3117449,5,-90
3117449,6,-93
3117449,7,-93
3117449,8,-93
3138645,0,-84
3138645,1,-88
3138645,3,-92
3138645,4,-93
3138645,5,-93
3138645,6,-93
3138645,7,-90
3138645,8,-92
3159842,0,-86
3159842,1,-87
3159842,3,-90
3159842,4,-93
3159842,5,-93
3159842,8,-93
3181036,0,-85
3181036,1,-89
3181036,3,-93
3181036,4,-93
3181036,5,-93
3181036,6,-93
3181036,7,-93
3181036,8,-93
3202232,0,-86
3202232,1,-87
3202232,2,-93
3202232,3,-90
3202232,4,-93
3202232,5,-77
3202232,7,-93
3202232,8,-93
3223427,0,-82
3223427,1,-86
3223427,3,-91
3223427,4,-92
3223427,5,-90
3223427,6,-93
3223427,7,-93
3223427,8,-93
3244623,0,-82
3244623,1,-89
3244623,2,-93
237
3244657,3,-92
3244657,4,-92
3244657,5,-89
3244657,8,-93
3265865,0,-84
3265865,1,-88
3265865,2,-93
3265865,3,-93
3265865,4,-93
3265865,5,-89
3265865,6,-93
3265865,7,-91
3265865,8,-93
3287058,0,-82
3287058,1,-90
3287058,2,-93
3287058,3,-93
3287058,4,-93
3287058,5,-92
3287058,6,-93
3287058,7,-91
3287058,8,-93
3308256,0,-84
3308256,1,-90
3308256,3,-90
3308256,4,-93
3308256,6,-93
3308256,8,-92
3329450,0,-87
3329450,1,-89
3329450,3,-91
3329450,4,-93
3329450,5,-92
3329450,7,-93
3329450,8,-93
3350646,0,-86
3350646,2,-93
3350646,3,-91
3350646,4,-92
3350646,6,-93
3350646,7,-93
3350646,8,-92
3371842,0,-85
3371842,2,-93
3371842,3,-91
3371842,4,-93
3371842,5,-84
3371842,6,-93
3371842,7,-92
3371842,8,-91
3393039,0,-86
3393039,3,-93
3393039,4,-93
3393039,5,-90
3393039,6,-93
3393039,7,-93
3393039,8,-90
3414235,0,-88
3414235,3,-92
3414235,4,-92
3414235,5,-93
3414235,6,-93
3414235,7,-93
3414235,8,-93
3435428,0,-90
3435428,2,-93
3435428,3,-93
3435428,4,-93
3435428,6,-93
3435428,7,-93
3435428,8,-93
3456624,0,-86
3456624,3,-92
3456624,4,-92
3456624,6,-93
3456624,7,-93
3456624,8,-93
3477820,0,-89
3477820,3,-92
3477820,4,-92
236
3477854,5,-77
3477854,6,-93
3477854,7,-92
3477854,8,-92
3499066,0,-87
3499066,3,-93
3499066,4,-93
3499066,5,-91
3499066,6,-93
3499066,7,-91
3520262,0,-90
3520262,3,-92
3520262,4,-92
3520262,5,-85
3520262,7,-91
3520262,8,-93
3541457,0,-89
3541457,3,-93
3541457,4,-92
3541457,5,-93
3541457,7,-93
3562654,0,-88
3562654,3,-93
3562654,4,-90
3562654,7,-93
3562654,8,-93
3583849,0,-91
3583849,3,-92
3583849,6,-93
3583849,7,-92
3583849,8,-93
3605046,3,-91
3605046,6,-93
3605046,7,-92
3626243,3,-90
3626243,7,-93
3626243,8,-93
3647440,3,-92
3647440,4,-88
3647440,6,-93
3647440,7,-93
3647440,8,-93
3668637,2,-88
3668637,3,-93
3668637,4,-88
3668637,7,-93
3689833,2,-92
3689833,3,-91
3689833,4,-86
3689833,6,-93
3689833,7,-91
3711030,2,-93
3711030,3,-92
3711030,6,-93
3711030,7,-91
3732226,0,-93
3732226,3,-90
3732226,4,-91
3732226,5,-92
3732226,6,-93
3732226,7,-92
3732226,8,-93
3753422,0,-93
3753422,3,-89
3753422,4,-92
3753422,5,-92
3753422,6,-92
3753422,7,-90
3753422,8,-88
3774617,3,-93
3774617,4,-88
3774617,6,-93
3774617,7,-92
3774617,8,-88
3795814,3,-93
3795814,4,-91
3795814,5,-85
3795814,6,-93
3795814,7,-90
3795814,8,-92
235
3817045,3,-93
3817045,4,-93
3817045,5,-91
3817045,6,-93
3817045,7,-92
3817045,8,-88
3838256,3,-91
3838256,4,-93
3838256,5,-90
3838256,6,-93
3838256,7,-93
3838256,8,-93
3859452,3,-88
3859452,4,-93
3859452,5,-91
3859452,7,-92
3859452,8,-93
3880648,3,-92
3880648,5,-92
3880648,6,-93
3880648,7,-92
3901847,3,-92
3901847,6,-93
3901847,7,-90
3923046,3,-91
3923046,6,-93
3923046,7,-90
3944245,3,-90
3944245,6,-93
3944245,7,-91
3965442,3,-93
3965442,6,-93
3965442,7,-93
3986640,3,-90
3986640,5,-93
3986640,6,-93
3986640,7,-92
4007837,3,-92
4007837,4,-89
4007837,5,-89
4007837,6,-93
4007837,7,-90
4029033,3,-93
4029033,4,-91
4029033,5,-90
4029033,6,-93
4029033,7,-92
4050230,4,-93
4050230,5,-91
4050230,6,-93
4050230,7,-91
4071426,3,-93
4071426,4,-92
4071426,6,-93
4071426,7,-93
4092625,4,-92
4092625,6,-93
4092625,7,-92
4113820,3,-93
4113820,4,-93
4113820,5,-93
4113820,6,-93
4113820,7,-93
4113820,8,-86
4135017,4,-93
4135017,6,-93
4135017,7,-93
4156215,6,-93
4156215,7,-92
4177414,4,-93
4177414,5,-88
4177414,6,-92
4177414,7,-90
4198612,4,-93
4198612,5,-87
4198612,6,-92
4198612,7,-89
4219809,5,-91
4219809,6,-93
4219809,7,-93
234
4241040,3,-92
4241040,5,-92
4241040,6,-93
4241040,7,-88
4262253,3,-93
4262253,5,-91
4262253,6,-93
4262253,7,-86
4283450,3,-93
4283450,5,-91
4283450,6,-93
4283450,7,-90
4304648,3,-93
4304648,5,-92
4304648,6,-93
4304648,7,-83
4325845,3,-93
4325845,5,-93
4325845,6,-93
4325845,7,-90
4347043,3,-93
4347043,6,-93
4347043,7,-91
4368241,5,-93
4368241,6,-93
4368241,7,-89
4389440,7,-91
4410636,0,-90
4410636,3,-93
4410636,5,-93
4410636,6,-93
4410636,7,-89
4431834,0,-91
4431834,7,-92
4453029,3,-93
4453029,4,-93
4453029,5,-93
4453029,6,-92
4453029,7,-92
4474226,4,-92
4474226,5,-93
4474226,6,-93
4495422,0,-93
4495422,1,-92
4495422,6,-93
4495422,7,-93
4516618,3,-93
4516618,4,-91
4516618,5,-93
4516618,6,-93
4516618,7,-93
4537813,1,-93
4537813,3,-93
4537813,4,-93
4537813,5,-91
4537813,6,-93
4537813,7,-92
4559011,1,-78
4559011,4,-81
4559011,5,-86
4559011,6,-93
4559011,7,-90
4580208,4,-91
4580208,6,-93
4580208,7,-91
4601406,0,-93
4601406,4,-79
4601406,5,-88
4601406,6,-92
4601406,7,-89
4622605,6,-93
4622605,7,-88
4643803,3,-93
4643803,6,-92
4664998,2,-93
4664998,3,-93
4664998,4,-93
4664998,5,-92
4664998,7,-93
4686192,2,-93
233
4686226,4,-89
4686226,5,-90
4686226,6,-93
4686226,7,-90
4686226,8,-89
4707439,4,-87
4707439,5,-93
4707439,6,-92
4707439,7,-93
4707439,8,-85
4728634,3,-93
4728634,4,-92
4728634,5,-90
4728634,6,-93
4728634,7,-93
4749828,0,-92
4749828,2,-93
4749828,3,-93
4749828,5,-93
4749828,6,-93
4749828,7,-93
4771023,0,-93
4771023,2,-93
4771023,4,-93
4771023,5,-92
4771023,6,-93
4771023,7,-84
4792219,0,-91
4792219,2,-93
4792219,3,-93
4792219,5,-87
4792219,6,-92
4792219,7,-88
4813415,0,-93
4813415,2,-93
4813415,3,-93
4813415,5,-93
4813415,6,-93
4813415,7,-93
4813415,8,-89
4834608,0,-92
4834608,1,-93
4834608,2,-93
4834608,3,-93
4834608,4,-93
4834608,5,-93
4834608,6,-93
4834608,7,-85
4834608,8,-82
4855800,0,-93
4855800,1,-93
4855800,2,-93
4855800,3,-93
4855800,5,-92
4855800,6,-93
4855800,7,-90
4855800,8,-93
4876994,0,-93
4876994,1,-93
4876994,3,-92
4876994,4,-93
4876994,6,-93
4876994,7,-93
4876994,8,-88
4898188,0,-93
4898188,1,-93
4898188,3,-93
4898188,4,-93
4898188,6,-93
4898188,7,-93
4919384,0,-93
4919384,1,-93
4919384,3,-93
4919384,7,-82
4919384,8,-93
4940579,1,-93
4940579,3,-93
4940579,5,-87
4940579,6,-93
4940579,8,-93
232
4961811,1,-93
4961811,3,-93
4961811,5,-90
4961811,7,-91
4983024,3,-93
4983024,7,-88
4983024,8,-93
5004220,2,-87
5004220,3,-93
5004220,5,-92
5004220,7,-92
5025416,1,-93
5025416,2,-92
5025416,5,-93
5025416,7,-93
5046612,1,-93
5046612,3,-93
5046612,5,-93
5046612,6,-91
5046612,7,-91
5067808,3,-93
5067808,5,-93
5067808,6,-93
5067808,7,-93
5089005,1,-93
5089005,2,-93
5089005,7,-93
5110200,2,-92
5110200,3,-93
5110200,5,-91
5110200,6,-93
5110200,7,-93
5131397,2,-91
5131397,3,-88
5131397,6,-93
5131397,7,-93
5152593,0,-93
5152593,2,-93
5152593,3,-93
5152593,5,-91
5173791,3,-93
5173791,5,-83
5173791,7,-93
5194987,1,-93
5194987,3,-89
5194987,6,-93
5194987,7,-93
5216186,7,-92
5237381,3,-92
5237381,4,-93
5237381,5,-93
5237381,7,-91
5237381,8,-93
5258577,1,-93
5258577,3,-93
5258577,4,-93
5258577,5,-93
5258577,7,-91
5279772,1,-93
5279772,2,-93
5279772,5,-93
5279772,6,-93
5279772,7,-93
5300969,3,-90
5300969,4,-93
5300969,5,-93
5322165,2,-88
5322165,3,-93
5322165,4,-93
5322165,5,-93
5343362,1,-93
5343362,2,-91
5343362,5,-93
5343362,6,-93
5364562,2,-91
5364562,5,-89
5385759,2,-87
5385759,4,-93
5385759,5,-93
5385759,7,-93
231
5406991,2,-91
5406991,4,-92
5406991,5,-93
5428203,2,-91
5428203,4,-93
5428203,7,-93
5449402,2,-86
5449402,4,-93
5470601,2,-86
5470601,4,-93
5470601,6,-92
5491797,2,-90
5491797,4,-92
5491797,5,-85
5491797,6,-93
5491797,7,-93
5512995,2,-68
5512995,3,-93
5512995,4,-93
5512995,5,-83
5512995,7,-92
5534193,2,-68
5534193,7,-93
5555391,2,-71
5555391,4,-93
5555391,7,-93
5576591,2,-79
5576591,7,-90
5597790,2,-87
5597790,4,-93
5597790,7,-91
5597790,8,-92
5618987,2,-73
5618987,4,-93
5618987,6,-91
5618987,7,-90
5640183,0,-93
5640183,2,-72
5640183,4,-90
5640183,5,-93
5640183,7,-93
5640183,8,-93
5661383,2,-66
5661383,4,-93
5682581,2,-66
5682581,5,-93
5682581,8,-93
5703780,2,-70
5703780,6,-92
5724978,2,-72
5724978,6,-93
5724978,7,-93
5746178,2,-79
5746178,6,-93
5746178,7,-91
5767374,2,-77
5767374,4,-93
5767374,5,-93
5767374,6,-93
5767374,7,-90
5788570,2,-65
5788570,4,-92
5788570,5,-93
5788570,6,-92
5788570,7,-91
5809769,2,-68
5809769,5,-86
5809769,7,-93
5830965,0,-93
5830965,2,-66
5830965,4,-93
5830965,5,-90
5830965,6,-93
5830965,7,-92
5852161,0,-93
5852161,2,-71
5852161,5,-91
5852161,7,-92
5852161,8,-93
5873359,0,-93
230
5873393,2,-66
5873393,4,-93
5873393,7,-93
5873393,8,-92
5894608,0,-93
5894608,2,-89
5894608,7,-84
5894608,8,-90
5915803,0,-93
5915803,2,-91
5915803,4,-92
5915803,5,-93
5915803,7,-91
5915803,8,-87
5937002,0,-93
5937002,2,-88
5937002,5,-91
5958200,2,-89
5958200,4,-93
5958200,5,-89
5958200,7,-88
5979399,0,-93
5979399,2,-92
5979399,4,-88
5979399,7,-92
6000595,0,-93
6000595,2,-89
6000595,4,-93
6000595,5,-93
6021792,0,-93
6021792,2,-93
6021792,4,-93
6042988,0,-93
6042988,2,-92
6042988,4,-92
6042988,5,-93
6064185,0,-93
6064185,2,-93
6064185,5,-93
6085382,0,-93
6085382,2,-93
6085382,5,-93
6106579,0,-91
6106579,2,-89
6106579,5,-92
6106579,6,-93
6127779,2,-86
6127779,5,-91
6148978,2,-85
6148978,5,-91
6148978,6,-93
6170176,2,-86
6170176,5,-91
6170176,6,-93
6170176,8,-93
6191376,2,-92
6191376,6,-90
6191376,8,-84
6212576,2,-88
6212576,6,-89
6212576,8,-93
6233773,2,-93
6233773,4,-90
6233773,6,-93
6233773,7,-93
6233773,8,-93
6254970,2,-91
6254970,4,-93
6254970,6,-93
6254970,7,-92
6276168,2,-93
6276168,4,-90
6276168,6,-93
6276168,7,-91
6297365,2,-92
6297365,5,-93
6297365,7,-93
6318561,2,-93
6318561,5,-93
6318561,6,-91
229
6318596,7,-93
6339810,2,-90
6339810,7,-91
6361008,2,-92
6361008,4,-93
6361008,7,-89
6382207,2,-71
6382207,5,-93
6382207,7,-90
6403402,2,-93
6403402,3,-93
6403402,4,-91
6403402,6,-93
6403402,7,-92
6424600,0,-88
6424600,1,-88
6424600,2,-90
6424600,3,-91
6424600,4,-92
6424600,5,-92
6424600,7,-91
6424600,8,-93
6445799,0,-91
6445799,1,-87
6445799,2,-91
6445799,3,-87
6445799,4,-92
6445799,5,-92
6445799,6,-93
6445799,7,-89
6445799,8,-90
6466996,0,-92
6466996,1,-93
6466996,2,-92
6466996,5,-91
6466996,8,-89
6677179,0,-93
6677179,2,-80
6677179,4,-90
6677179,5,-92
6677179,6,-92
6677179,7,-87
6677179,8,-90
6698375,0,-90
6698375,1,-93
6698375,2,-78
6698375,3,-93
6698375,5,-92
6698375,7,-93
6698375,8,-91
6719572,0,-93
6719572,1,-93
6719572,2,-91
6719572,4,-84
6719572,5,-88
6719572,7,-88
6719572,8,-93
6740767,0,-93
6740767,1,-93
6740767,2,-90
6740767,4,-89
6740767,5,-93
6740767,6,-93
6740767,8,-84
6761963,0,-93
6761963,2,-92
6761963,5,-88
6761963,6,-93
6761963,8,-90
6783162,0,-93
6783162,2,-86
6783162,4,-93
6783162,5,-85
6783162,8,-89
6804357,0,-93
6804357,2,-81
6804357,3,-93
6804357,4,-92
6804357,5,-92
6804357,6,-93
228
6804391,8,-88
6825605,0,-93
6825605,2,-84
6825605,4,-87
6825605,8,-92
6846802,2,-93
6846802,4,-93
6846802,5,-93
6846802,8,-92
6867998,0,-93
6867998,2,-85
6867998,3,-93
6867998,4,-91
6867998,5,-93
6867998,8,-91
6889193,0,-93
6889193,1,-93
6889193,2,-92
6889193,3,-92
6889193,4,-93
6889193,8,-92
6910391,0,-89
6910391,1,-93
6910391,2,-87
6910391,4,-91
6910391,5,-93
6910391,8,-93
6931588,0,-88
6931588,1,-93
6931588,2,-92
6931588,4,-92
6931588,5,-93
6931588,8,-91
6952786,0,-89
6952786,1,-93
6952786,2,-89
6952786,4,-92
6952786,5,-93
6952786,8,-93
6973981,0,-91
6973981,2,-87
6973981,3,-93
6973981,4,-93
6973981,8,-92
6995180,0,-89
6995180,2,-83
6995180,3,-93
6995180,4,-92
6995180,8,-92
7016378,0,-90
7016378,1,-92
7016378,2,-91
7016378,6,-93
7016378,8,-92
7037573,0,-89
7037573,1,-93
7037573,2,-91
7037573,4,-92
7037573,6,-93
7037573,8,-91
7058769,1,-93
7058769,3,-93
7058769,4,-92
7058769,5,-93
7058769,6,-85
7058769,8,-90
7079964,1,-93
7079964,3,-93
7079964,4,-91
7079964,5,-93
7079964,6,-93
7079964,8,-82
7101160,0,-90
7101160,3,-93
7101160,4,-90
7101160,5,-91
7101160,6,-92
7101160,8,-92
7122357,1,-93
7122357,3,-93
227
7122391,4,-91
7122391,5,-86
7122391,6,-93
7143604,3,-92
7143604,4,-93
7143604,5,-90
7143604,6,-93
7143604,7,-85
7164801,3,-93
7164801,4,-93
7164801,5,-90
7164801,7,-88
7185996,0,-89
7185996,2,-91
7185996,3,-93
7185996,4,-87
7185996,5,-93
7185996,6,-92
7207193,0,-93
7207193,2,-86
7207193,3,-93
7207193,4,-91
7207193,5,-92
7207193,6,-93
7207193,8,-88
7228391,0,-89
7228391,2,-88
7228391,3,-93
7228391,4,-92
7228391,5,-89
7228391,6,-90
7228391,8,-93
7249587,0,-93
7249587,4,-93
7249587,5,-90
7249587,6,-93
7249587,8,-93
7270783,3,-93
7270783,4,-93
7270783,5,-92
7270783,6,-93
7270783,8,-93
7291980,4,-90
7291980,5,-93
7291980,6,-93
7291980,8,-93
7313176,2,-93
7313176,4,-93
7313176,6,-93
7313176,8,-93
7334374,5,-88
7334374,6,-93
7334374,8,-93
7355569,0,-91
7355569,2,-93
7355569,5,-92
7355569,6,-92
7355569,8,-93
7376765,0,-93
7376765,3,-93
7376765,5,-90
7376765,6,-93
7397961,3,-93
7397961,4,-93
7397961,5,-93
7397961,6,-92
7397961,8,-90
7419157,0,-93
7419157,4,-92
7419157,5,-88
7419157,6,-93
7419157,8,-93
7440355,0,-91
7440355,5,-87
7440355,6,-93
7440355,8,-93
7461550,0,-92
7461550,1,-93
7461550,4,-88
7461550,5,-93
226
7461584,6,-93
7482798,4,-87
7482798,5,-89
7482798,8,-93
7503995,0,-93
7503995,1,-92
7503995,5,-90
7503995,8,-93
7525194,1,-91
7525194,2,-93
7525194,5,-86
7525194,8,-89
7546390,0,-93
7546390,4,-93
7546390,6,-92
7546390,8,-93
7567587,1,-93
7567587,3,-93
7567587,4,-93
7567587,6,-93
7567587,8,-87
7588782,1,-93
7588782,2,-93
7588782,3,-93
7588782,4,-93
7588782,5,-92
7609979,1,-88
7609979,2,-87
7609979,3,-93
7609979,4,-93
7609979,5,-92
7631176,1,-90
7631176,3,-93
7631176,4,-87
7631176,5,-92
7631176,6,-93
7631176,8,-93
7652373,1,-86
7652373,2,-93
7652373,3,-92
7652373,4,-87
7652373,6,-93
7652373,8,-93
7673571,0,-93
7673571,1,-73
7673571,4,-84
7673571,6,-93
7694766,0,-89
7694766,1,-75
7694766,4,-88
7694766,5,-93
7694766,6,-91
7694766,7,-92
7715965,1,-87
7715965,2,-93
7715965,4,-87
7715965,8,-91
7737163,1,-79
7737163,4,-92
7737163,5,-93
7758362,0,-92
7758362,1,-90
7758362,4,-93
7779560,1,-89
7779560,5,-90
7779560,8,-93
7800758,1,-76
7800758,4,-90
7800758,5,-92
7800758,8,-93
7821957,0,-88
7821957,1,-76
7821957,3,-93
7821957,4,-92
7843153,0,-88
7843153,1,-90
7843153,3,-93
7843153,4,-91
7843153,5,-92
7843153,8,-93
225
7864382,0,-92
7864382,1,-91
7864382,3,-93
7864382,4,-93
7864382,5,-93
7864382,8,-91
7885592,1,-88
7885592,3,-93
7885592,4,-93
7885592,5,-84
7885592,8,-92
7906789,0,-92
7906789,3,-93
7906789,4,-93
7906789,5,-93
7906789,8,-91
7927986,3,-93
7927986,4,-93
7927986,5,-93
7927986,8,-92
7949183,0,-89
7949183,3,-93
7949183,4,-92
7949183,5,-93
7949183,8,-92
7970379,0,-93
7970379,2,-93
7970379,3,-93
7970379,5,-93
7970379,8,-92
7991576,0,-91
7991576,1,-93
7991576,2,-88
7991576,3,-93
7991576,4,-93
7991576,5,-89
7991576,8,-93
8012772,0,-91
8012772,2,-90
8012772,3,-93
8012772,5,-93
8012772,8,-93
8033968,1,-93
8033968,2,-93
8033968,5,-93
8033968,6,-85
8033968,8,-92
8055165,1,-92
8055165,3,-93
8055165,4,-93
8055165,6,-90
8055165,8,-93
8076362,0,-93
8076362,3,-93
8076362,5,-84
8076362,8,-93
8097558,0,-92
8097558,3,-93
8097558,4,-90
8097558,5,-90
8097558,6,-92
8097558,8,-93
8118755,0,-93
8118755,1,-93
8118755,5,-92
8118755,6,-90
8118755,8,-90
8139952,1,-87
8139952,3,-93
8139952,4,-88
8139952,5,-93
8139952,6,-93
8161147,0,-92
8161147,1,-93
8161147,3,-92
8161147,4,-93
8161147,5,-93
8182344,1,-93
8182344,3,-93
8182344,4,-93
224
8182378,5,-84
8182378,6,-89
8203589,1,-93
8203589,4,-93
8203589,5,-90
8203589,6,-92
8203589,8,-92
8224785,1,-93
8224785,4,-93
8224785,5,-92
8224785,6,-92
8224785,8,-92
8245982,0,-93
8245982,1,-93
8245982,4,-93
8245982,5,-93
8245982,6,-91
8245982,8,-92
8267177,1,-93
8267177,3,-93
8267177,4,-93
8267177,6,-93
8267177,8,-92
8288370,0,-93
8288370,1,-93
8288370,3,-91
8288370,4,-93
8288370,5,-93
8288370,6,-84
8288370,7,-93
8288370,8,-90
8309566,0,-93
8309566,4,-93
8309566,5,-89
8309566,6,-93
8309566,7,-92
8309566,8,-89
8330762,0,-93
8330762,4,-93
8330762,5,-92
8330762,6,-90
8330762,7,-93
8330762,8,-92
8351957,0,-90
8351957,1,-93
8351957,4,-89
8351957,5,-85
8351957,6,-93
8351957,7,-93
8351957,8,-93
8373153,0,-89
8373153,1,-93
8373153,4,-92
8373153,5,-89
8373153,6,-92
8373153,8,-93
8394350,0,-93
8394350,4,-92
8394350,5,-85
8394350,8,-93
8415547,2,-91
8415547,4,-93
8415547,5,-92
8415547,8,-93
8436743,2,-87
8436743,3,-93
8436743,4,-93
8436743,5,-92
8436743,6,-93
8436743,8,-92
8457939,2,-92
8457939,4,-93
8457939,5,-93
8457939,6,-90
8457939,8,-92
8479137,3,-93
8479137,4,-91
8479137,5,-93
8479137,6,-91
8479137,8,-92
223
8500367,0,-93
8500367,1,-93
8500367,3,-93
8500367,4,-92
8500367,8,-89
8521580,0,-93
8521580,4,-93
8521580,5,-92
8521580,6,-88
8521580,8,-87
8542777,0,-93
8542777,1,-93
8542777,5,-91
8542777,6,-90
8542777,8,-86
8563975,0,-93
8563975,4,-93
8563975,5,-92
8563975,8,-91
8585171,0,-93
8585171,4,-93
8585171,5,-91
8585171,6,-93
8606368,3,-93
8606368,4,-93
8606368,5,-90
8606368,6,-93
8627563,0,-93
8627563,4,-92
8627563,5,-88
8627563,6,-93
8627563,8,-93
8648760,0,-93
8648760,5,-89
8648760,6,-91
8669956,0,-93
8669956,1,-90
8669956,3,-93
8669956,4,-92
8669956,5,-89
8691153,0,-87
8691153,3,-91
8691153,4,-93
8691153,5,-93
8691153,8,-93
8712349,0,-93
8712349,1,-93
8712349,3,-93
8712349,4,-93
8712349,5,-93
8712349,8,-92
8733544,0,-93
8733544,1,-93
8733544,3,-89
8733544,4,-93
8733544,5,-93
8733544,8,-85
8754739,0,-91
8754739,1,-88
8754739,2,-93
8754739,3,-90
8754739,4,-92
8754739,5,-90
8754739,8,-92
8775937,1,-88
8775937,3,-92
8775937,4,-93
8775937,5,-91
8797134,0,-93
8797134,2,-93
8797134,3,-88
8797134,4,-93
8797134,5,-88
8818327,0,-87
8818327,1,-91
8818327,2,-90
8818327,3,-92
8818327,4,-93
8818327,5,-89
8818327,6,-92
222
8818361,7,-93
8818361,8,-92
8839574,1,-93
8839574,3,-91
8839574,4,-93
8839574,5,-91
8839574,6,-91
8860770,1,-93
8860770,2,-90
8860770,3,-91
8860770,4,-92
8881967,1,-93
8881967,2,-93
8881967,3,-87
8881967,4,-92
8903163,2,-91
8903163,3,-93
8903163,4,-91
8903163,5,-93
8924361,2,-93
8924361,3,-90
8924361,5,-93
8945557,2,-93
8945557,4,-93
8945557,5,-93
8945557,8,-93
8966753,2,-93
8966753,3,-93
8966753,4,-93
8966753,5,-93
8987950,2,-93
8987950,5,-93
8987950,8,-93
9009147,2,-93
9009147,3,-93
9009147,5,-93
9030345,2,-93
9030345,5,-93
9051542,2,-93
9051542,3,-93
9051542,5,-92
9072738,2,-93
9072738,3,-93
9072738,4,-93
9072738,5,-93
9093934,2,-93
9093934,3,-93
9093934,5,-93
9093934,8,-93
9115130,2,-92
9115130,3,-93
9115130,4,-93
9115130,5,-93
9136327,2,-92
9136327,3,-93
9136327,5,-93
9157525,2,-91
9157525,3,-93
9157525,5,-92
9178722,2,-93
9178722,3,-93
9178722,5,-93
9199921,2,-90
9199921,5,-93
9221117,2,-91
9221117,3,-93
9221117,4,-93
9221117,5,-93
9242315,2,-91
9242315,3,-93
9263512,2,-93
9263512,4,-93
9263512,5,-93
9284706,0,-93
9284706,2,-92
9284706,3,-93
9284706,4,-93
9284706,5,-93
9284706,6,-93
9305901,0,-93
221
9305935,1,-93
9305935,2,-92
9305935,3,-93
9305935,5,-93
9305935,8,-87
9327146,0,-93
9327146,1,-87
9327146,2,-93
9327146,4,-93
9327146,5,-93
9348341,0,-93
9348341,1,-93
9348341,2,-93
9348341,3,-88
9348341,4,-93
9348341,5,-92
9348341,6,-93
9369537,0,-93
9369537,1,-90
9369537,2,-89
9369537,3,-90
9369537,5,-93
9369537,6,-93
9369537,8,-92
9390733,1,-93
9390733,2,-92
9390733,3,-90
9390733,4,-93
9390733,6,-92
9411929,0,-93
9411929,1,-91
9411929,2,-91
9411929,3,-90
9411929,4,-93
9433127,0,-85
9433127,1,-92
9433127,2,-92
9433127,3,-90
9433127,4,-92
9433127,5,-92
9433127,6,-90
9454321,0,-88
9454321,2,-92
9454321,3,-93
9454321,4,-92
9454321,5,-93
9454321,8,-92
9475516,0,-92
9475516,1,-93
9475516,2,-91
9475516,3,-90
9475516,4,-92
9475516,5,-92
9475516,8,-92
9496711,0,-91
9496711,1,-93
9496711,2,-92
9496711,3,-93
9496711,4,-92
9496711,5,-93
9496711,6,-93
9496711,8,-91
9517906,0,-90
9517906,1,-93
9517906,2,-92
9517906,3,-93
9517906,4,-92
9517906,5,-93
9517906,8,-93
9539101,0,-92
9539101,1,-93
9539101,2,-92
9539101,3,-93
9539101,4,-92
9539101,5,-91
9539101,6,-88
9539101,8,-93
9560296,0,-93
9560296,1,-93
9560296,2,-92
220
9560330,3,-93
9560330,4,-93
9560330,5,-88
9560330,8,-92
9581538,0,-93
9581538,1,-93
9581538,2,-93
9581538,3,-93
9581538,4,-93
9581538,5,-87
9581538,6,-93
9581538,8,-93
9602732,0,-93
9602732,1,-93
9602732,2,-93
9602732,3,-93
9602732,4,-93
9602732,5,-90
9602732,8,-92
9623926,0,-93
9623926,1,-90
9623926,2,-93
9623926,3,-93
9623926,4,-93
9623926,5,-90
9623926,8,-93
9645118,0,-93
9645118,1,-93
9645118,2,-93
9645118,3,-93
9645118,4,-93
9645118,5,-90
9645118,6,-93
9645118,8,-93
9666312,0,-92
9666312,1,-93
9666312,2,-92
9666312,4,-93
9666312,6,-93
9666312,7,-92
9666312,8,-93
9687505,0,-91
9687505,1,-93
9687505,2,-93
9687505,3,-93
9687505,4,-93
9687505,5,-88
9687505,6,-93
9687505,7,-92
9687505,8,-93
9708699,0,-93
9708699,1,-91
9708699,2,-93
9708699,3,-93
9708699,4,-93
9708699,5,-91
9729891,0,-93
9729891,1,-93
9729891,2,-92
9729891,3,-93
9729891,4,-93
9729891,5,-93
9729891,7,-86
9729891,8,-93
9751085,0,-92
9751085,1,-92
9751085,2,-92
9751085,3,-93
9751085,4,-93
9751085,5,-91
9751085,7,-91
9751085,8,-92
9772277,0,-90
9772277,1,-93
9772277,2,-91
9772277,3,-93
9772277,4,-93
9772277,5,-93
9772277,6,-93
9772277,7,-93
219
9793507,0,-90
9793507,1,-92
9793507,2,-91
9793507,3,-92
9793507,4,-93
9793507,5,-89
9793507,6,-93
9793507,7,-93
9793507,8,-93
9814713,0,-93
9814713,1,-93
9814713,2,-93
9814713,3,-93
9814713,4,-93
9814713,5,-90
9814713,6,-93
9814713,7,-93
9814713,8,-92
9835908,0,-92
9835908,1,-93
9835908,2,-93
9835908,3,-93
9835908,4,-93
9835908,5,-88
9835908,6,-93
9835908,8,-91
9857102,0,-92
9857102,2,-91
9857102,3,-93
9857102,4,-92
9857102,5,-90
9857102,6,-93
9857102,7,-93
9857102,8,-91
9878297,0,-92
9878297,1,-93
9878297,2,-93
9878297,3,-92
9878297,4,-93
9878297,5,-86
9878297,6,-93
9878297,7,-91
9878297,8,-91
9899494,0,-91
9899494,1,-93
9899494,2,-91
9899494,3,-91
9899494,4,-93
9899494,5,-91
9899494,8,-90
9920688,0,-92
9920688,1,-93
9920688,2,-93
9920688,3,-92
9920688,4,-93
9920688,5,-86
9920688,6,-93
9920688,7,-93
9920688,8,-87
9941882,0,-92
9941882,1,-93
9941882,2,-91
9941882,3,-93
9941882,4,-93
9941882,5,-85
9941882,6,-93
9941882,7,-93
9941882,8,-90
9963076,0,-92
9963076,1,-92
9963076,2,-92
9963076,3,-91
9963076,4,-93
9963076,5,-90
9963076,6,-93
9963076,7,-93
9963076,8,-90
9984269,0,-92
9984269,1,-93
9984269,2,-93
218
9984304,3,-93
9984304,4,-93
9984304,5,-89
9984304,6,-93
9984304,7,-93
9984304,8,-93
10005512,0,-92
10005512,2,-93
10005512,3,-93
10005512,4,-93
10005512,5,-91
10005512,7,-93
10005512,8,-93
10026706,0,-92
10026706,1,-93
10026706,2,-93
10026706,3,-93
10026706,4,-93
10026706,5,-90
10026706,7,-93
10047898,0,-93
10047898,1,-93
10047898,2,-93
10047898,3,-93
10047898,4,-91
10047898,5,-92
10047898,7,-93
10047898,8,-93
10069093,0,-92
10069093,2,-93
10069093,3,-93
10069093,4,-93
10069093,5,-93
10069093,6,-93
10090288,0,-88
10090288,2,-93
10090288,3,-93
10090288,4,-90
10090288,5,-85
10090288,7,-93
10111480,0,-93
10111480,1,-93
10111480,2,-93
10111480,3,-92
10111480,4,-92
10111480,5,-85
10111480,7,-93
10111480,8,-93
10132675,0,-92
10132675,1,-93
10132675,2,-93
10132675,3,-93
10132675,4,-93
10132675,5,-87
10132675,8,-93
10153868,0,-90
10153868,1,-92
10153868,2,-93
10153868,3,-93
10153868,4,-93
10153868,5,-91
10153868,7,-93
10153868,8,-93
10175060,0,-92
10175060,1,-93
10175060,2,-91
10175060,3,-93
10175060,4,-93
10175060,5,-88
10175060,6,-93
10175060,7,-93
10196254,0,-93
10196254,1,-93
10196254,2,-92
10196254,3,-93
10196254,4,-91
10196254,5,-88
10196254,7,-93
10196254,8,-93
10217449,0,-92
217
10217484,1,-93
10217484,2,-92
10217484,3,-93
10217484,4,-93
10217484,5,-87
10217484,6,-93
10217484,7,-93
10217484,8,-93
10238693,0,-93
10238693,1,-93
10238693,2,-92
10238693,3,-93
10238693,4,-93
10238693,5,-89
10238693,6,-92
10238693,7,-93
10238693,8,-93
10259884,0,-92
10259884,1,-93
10259884,2,-92
10259884,3,-93
10259884,4,-93
10259884,5,-92
10259884,6,-93
10259884,7,-93
10259884,8,-93
10281078,0,-92
10281078,1,-93
10281078,2,-92
10281078,3,-93
10281078,4,-92
10281078,5,-87
10281078,6,-92
10281078,7,-93
10281078,8,-93
10302273,0,-91
10302273,1,-93
10302273,2,-92
10302273,3,-93
10302273,4,-93
10302273,5,-89
10302273,6,-92
10302273,7,-93
10302273,8,-93
10323467,0,-92
10323467,1,-93
10323467,2,-92
10323467,3,-93
10323467,4,-93
10323467,5,-87
10323467,6,-93
10323467,7,-93
10323467,8,-93
10344662,0,-92
10344662,1,-93
10344662,2,-91
10344662,3,-93
10344662,4,-93
10344662,5,-88
10344662,6,-93
10344662,7,-93
10344662,8,-93
10365856,0,-92
10365856,1,-93
10365856,2,-92
10365856,3,-92
10365856,4,-93
10365856,5,-84
10365856,6,-92
10365856,7,-93
10365856,8,-93
10387050,0,-92
10387050,2,-93
10387050,3,-93
10387050,4,-93
10387050,5,-90
10387050,6,-93
10387050,7,-93
10387050,8,-93
10408241,0,-92
216
10408275,1,-93
10408275,2,-93
10408275,3,-93
10408275,4,-93
10408275,5,-86
10408275,6,-93
10408275,7,-93
10408275,8,-93
10429484,0,-92
10429484,1,-93
10429484,2,-92
10429484,3,-93
10429484,4,-93
10429484,5,-89
10429484,6,-92
10429484,7,-93
10429484,8,-93
10450677,0,-92
10450677,1,-93
10450677,2,-93
10450677,3,-93
10450677,4,-93
10450677,5,-86
10450677,6,-93
10450677,7,-93
10450677,8,-93
10471869,0,-91
10471869,1,-93
10471869,2,-92
10471869,3,-93
10471869,4,-93
10471869,5,-87
10471869,6,-93
10471869,7,-93
10471869,8,-93
10493064,0,-92
10493064,1,-93
10493064,2,-92
10493064,3,-93
10493064,4,-93
10493064,5,-88
10493064,6,-93
10493064,7,-93
10493064,8,-93
10514257,0,-91
10514257,1,-93
10514257,2,-92
10514257,3,-93
10514257,4,-93
10514257,5,-87
10514257,6,-93
10514257,7,-93
10514257,8,-93
10535451,0,-91
10535451,1,-93
10535451,2,-92
10535451,3,-93
10535451,4,-93
10535451,5,-86
10535451,6,-93
10535451,7,-93
10535451,8,-93
10556644,0,-92
10556644,1,-93
10556644,2,-91
10556644,4,-93
10556644,5,-85
10556644,6,-93
10556644,7,-93
10556644,8,-93
10577838,0,-92
10577838,1,-93
10577838,2,-92
10577838,3,-93
10577838,4,-93
10577838,5,-89
10577838,6,-93
10577838,7,-93
10577838,8,-93
10599030,0,-92
215
10599064,1,-93
10599064,2,-92
10599064,3,-93
10599064,4,-92
10599064,5,-90
10599064,6,-93
10599064,7,-93
10599064,8,-93
10620273,0,-91
10620273,1,-93
10620273,2,-91
10620273,3,-93
10620273,4,-93
10620273,5,-86
10620273,6,-93
10620273,7,-93
10620273,8,-93
10641470,0,-92
10641470,1,-93
10641470,2,-92
10641470,3,-92
10641470,4,-93
10641470,5,-91
10641470,6,-93
10641470,8,-93
10662662,0,-92
10662662,1,-93
10662662,2,-92
10662662,4,-93
10662662,5,-89
10662662,6,-93
10662662,7,-93
10662662,8,-93
10683857,0,-91
10683857,1,-93
10683857,2,-92
10683857,3,-92
10683857,4,-93
10683857,5,-88
10683857,6,-93
10683857,7,-93
10683857,8,-93
10705048,0,-93
10705048,1,-93
10705048,2,-92
10705048,3,-92
10705048,4,-93
10705048,5,-90
10705048,6,-93
10705048,7,-93
10705048,8,-93
10726241,0,-93
10726241,1,-93
10726241,2,-92
10726241,3,-93
10726241,4,-93
10726241,5,-86
10726241,6,-93
10726241,7,-93
10726241,8,-93
10747438,0,-92
10747438,1,-92
10747438,2,-92
10747438,3,-92
10747438,4,-93
10747438,5,-88
10747438,6,-93
10747438,7,-93
10747438,8,-93
10768633,0,-92
10768633,1,-93
10768633,2,-91
10768633,3,-92
10768633,4,-93
10768633,5,-88
10768633,6,-93
10768633,7,-93
10768633,8,-93
10789827,0,-92
10789827,1,-93
214
10789862,2,-92
10789862,3,-93
10789862,4,-93
10789862,5,-89
10789862,6,-92
10789862,7,-93
10789863,8,-93
10811069,0,-92
10811069,1,-93
10811069,2,-92
10811069,3,-92
10811069,4,-93
10811069,5,-87
10811069,6,-93
10811069,7,-93
10811069,8,-93
10832262,0,-92
10832262,1,-93
10832262,2,-92
10832262,3,-92
10832262,4,-93
10832262,5,-86
10832262,6,-93
10832262,7,-93
10832262,8,-90
10853454,0,-92
10853454,1,-93
10853454,2,-93
10853454,3,-93
10853454,4,-93
10853454,5,-88
10853454,6,-92
10853454,7,-93
10853454,8,-93
10874646,0,-92
10874646,1,-93
10874646,2,-92
10874646,3,-92
10874646,4,-93
10874646,5,-89
10874646,6,-93
10874646,7,-93
10874646,8,-93
10895839,0,-92
10895839,1,-93
10895839,2,-92
10895839,3,-93
10895839,4,-93
10895839,5,-85
10895839,6,-93
10895839,7,-93
10895839,8,-93
10917031,0,-92
10917031,1,-93
10917031,2,-92
10917031,3,-92
10917031,4,-93
10917031,5,-92
10917031,6,-93
10917031,7,-93
10917031,8,-93
10938224,0,-92
10938224,1,-93
10938224,2,-91
10938224,3,-92
10938224,4,-93
10938224,5,-89
10938224,6,-93
10938224,7,-93
10938224,8,-93
10959416,0,-91
10959416,1,-93
10959416,2,-91
10959416,3,-93
10959416,4,-93
10959416,5,-87
10959416,6,-93
10959416,7,-93
10959416,8,-93
10980612,0,-93
213
10980647,1,-92
10980647,2,-91
10980647,3,-93
10980647,4,-93
10980647,5,-87
10980647,6,-92
10980647,7,-93
10980647,8,-93
11001855,0,-92
11001855,1,-93
11001855,2,-92
11001855,3,-92
11001855,4,-93
11001855,5,-86
11001855,6,-93
11001855,7,-93
11001855,8,-93
11023050,0,-92
11023050,1,-93
11023050,2,-91
11023050,3,-92
11023050,4,-92
11023050,5,-87
11023050,6,-93
11023050,7,-93
11023050,8,-93
11044244,0,-92
11044244,1,-93
11044244,2,-92
11044244,3,-92
11044244,4,-93
11044244,5,-89
11044244,6,-92
11044244,7,-93
11044244,8,-93
11065437,0,-92
11065437,1,-93
11065437,2,-92
11065437,3,-93
11065437,4,-93
11065437,5,-87
11065437,6,-93
11065437,7,-93
11065437,8,-93
11086633,0,-92
11086633,1,-93
11086633,5,-88
11086633,6,-93
11086633,7,-93
11086633,8,-93
11107828,0,-93
11107828,1,-93
11107828,2,-91
11107828,3,-93
11107828,4,-93
11107828,5,-91
11107828,6,-93
11107828,7,-93
11107828,8,-93
11129022,0,-92
11129022,1,-93
11129022,2,-93
11129022,3,-89
11129022,4,-93
11129022,5,-91
11129022,7,-93
11150218,0,-92
11150218,1,-93
11150218,2,-90
11150218,3,-91
11150218,4,-93
11150218,5,-90
11150218,6,-93
11150218,8,-91
11171412,0,-90
11171412,1,-93
11171412,2,-92
11171412,3,-91
11171412,4,-93
11171412,5,-88
212
11171446,6,-93
11171446,8,-93
11192654,0,-90
11192654,1,-93
11192654,2,-93
11192654,3,-92
11192654,4,-93
11192654,5,-92
11192654,6,-93
11192654,7,-93
11213852,0,-90
11213852,1,-92
11213852,2,-93
11213852,3,-92
11213852,4,-92
11213852,5,-88
11235046,0,-92
11235046,1,-91
11235046,2,-93
11235046,3,-92
11235046,4,-92
11235046,5,-87
11235046,6,-93
11235046,7,-93
11256241,0,-92
11256241,1,-92
11256241,2,-92
11256241,3,-93
11256241,4,-93
11256241,5,-90
11256241,7,-93
11277437,0,-91
11277437,1,-93
11277437,2,-93
11277437,3,-93
11277437,4,-93
11277437,7,-93
11298631,0,-90
11298631,1,-93
11298631,2,-93
11298631,3,-92
11298631,4,-89
11298631,7,-93
11319827,1,-93
11319827,2,-87
11319827,3,-93
11319827,7,-93
11341025,1,-86
11341025,2,-93
11341025,3,-92
11341025,7,-85
11362222,2,-93
11362222,3,-93
11362222,7,-93
11383419,2,-93
11383419,3,-93
11383419,7,-92
11404617,2,-93
11404617,3,-93
11425816,3,-88
11447016,3,-91
11468215,3,-93
11531814,7,-93
11595413,7,-93
11637812,6,-93
11701411,7,-93
11765010,7,-88
11786209,7,-92
12019408,8,-93
12083008,8,-91
12104207,6,-93
12104207,8,-91
12125406,6,-93
12167805,6,-93
12189003,5,-83
12189003,6,-83
12210202,8,-84
12231401,6,-92
12252602,4,-88
12252602,8,-91
211
12273835,4,-92
12295050,4,-93
12316248,4,-93
12316248,6,-84
12337447,4,-90
12337447,8,-90
12358643,0,-89
12358643,1,-92
12358643,4,-93
12358643,8,-93
12379840,0,-93
12379840,4,-93
12379840,5,-93
12401038,1,-93
12401038,8,-92
12422238,5,-93
12464637,5,-93
12485836,8,-93
12507032,0,-91
12507032,1,-83
12507032,3,-85
12507032,8,-92
12528230,3,-91
12528230,4,-93
12528230,8,-92
12549429,4,-93
12570628,4,-93
12591825,1,-86
12591825,2,-89
12591825,3,-88
12613024,3,-89
12613024,4,-84
12634221,2,-93
12634221,3,-91
12634221,4,-93
12655417,1,-93
12655417,2,-92
12655417,3,-88
12655417,4,-93
12676616,4,-93
12697815,4,-93
12719013,3,-93
12719013,4,-93
12740212,3,-93
12761410,3,-93
12761410,6,-84
12782609,4,-93
12825008,4,-93
12846205,0,-93
12846205,1,-89
12846205,3,-83
12867403,3,-84
12867403,7,-93
12888601,3,-93
12888601,4,-88
12888601,7,-89
12909799,3,-93
12909799,7,-92
12930997,3,-93
12930997,4,-93
12973396,4,-93
12994595,3,-93
13015794,3,-93
13058193,2,-93
13079392,1,-84
13100588,1,-85
13100588,2,-91
13100588,6,-85
13100588,8,-93
13121786,1,-87
13121786,7,-84
13142985,1,-83
13185383,1,-88
13185383,7,-83
13206581,1,-93
13206581,7,-83
13227780,3,-88
13248979,3,-84
13270177,1,-83
13270177,3,-93