250
1158,0,-79
1158,1,-77
1158,2,-95
1158,3,-70
1158,4,-88
1158,5,-69
1158,6,-85
1158,7,-89
22371,0,-80
22371,1,-78
22371,2,-94
22371,3,-71
22371,4,-91
22371,5,-70
22371,6,-86
22371,7,-90
43569,0,-86
43569,1,-77
43569,2,-93
43569,3,-70
43569,4,-87
43569,5,-70
43569,6,-88
43569,7,-92
64766,0,-93
64766,1,-77
64766,2,-93
64766,3,-74
64766,4,-86
64766,5,-71
64766,6,-85
64766,7,-89
85964,0,-83
85964,1,-77
85964,2,-95
85964,3,-70
85964,4,-87
85964,5,-79
85964,6,-88
85964,7,-89
107162,0,-86
107162,1,-77
107162,2,-93
107162,3,-70
107162,4,-91
107162,5,-74
107162,6,-87
107162,7,-90
107162,8,-96
128359,0,-80
128359,1,-80
128359,2,-93
128359,3,-70
128359,4,-87
128359,5,-70
128359,6,-92
128359,7,-90
149558,0,-80
149558,1,-77
149558,2,-95
149558,3,-70
149558,4,-89
149558,5,-70
149558,6,-91
149558,7,-90
170757,0,-81
170757,1,-78
170757,2,-93
170757,3,-76
170757,4,-90
170757,5,-75
170757,6,-85
170757,7,-90
191953,0,-90
191953,1,-83
191953,2,-89
191953,3,-71
191953,4,-86
191953,5,-79
191953,6,-90
249
191987,7,-90
191987,8,-96
213198,0,-87
213198,1,-77
213198,2,-94
213198,3,-70
213198,4,-87
213198,5,-70
213198,6,-90
213198,7,-89
213198,8,-86
234393,0,-84
234393,1,-77
234393,2,-78
234393,3,-70
234393,4,-92
234393,5,-70
234393,6,-84
234393,7,-90
234393,8,-75
255588,0,-80
255588,1,-77
255588,2,-76
255588,3,-72
255588,4,-90
255588,5,-74
255588,6,-86
255588,7,-88
255588,8,-75
276785,0,-80
276785,1,-79
276785,2,-76
276785,3,-70
276785,4,-90
276785,5,-79
276785,6,-86
276785,7,-89
276785,8,-81
297983,0,-85
297983,1,-91
297983,2,-76
297983,3,-70
297983,4,-89
297983,5,-73
297983,6,-85
297983,7,-89
297983,8,-75
319181,0,-80
319181,1,-78
319181,2,-76
319181,3,-70
319181,4,-90
319181,5,-75
319181,6,-83
319181,7,-89
319181,8,-75
340379,0,-80
340379,1,-83
340379,2,-77
340379,3,-70
340379,4,-89
340379,5,-78
340379,6,-84
340379,7,-90
340379,8,-75
361578,0,-80
361578,1,-82
361578,2,-77
361578,3,-70
361578,4,-88
361578,5,-80
361578,6,-83
361578,7,-88
361578,8,-75
382774,0,-85
382774,1,-77
382774,2,-76
382774,3,-70
382774,4,-91
382774,5,-70
248
382808,6,-87
382808,7,-88
382808,8,-89
404020,0,-80
404020,1,-77
404020,2,-76
404020,3,-70
404020,4,-90
404020,5,-70
404020,6,-85
404020,7,-89
404020,8,-89
425220,0,-82
425220,1,-77
425220,2,-89
425220,3,-71
425220,4,-91
425220,5,-70
425220,6,-87
425220,7,-89
425220,8,-83
446413,0,-84
446413,1,-84
446413,2,-81
446413,3,-70
446413,4,-90
446413,5,-71
446413,6,-87
446413,7,-90
446413,8,-75
467609,0,-80
467609,1,-87
467609,2,-84
467609,3,-72
467609,4,-90
467609,5,-70
467609,6,-82
467609,7,-90
467609,8,-77
488808,0,-80
488808,1,-83
488808,2,-81
488808,3,-70
488808,4,-89
488808,5,-70
488808,6,-88
488808,7,-89
488808,8,-88
510005,0,-86
510005,1,-78
510005,2,-87
510005,3,-69
510005,4,-89
510005,5,-74
510005,6,-81
510005,7,-89
510005,8,-78
531204,0,-87
531204,1,-78
531204,2,-76
531204,3,-70
531204,4,-90
531204,5,-80
531204,6,-84
531204,7,-89
531204,8,-84
552400,0,-86
552400,1,-79
552400,2,-76
552400,3,-70
552400,4,-90
552400,5,-79
552400,6,-83
552400,7,-93
552400,8,-83
573596,0,-79
573596,1,-86
573596,2,-81
573596,3,-71
573596,4,-88
247
573630,5,-75
573630,6,-88
573630,7,-89
573630,8,-77
594839,0,-80
594839,1,-77
594839,2,-76
594839,3,-72
594839,4,-90
594839,5,-73
594839,6,-84
594839,7,-90
594839,8,-88
616035,0,-85
616035,1,-79
616035,2,-81
616035,3,-73
616035,4,-88
616035,5,-72
616035,6,-85
616035,7,-89
616035,8,-79
637232,0,-81
637232,1,-80
637232,2,-76
637232,3,-75
637232,4,-88
637232,5,-71
637232,6,-83
637232,7,-91
637232,8,-75
658427,0,-89
658427,1,-76
658427,2,-76
658427,3,-70
658427,4,-88
658427,5,-73
658427,6,-90
658427,7,-90
658427,8,-75
679624,0,-80
679624,1,-76
679624,2,-89
679624,3,-73
679624,4,-88
679624,5,-73
679624,6,-82
679624,7,-90
679624,8,-75
700820,0,-80
700820,1,-82
700820,2,-79
700820,3,-70
700820,4,-89
700820,5,-70
700820,6,-85
700820,7,-89
700820,8,-81
722017,0,-94
722017,1,-82
722017,2,-76
722017,3,-71
722017,4,-89
722017,5,-76
722017,6,-86
722017,7,-91
722017,8,-75
743215,0,-80
743215,1,-78
743215,2,-79
743215,3,-71
743215,4,-91
743215,5,-73
743215,6,-91
743215,7,-89
743215,8,-76
764413,0,-83
764413,1,-76
764413,2,-76
764413,3,-72
246
764447,4,-91
764447,5,-70
764447,6,-85
764447,7,-91
764447,8,-75
785659,0,-84
785659,1,-76
785659,2,-79
785659,3,-71
785659,4,-89
785659,5,-72
785659,6,-89
785659,7,-90
785659,8,-90
806857,0,-80
806857,1,-76
806857,2,-76
806857,3,-76
806857,4,-93
806857,5,-73
806857,6,-90
806857,7,-90
806857,8,-87
828054,0,-80
828054,1,-76
828054,2,-78
828054,3,-72
828054,4,-90
828054,5,-70
828054,6,-86
828054,7,-91
828054,8,-76
849250,0,-80
849250,1,-76
849250,2,-76
849250,3,-73
849250,4,-92
849250,5,-75
849250,6,-81
849250,7,-91
849250,8,-76
870446,0,-88
870446,1,-79
870446,2,-76
870446,3,-70
870446,4,-87
870446,5,-70
870446,6,-84
870446,7,-91
870446,8,-76
891643,0,-92
891643,1,-79
891643,2,-76
891643,3,-70
891643,4,-90
891643,5,-71
891643,6,-90
891643,7,-92
891643,8,-75
912841,0,-80
912841,1,-82
912841,2,-79
912841,3,-70
912841,4,-88
912841,5,-70
912841,6,-82
912841,7,-92
912841,8,-76
934039,0,-80
934039,1,-76
934039,2,-76
934039,3,-70
934039,4,-88
934039,5,-73
934039,6,-82
934039,7,-91
934039,8,-76
955234,0,-80
955234,1,-76
955234,2,-76
245
955268,3,-71
955269,4,-90
955269,5,-70
955269,6,-88
955269,7,-91
955269,8,-75
976480,0,-80
976480,1,-76
976480,2,-76
976480,3,-72
976480,4,-92
976480,5,-70
976480,6,-86
976480,7,-93
976480,8,-75
997677,0,-83
997677,1,-84
997677,2,-76
997677,3,-71
997677,4,-86
997677,5,-71
997677,6,-82
997677,7,-90
997677,8,-75
1018876,0,-90
1018876,1,-76
1018876,2,-79
1018876,3,-71
1018876,4,-88
1018876,5,-75
1018876,6,-89
1018876,7,-94
1018876,8,-82
1040071,0,-88
1040071,1,-76
1040071,2,-78
1040071,3,-69
1040071,4,-90
1040071,5,-70
1040071,6,-83
1040071,7,-90
1040071,8,-92
1061268,0,-83
1061268,1,-81
1061268,2,-78
1061268,3,-70
1061268,4,-89
1061268,5,-70
1061268,6,-83
1061268,7,-90
1061268,8,-77
1082466,0,-84
1082466,1,-76
1082466,2,-76
1082466,3,-70
1082466,4,-90
1082466,5,-70
1082466,6,-83
1082466,7,-89
1082466,8,-86
1103664,0,-86
1103664,1,-76
1103664,2,-76
1103664,3,-75
1103664,4,-89
1103664,5,-75
1103664,6,-85
1103664,7,-92
1103664,8,-75
1124861,0,-81
1124861,1,-76
1124861,2,-76
1124861,3,-80
1124861,4,-90
1124861,5,-74
1124861,6,-84
1124861,7,-90
1124861,8,-75
1146060,0,-85
1146060,1,-77
244
1146094,2,-79
1146094,3,-70
1146094,4,-91
1146094,5,-78
1146094,6,-84
1146094,7,-89
1146094,8,-75
1167306,0,-80
1167306,1,-76
1167306,2,-76
1167306,3,-81
1167306,4,-94
1167306,5,-70
1167306,6,-88
1167306,7,-90
1167306,8,-77
1188502,0,-86
1188502,1,-76
1188502,2,-86
1188502,3,-70
1188502,4,-89
1188502,5,-70
1188502,6,-89
1188502,7,-92
1188502,8,-75
1209696,0,-84
1209696,1,-78
1209696,2,-76
1209696,3,-70
1209696,4,-92
1209696,5,-70
1209696,6,-87
1209696,7,-89
1209696,8,-75
1230893,0,-84
1230893,1,-76
1230893,2,-79
1230893,3,-73
1230893,4,-88
1230893,5,-70
1230893,6,-86
1230893,7,-89
1230893,8,-75
1252088,0,-87
1252088,1,-77
1252088,2,-76
1252088,3,-70
1252088,4,-90
1252088,5,-70
1252088,6,-93
1252088,7,-91
1252088,8,-79
1273284,0,-81
1273284,1,-76
1273284,2,-77
1273284,3,-73
1273284,4,-91
1273284,5,-72
1273284,6,-82
1273284,7,-91
1273284,8,-75
1294477,0,-80
1294477,1,-78
1294477,2,-79
1294477,3,-70
1294477,4,-88
1294477,5,-70
1294477,6,-85
1294477,7,-91
1294477,8,-76
1315670,0,-83
1315670,1,-78
1315670,2,-79
1315670,3,-69
1315670,4,-87
1315670,5,-70
1315670,6,-90
1315670,7,-90
1315670,8,-75
1336866,0,-84
243
1336900,1,-76
1336900,2,-79
1336900,3,-70
1336900,4,-91
1336900,5,-71
1336900,6,-84
1336900,7,-91
1336900,8,-86
1358110,0,-85
1358110,1,-76
1358110,2,-79
1358110,3,-69
1358110,4,-88
1358110,5,-73
1358110,6,-85
1358110,7,-93
1358110,8,-78
1379305,0,-84
1379305,1,-76
1379305,2,-83
1379305,3,-72
1379305,4,-88
1379305,5,-72
1379305,6,-86
1379305,7,-91
1379305,8,-75
1400504,0,-80
1400504,1,-76
1400504,2,-76
1400504,3,-70
1400504,4,-91
1400504,5,-80
1400504,6,-87
1400504,7,-91
1400504,8,-76
1421700,0,-81
1421700,1,-80
1421700,2,-79
1421700,3,-70
1421700,4,-87
1421700,5,-70
1421700,6,-87
1421700,7,-91
1421700,8,-75
1442896,0,-80
1442896,1,-76
1442896,2,-76
1442896,3,-70
1442896,4,-91
1442896,5,-70
1442896,6,-84
1442896,7,-90
1442896,8,-87
1464093,0,-80
1464093,1,-76
1464093,2,-76
1464093,3,-69
1464093,4,-86
1464093,5,-70
1464093,6,-86
1464093,7,-91
1464093,8,-81
1485291,0,-89
1485291,1,-77
1485291,2,-76
1485291,3,-70
1485291,4,-88
1485291,5,-70
1485291,6,-85
1485291,7,-91
1485291,8,-75
1506488,0,-90
1506488,1,-76
1506488,2,-78
1506488,3,-70
1506488,4,-87
1506488,5,-70
1506488,6,-84
1506488,7,-91
1506488,8,-75
242
1527718,0,-87
1527718,1,-86
1527718,2,-83
1527718,3,-70
1527718,4,-94
1527718,5,-73
1527718,6,-88
1527718,7,-92
1527719,8,-75
1548929,0,-80
1548929,1,-76
1548929,2,-84
1548929,3,-70
1548929,4,-89
1548929,5,-70
1548929,6,-89
1548929,7,-89
1548929,8,-75
1570127,0,-80
1570127,1,-79
1570127,2,-78
1570127,3,-72
1570127,4,-87
1570127,5,-72
1570127,6,-91
1570127,7,-90
1570127,8,-76
1591324,0,-80
1591324,1,-76
1591324,2,-79
1591324,3,-76
1591324,4,-87
1591324,5,-75
1591324,6,-85
1591324,7,-92
1591324,8,-85
1612520,0,-80
1612520,1,-76
1612520,2,-76
1612520,3,-72
1612520,4,-93
1612520,5,-70
1612520,6,-88
1612520,7,-90
1612520,8,-75
1633718,0,-84
1633718,1,-77
1633718,2,-76
1633718,3,-70
1633718,4,-93
1633718,5,-70
1633718,6,-85
1633718,7,-90
1633718,8,-75
1654915,0,-80
1654915,1,-77
1654915,2,-78
1654915,3,-80
1654915,4,-87
1654915,5,-78
1654915,6,-91
1654915,7,-94
1654915,8,-75
1676112,0,-80
1676112,1,-76
1676112,2,-85
1676112,3,-70
1676112,4,-86
1676112,5,-71
1676112,6,-88
1676112,7,-91
1676112,8,-75
1697307,0,-80
1697307,1,-79
1697307,2,-80
1697307,3,-70
1697307,4,-87
1697307,5,-73
1697307,6,-84
1697307,7,-90
241
1697341,8,-76
1718551,0,-91
1718551,1,-85
1718551,2,-76
1718551,3,-70
1718551,4,-90
1718551,5,-79
1718551,6,-86
1718551,7,-91
1718551,8,-76
1739746,0,-80
1739746,1,-77
1739746,2,-76
1739746,3,-70
1739746,4,-86
1739746,5,-72
1739746,6,-82
1739746,7,-91
1739746,8,-75
1760943,0,-85
1760943,1,-76
1760943,2,-76
1760943,3,-69
1760943,4,-91
1760943,5,-70
1760943,6,-83
1760943,7,-91
1760943,8,-89
1782137,0,-86
1782137,1,-82
1782137,2,-78
1782137,3,-70
1782137,4,-89
1782137,5,-73
1782137,6,-82
1782137,7,-93
1782137,8,-75
1803333,0,-84
1803333,1,-76
1803333,2,-76
1803333,3,-70
1803333,4,-88
1803333,5,-71
1803333,6,-90
1803333,7,-89
1803333,8,-75
1824529,0,-88
1824529,1,-83
1824529,2,-78
1824529,3,-70
1824529,4,-88
1824529,5,-70
1824529,6,-85
1824529,7,-90
1824529,8,-75
1845724,0,-87
1845724,1,-77
1845724,2,-76
1845724,3,-70
1845724,4,-88
1845724,5,-70
1845724,6,-88
1845724,7,-91
1845724,8,-76
1866919,0,-80
1866919,1,-76
1866919,2,-76
1866919,3,-70
1866919,4,-86
1866919,5,-74
1866919,6,-83
1866919,7,-92
1866919,8,-83
1888115,0,-80
1888115,1,-77
1888115,2,-76
1888115,3,-70
1888115,4,-88
1888115,5,-70
1888115,6,-87
240
1888150,7,-91
1888150,8,-76
1909362,0,-88
1909362,1,-76
1909362,2,-76
1909362,3,-70
1909362,4,-87
1909362,5,-71
1909362,6,-89
1909362,7,-92
1909362,8,-75
1930561,0,-83
1930561,1,-76
1930561,2,-79
1930561,3,-70
1930561,4,-87
1930561,5,-70
1930561,6,-86
1930561,7,-91
1930561,8,-94
1951760,0,-80
1951760,1,-76
1951760,2,-76
1951760,3,-71
1951760,4,-90
1951760,5,-70
1951760,6,-84
1951760,7,-90
1951760,8,-75
1972960,0,-86
1972960,1,-77
1972960,2,-76
1972960,3,-70
1972960,4,-90
1972960,5,-74
1972960,6,-84
1972960,7,-90
1972960,8,-79
1994160,0,-80
1994160,1,-76
1994160,2,-86
1994160,3,-72
1994160,4,-86
1994160,5,-80
1994160,6,-82
1994160,7,-91
1994160,8,-75
2015357,0,-80
2015357,1,-79
2015357,2,-76
2015357,3,-72
2015357,4,-89
2015357,5,-70
2015357,6,-86
2015357,7,-90
2015357,8,-75
2036555,0,-80
2036555,1,-81
2036555,2,-76
2036555,3,-75
2036555,4,-90
2036555,5,-70
2036555,6,-88
2036555,7,-89
2036555,8,-76
2057751,0,-80
2057751,1,-76
2057751,2,-86
2057751,3,-70
2057751,4,-86
2057751,5,-71
2057751,6,-82
2057751,7,-89
2057751,8,-90
2078946,0,-80
2078946,1,-79
2078946,2,-76
2078946,3,-70
2078946,4,-87
2078946,5,-75
239
2078980,6,-85
2078980,7,-91
2078980,8,-75
2100191,0,-88
2100191,1,-76
2100191,2,-76
2100191,3,-70
2100191,4,-90
2100191,5,-72
2100191,6,-83
2100191,7,-89
2100191,8,-82
2121388,0,-80
2121388,1,-76
2121388,2,-86
2121388,3,-74
2121388,4,-89
2121388,5,-74
2121388,6,-85
2121388,7,-91
2121388,8,-76
2142587,0,-80
2142587,1,-78
2142587,2,-76
2142587,3,-70
2142587,4,-91
2142587,5,-74
2142587,6,-90
2142587,7,-91
2142587,8,-76
2163783,0,-88
2163783,1,-76
2163783,2,-77
2163783,3,-75
2163783,4,-89
2163783,5,-70
2163783,6,-87
2163783,7,-89
2163783,8,-76
2184980,0,-84
2184980,1,-79
2184980,2,-77
2184980,3,-70
2184980,4,-90
2184980,5,-70
2184980,6,-86
2184980,7,-91
2184980,8,-75
2206177,0,-80
2206177,1,-77
2206177,2,-81
2206177,3,-71
2206177,4,-90
2206177,5,-70
2206177,6,-85
2206177,7,-92
2206177,8,-75
2227372,0,-80
2227372,1,-76
2227372,2,-76
2227372,3,-72
2227372,4,-90
2227372,5,-72
2227372,6,-88
2227372,7,-90
2227372,8,-76
2248567,0,-88
2248567,1,-76
2248567,2,-76
2248567,3,-72
2248567,4,-90
2248567,5,-70
2248567,6,-85
2248567,7,-90
2248567,8,-75
2269764,0,-84
2269764,1,-80
2269764,2,-76
2269764,3,-70
2269764,4,-86
238
2269798,5,-70
2269798,6,-88
2269798,7,-91
2269798,8,-88
2291010,0,-80
2291010,1,-83
2291010,2,-77
2291010,3,-73
2291010,4,-86
2291010,5,-70
2291010,6,-82
2291010,7,-91
2291010,8,-75
2312210,0,-82
2312210,1,-76
2312210,2,-78
2312210,3,-75
2312210,4,-91
2312210,5,-70
2312210,6,-86
2312210,7,-91
2312210,8,-75
2333406,0,-80
2333406,1,-75
2333406,2,-87
2333406,3,-72
2333406,4,-91
2333406,5,-76
2333406,6,-86
2333406,7,-93
2333406,8,-75
2354605,0,-79
2354605,1,-75
2354605,2,-75
2354605,3,-76
2354605,4,-88
2354605,5,-75
2354605,6,-87
2354605,7,-92
2354605,8,-76
2375801,0,-92
2375801,1,-75
2375801,2,-83
2375801,3,-70
2375801,4,-91
2375801,5,-74
2375801,6,-90
2375801,7,-92
2375801,8,-76
2396995,0,-87
2396995,1,-78
2396995,2,-85
2396995,3,-75
2396995,4,-85
2396995,5,-80
2396995,6,-85
2396995,7,-89
2396995,8,-75
2418191,0,-77
2418191,1,-75
2418191,2,-77
2418191,3,-70
2418191,4,-88
2418191,5,-80
2418191,6,-85
2418191,7,-87
2418191,8,-83
2439386,0,-80
2439386,1,-74
2439386,2,-89
2439386,3,-70
2439386,4,-83
2439386,5,-73
2439386,6,-83
2439386,7,-87
2439386,8,-85
2460580,0,-79
2460580,1,-74
2460580,2,-79
2460580,3,-70
237
2460614,4,-85
2460614,5,-71
2460614,6,-86
2460614,7,-86
2460614,8,-75
2481826,0,-86
2481826,1,-76
2481826,2,-79
2481826,3,-72
2481826,4,-85
2481826,5,-71
2481826,6,-88
2481826,7,-86
2481826,8,-75
2503023,0,-81
2503023,1,-74
2503023,2,-78
2503023,3,-70
2503023,4,-88
2503023,5,-78
2503023,6,-89
2503023,7,-86
2503023,8,-75
2524222,0,-79
2524222,1,-87
2524222,2,-80
2524222,3,-73
2524222,4,-87
2524222,5,-71
2524222,6,-87
2524222,7,-89
2524222,8,-84
2545417,0,-83
2545417,1,-77
2545417,2,-83
2545417,3,-70
2545417,4,-88
2545417,5,-71
2545417,6,-88
2545417,7,-87
2545417,8,-76
2566614,0,-85
2566614,1,-74
2566614,2,-86
2566614,3,-71
2566614,4,-87
2566614,5,-71
2566614,6,-86
2566614,7,-86
2566614,8,-75
2587809,0,-81
2587809,1,-75
2587809,2,-78
2587809,3,-74
2587809,4,-87
2587809,5,-73
2587809,6,-87
2587809,7,-86
2587809,8,-75
2609005,0,-79
2609005,1,-74
2609005,2,-78
2609005,3,-70
2609005,4,-89
2609005,5,-79
2609005,6,-84
2609005,7,-90
2609005,8,-75
2630202,0,-79
2630202,1,-74
2630202,2,-89
2630202,3,-70
2630202,4,-91
2630202,5,-73
2630202,6,-91
2630202,7,-86
2630202,8,-75
2651400,0,-79
2651400,1,-81
2651400,2,-79
236
2651435,3,-70
2651435,4,-85
2651435,5,-73
2651435,6,-91
2651435,7,-86
2651435,8,-77
2672646,0,-79
2672646,1,-80
2672646,2,-77
2672646,3,-70
2672646,4,-87
2672646,5,-71
2672646,6,-88
2672646,7,-86
2672646,8,-75
2693844,0,-79
2693844,1,-74
2693844,2,-77
2693844,3,-74
2693844,4,-85
2693844,5,-73
2693844,6,-87
2693844,7,-88
2693844,8,-75
2715042,0,-89
2715042,1,-75
2715042,2,-77
2715042,3,-70
2715042,4,-85
2715042,5,-71
2715042,6,-87
2715042,7,-87
2715042,8,-78
2736238,0,-84
2736238,1,-74
2736238,2,-88
2736238,3,-70
2736238,4,-85
2736238,5,-74
2736238,6,-86
2736238,7,-90
2736238,8,-75
2757434,0,-83
2757434,1,-75
2757434,2,-77
2757434,3,-72
2757434,4,-85
2757434,5,-71
2757434,6,-86
2757434,7,-90
2757434,8,-75
2778630,0,-79
2778630,1,-75
2778630,2,-77
2778630,3,-70
2778630,4,-92
2778630,5,-78
2778630,6,-86
2778630,7,-86
2778630,8,-74
2799826,0,-79
2799826,1,-75
2799826,2,-81
2799826,3,-70
2799826,4,-89
2799826,5,-71
2799826,6,-85
2799826,7,-92
2799826,8,-81
2821026,0,-79
2821026,1,-74
2821026,2,-77
2821026,3,-79
2821026,4,-85
2821026,5,-73
2821026,6,-88
2821026,7,-86
2821026,8,-76
2842222,0,-79
2842222,1,-74
235
2842256,2,-86
2842256,3,-79
2842256,4,-88
2842256,5,-75
2842256,6,-87
2842256,7,-92
2842256,8,-75
2863466,0,-80
2863466,1,-86
2863466,2,-77
2863466,3,-72
2863466,4,-88
2863466,5,-71
2863466,6,-91
2863466,7,-88
2863466,8,-75
2884661,0,-79
2884661,1,-74
2884661,2,-77
2884661,3,-70
2884661,4,-89
2884661,5,-78
2884661,6,-90
2884661,7,-86
2884661,8,-75
2905857,0,-79
2905857,1,-78
2905857,2,-82
2905857,3,-72
2905857,4,-90
2905857,5,-71
2905857,6,-87
2905857,7,-91
2905857,8,-75
2927054,0,-88
2927054,1,-77
2927054,2,-79
2927054,3,-70
2927054,4,-87
2927054,5,-71
2927054,6,-83
2927054,7,-87
2927054,8,-75
2948249,0,-79
2948249,1,-74
2948249,2,-81
2948249,3,-70
2948249,4,-85
2948249,5,-73
2948249,6,-87
2948249,7,-86
2948249,8,-77
2969444,0,-79
2969444,1,-74
2969444,2,-78
2969444,3,-73
2969444,4,-85
2969444,5,-71
2969444,6,-83
2969444,7,-86
2969444,8,-75
2990641,0,-79
2990641,1,-74
2990641,2,-85
2990641,3,-72
2990641,4,-88
2990641,5,-71
2990641,6,-87
2990641,7,-86
2990641,8,-76
3011839,0,-80
3011839,1,-88
3011839,2,-85
3011839,3,-70
3011839,4,-85
3011839,5,-71
3011839,6,-93
3011839,7,-86
3011839,8,-75
3033035,0,-83
234
3033069,1,-80
3033069,2,-79
3033069,3,-70
3033069,4,-87
3033069,5,-73
3033069,6,-85
3033069,7,-86
3033069,8,-90
3054281,0,-79
3054281,1,-74
3054281,2,-86
3054281,3,-75
3054281,4,-86
3054281,5,-71
3054281,6,-84
3054281,7,-90
3054281,8,-77
3075478,0,-90
3075478,1,-74
3075478,2,-86
3075478,3,-72
3075478,4,-89
3075478,5,-71
3075478,6,-84
3075478,7,-86
3075478,8,-90
3096675,0,-79
3096675,1,-75
3096675,2,-85
3096675,3,-70
3096675,4,-90
3096675,5,-72
3096675,6,-85
3096675,7,-86
3096675,8,-75
3117872,0,-79
3117872,1,-74
3117872,2,-85
3117872,3,-70
3117872,4,-88
3117872,5,-71
3117872,6,-86
3117872,7,-86
3117872,8,-75
3139068,0,-82
3139068,1,-74
3139068,2,-76
3139068,3,-70
3139068,4,-89
3139068,5,-79
3139068,6,-85
3139068,7,-86
3139068,8,-75
3160264,0,-79
3160264,1,-78
3160264,2,-82
3160264,3,-72
3160264,4,-86
3160264,5,-78
3160264,6,-84
3160264,7,-86
3160264,8,-77
3181461,0,-79
3181461,1,-78
3181461,2,-77
3181461,3,-72
3181461,4,-85
3181461,5,-72
3181461,6,-87
3181461,7,-86
3181461,8,-75
3202658,0,-79
3202658,1,-75
3202658,2,-77
3202658,3,-70
3202658,4,-89
3202658,5,-72
3202658,6,-85
3202658,7,-86
3202658,8,-75
233
3223892,0,-80
3223892,1,-74
3223892,2,-86
3223892,3,-70
3223892,4,-85
3223892,5,-72
3223892,6,-92
3223892,7,-86
3223893,8,-85
3245105,0,-79
3245105,1,-74
3245105,2,-82
3245105,3,-71
3245105,4,-89
3245105,5,-71
3245105,6,-88
3245105,7,-87
3245105,8,-83
3266300,0,-85
3266300,1,-75
3266300,2,-81
3266300,3,-70
3266300,4,-85
3266300,5,-75
3266300,6,-93
3266300,7,-87
3266300,8,-86
3287496,0,-84
3287496,1,-74
3287496,2,-79
3287496,3,-72
3287496,4,-85
3287496,5,-73
3287496,6,-83
3287496,7,-86
3287496,8,-89
3308691,0,-79
3308691,1,-74
3308691,2,-77
3308691,3,-70
3308691,4,-88
3308691,5,-71
3308691,6,-88
3308691,7,-86
3308691,8,-75
3329889,0,-92
3329889,1,-86
3329889,2,-77
3329889,3,-72
3329889,4,-85
3329889,5,-73
3329889,6,-89
3329889,7,-86
3329889,8,-84
3351082,0,-79
3351082,1,-74
3351082,2,-77
3351082,3,-70
3351082,4,-86
3351082,5,-72
3351082,6,-88
3351082,7,-87
3351082,8,-87
3372276,0,-79
3372276,1,-74
3372276,2,-77
3372276,3,-70
3372276,4,-89
3372276,5,-71
3372276,6,-88
3372276,7,-90
3372276,8,-75
3393470,0,-81
3393470,1,-86
3393470,2,-82
3393470,3,-70
3393470,4,-86
3393470,5,-76
3393470,6,-84
3393470,7,-92
232
3393504,8,-75
3414716,0,-79
3414716,1,-74
3414716,2,-78
3414716,3,-70
3414716,4,-89
3414716,5,-72
3414716,6,-90
3414716,7,-86
3414716,8,-75
3435913,0,-79
3435913,1,-74
3435913,2,-82
3435913,3,-70
3435913,4,-85
3435913,5,-71
3435913,6,-87
3435913,7,-86
3435913,8,-75
3457108,0,-90
3457108,1,-83
3457108,2,-86
3457108,3,-70
3457108,4,-86
3457108,5,-73
3457108,6,-90
3457108,7,-86
3457108,8,-82
3478304,0,-88
3478304,1,-74
3478304,2,-77
3478304,3,-71
3478304,4,-85
3478304,5,-71
3478304,6,-86
3478304,7,-87
3478304,8,-77
3499501,0,-84
3499501,1,-74
3499501,2,-85
3499501,3,-70
3499501,4,-85
3499501,5,-71
3499501,6,-88
3499501,7,-88
3499501,8,-90
3520698,0,-79
3520698,1,-75
3520698,2,-86
3520698,3,-79
3520698,4,-85
3520698,5,-75
3520698,6,-84
3520698,7,-86
3520698,8,-75
3541897,0,-85
3541897,1,-75
3541897,2,-80
3541897,3,-73
3541897,4,-90
3541897,5,-73
3541897,6,-85
3541897,7,-86
3541897,8,-89
3563094,0,-83
3563094,1,-82
3563094,2,-82
3563094,3,-71
3563094,4,-88
3563094,5,-71
3563094,6,-85
3563094,7,-86
3563094,8,-84
3584290,0,-79
3584290,1,-75
3584290,2,-82
3584290,3,-75
3584290,4,-85
3584290,5,-75
3584290,6,-89
231
3584324,7,-86
3584324,8,-77
3605532,0,-79
3605532,1,-74
3605532,2,-77
3605532,3,-73
3605532,4,-85
3605532,5,-72
3605532,6,-89
3605532,7,-86
3605532,8,-75
3626725,0,-80
3626725,1,-74
3626725,2,-77
3626725,3,-70
3626725,4,-88
3626725,5,-72
3626725,6,-85
3626725,7,-89
3626725,8,-79
3647922,0,-81
3647922,1,-84
3647922,2,-78
3647922,3,-71
3647922,4,-90
3647922,5,-76
3647922,6,-84
3647922,7,-93
3647922,8,-75
3669119,0,-85
3669119,1,-74
3669119,2,-84
3669119,3,-70
3669119,4,-88
3669119,5,-73
3669119,6,-86
3669119,7,-86
3669119,8,-86
3690317,0,-83
3690317,1,-74
3690317,2,-85
3690317,3,-70
3690317,4,-89
3690317,5,-79
3690317,6,-90
3690317,7,-86
3690317,8,-75
3711515,0,-79
3711515,1,-74
3711515,2,-77
3711515,3,-70
3711515,4,-85
3711515,5,-71
3711515,6,-83
3711515,7,-86
3711515,8,-75
3732712,0,-79
3732712,1,-74
3732712,2,-77
3732712,3,-70
3732712,4,-85
3732712,5,-78
3732712,6,-89
3732712,7,-86
3732712,8,-75
3753910,0,-79
3753910,1,-76
3753910,2,-81
3753910,3,-70
3753910,4,-89
3753910,5,-73
3753910,6,-87
3753910,7,-89
3753910,8,-77
3775106,0,-79
3775106,1,-75
3775106,2,-85
3775106,3,-70
3775106,4,-91
3775106,5,-79
230
3775140,6,-86
3775140,7,-87
3775140,8,-75
3796351,0,-83
3796351,1,-74
3796351,2,-80
3796351,3,-70
3796351,4,-89
3796351,5,-71
3796351,6,-83
3796351,7,-89
3796351,8,-75
3817546,0,-84
3817546,1,-75
3817546,2,-77
3817546,3,-70
3817546,4,-90
3817546,5,-71
3817546,6,-86
3817546,7,-86
3817546,8,-77
3838740,0,-79
3838740,1,-77
3838740,2,-77
3838740,3,-70
3838740,4,-89
3838740,5,-71
3838740,6,-88
3838740,7,-90
3838740,8,-77
3859935,0,-79
3859935,1,-84
3859935,2,-77
3859935,3,-72
3859935,4,-89
3859935,5,-71
3859935,6,-85
3859935,7,-86
3859935,8,-75
3881131,0,-79
3881131,1,-74
3881131,2,-81
3881131,3,-70
3881131,4,-89
3881131,5,-75
3881131,6,-83
3881131,7,-90
3881131,8,-75
3902326,0,-85
3902326,1,-74
3902326,2,-77
3902326,3,-70
3902326,4,-85
3902326,5,-71
3902326,6,-87
3902326,7,-86
3902326,8,-77
3923521,0,-79
3923521,1,-74
3923521,2,-77
3923521,3,-79
3923521,4,-89
3923521,5,-73
3923521,6,-89
3923521,7,-90
3923521,8,-87
3944717,0,-81
3944717,1,-74
3944717,2,-80
3944717,3,-71
3944717,4,-85
3944717,5,-71
3944717,6,-91
3944717,7,-92
3944717,8,-76
3965916,0,-79
3965916,1,-74
3965916,2,-77
3965916,3,-72
3965916,4,-85
229
3965950,5,-72
3965950,6,-84
3965950,7,-87
3965950,8,-91
3987162,0,-81
3987162,1,-78
3987162,2,-77
3987162,3,-70
3987162,4,-85
3987162,5,-71
3987162,6,-90
3987162,7,-92
3987162,8,-78
4008359,0,-79
4008359,1,-74
4008359,2,-83
4008359,3,-70
4008359,4,-85
4008359,5,-71
4008359,6,-90
4008359,7,-89
4008359,8,-80
4029558,0,-79
4029558,1,-74
4029558,2,-77
4029558,3,-72
4029558,4,-85
4029558,5,-73
4029558,6,-83
4029558,7,-86
4029558,8,-82
4050753,0,-79
4050753,1,-74
4050753,2,-79
4050753,3,-70
4050753,4,-86
4050753,5,-71
4050753,6,-90
4050753,7,-86
4050753,8,-75
4071951,0,-79
4071951,1,-74
4071951,2,-79
4071951,3,-70
4071951,4,-89
4071951,5,-71
4071951,6,-85
4071951,7,-86
4071951,8,-75
4093147,0,-79
4093147,1,-75
4093147,2,-79
4093147,3,-70
4093147,4,-89
4093147,5,-73
4093147,6,-89
4093147,7,-86
4093147,8,-74
4114343,0,-79
4114343,1,-75
4114343,2,-77
4114343,3,-75
4114343,4,-85
4114343,5,-71
4114343,6,-88
4114343,7,-86
4114343,8,-77
4135538,0,-84
4135538,1,-81
4135538,2,-77
4135538,3,-71
4135538,4,-86
4135538,5,-71
4135538,6,-88
4135538,7,-91
4135538,8,-77
4156734,0,-83
4156734,1,-74
4156734,2,-89
4156734,3,-68
228
4156768,4,-88
4156768,5,-73
4156768,6,-87
4156768,7,-84
4156768,8,-75
4177982,0,-85
4177982,1,-75
4177982,2,-77
4177982,3,-71
4177982,4,-85
4177982,5,-71
4177982,6,-89
4177982,7,-89
4177982,8,-75
4199179,0,-80
4199179,1,-74
4199179,2,-78
4199179,3,-79
4199179,4,-86
4199179,5,-75
4199179,6,-90
4199179,7,-87
4199179,8,-76
4220376,0,-79
4220376,1,-89
4220376,2,-78
4220376,3,-70
4220376,4,-85
4220376,5,-75
4220376,6,-83
4220376,7,-87
4220376,8,-80
4241575,0,-84
4241575,1,-74
4241575,2,-77
4241575,3,-70
4241575,4,-89
4241575,5,-71
4241575,6,-85
4241575,7,-89
4241575,8,-75
4262772,0,-91
4262772,1,-75
4262772,2,-77
4262772,3,-73
4262772,4,-88
4262772,5,-71
4262772,6,-90
4262772,7,-86
4262772,8,-74
4283970,0,-80
4283970,1,-74
4283970,2,-79
4283970,3,-70
4283970,4,-82
4283970,5,-72
4283970,6,-89
4283970,7,-91
4283970,8,-76
4305166,0,-77
4305166,1,-74
4305166,2,-76
4305166,3,-69
4305166,4,-89
4305166,5,-72
4305166,6,-84
4305166,7,-92
4305166,8,-75
4326361,0,-87
4326361,1,-75
4326361,2,-86
4326361,3,-69
4326361,4,-87
4326361,5,-69
4326361,6,-88
4326361,7,-87
4326361,8,-81
4347560,0,-89
4347560,1,-74
4347560,2,-86
227
4347594,3,-70
4347594,4,-85
4347594,5,-69
4347594,6,-86
4347594,7,-86
4347594,8,-82
4368805,0,-81
4368805,1,-74
4368805,2,-78
4368805,3,-69
4368805,4,-86
4368805,5,-69
4368805,6,-84
4368805,7,-87
4368805,8,-74
4390001,0,-78
4390001,1,-74
4390001,2,-83
4390001,3,-71
4390001,4,-86
4390001,5,-73
4390001,6,-84
4390001,7,-86
4390001,8,-89
4411199,0,-78
4411199,1,-75
4411199,2,-77
4411199,3,-72
4411199,4,-90
4411199,5,-73
4411199,6,-89
4411199,7,-88
4411199,8,-75
4432397,0,-82
4432397,1,-75
4432397,2,-78
4432397,3,-72
4432397,4,-88
4432397,5,-72
4432397,6,-90
4432397,7,-88
4432397,8,-77
4453594,0,-86
4453594,1,-75
4453594,2,-78
4453594,3,-71
4453594,4,-88
4453594,5,-72
4453594,6,-88
4453594,7,-88
4453594,8,-85
4474790,0,-77
4474790,1,-75
4474790,2,-78
4474790,3,-79
4474790,4,-88
4474790,5,-75
4474790,6,-86
4474790,7,-88
4474790,8,-75
4495985,0,-83
4495985,1,-75
4495985,2,-87
4495985,3,-70
4495985,4,-87
4495985,5,-72
4495985,6,-90
4495985,7,-91
4495985,8,-77
4517182,0,-77
4517182,1,-85
4517182,2,-78
4517182,3,-73
4517182,4,-85
4517182,5,-77
4517182,6,-88
4517182,7,-87
4517182,8,-76
4538379,0,-83
4538379,1,-75
226
4538413,2,-79
4538413,3,-70
4538413,4,-86
4538413,5,-73
4538413,6,-88
4538413,7,-88
4538413,8,-83
4559620,0,-79
4559620,1,-74
4559620,2,-82
4559620,3,-71
4559620,4,-86
4559620,5,-71
4559620,6,-89
4559620,7,-89
4559620,8,-75
4580815,0,-85
4580815,1,-75
4580815,2,-80
4580815,3,-71
4580815,4,-85
4580815,5,-71
4580815,6,-87
4580815,7,-87
4580815,8,-86
4602011,0,-83
4602011,1,-75
4602011,2,-86
4602011,3,-71
4602011,4,-89
4602011,5,-76
4602011,6,-86
4602011,7,-91
4602011,8,-85
4623209,0,-79
4623209,1,-89
4623209,2,-78
4623209,3,-71
4623209,4,-86
4623209,5,-72
4623209,6,-86
4623209,7,-88
4623209,8,-78
4644404,0,-79
4644404,1,-74
4644404,2,-79
4644404,3,-71
4644404,4,-87
4644404,5,-73
4644404,6,-85
4644404,7,-88
4644404,8,-79
4665597,0,-86
4665597,1,-74
4665597,2,-78
4665597,3,-73
4665597,4,-87
4665597,5,-71
4665597,6,-89
4665597,7,-88
4665597,8,-75
4686791,0,-79
4686791,1,-75
4686791,2,-78
4686791,3,-71
4686791,4,-86
4686791,5,-71
4686791,6,-88
4686791,7,-89
4686791,8,-75
4707988,0,-82
4707988,1,-74
4707988,2,-79
4707988,3,-73
4707988,4,-94
4707988,5,-71
4707988,6,-88
4707988,7,-87
4707988,8,-75
4729186,0,-84
225
4729220,1,-75
4729220,2,-78
4729220,3,-71
4729220,4,-85
4729220,5,-71
4729220,6,-88
4729220,7,-89
4729220,8,-78
4750429,0,-80
4750429,1,-80
4750429,2,-80
4750429,3,-71
4750429,4,-87
4750429,5,-72
4750429,6,-90
4750429,7,-87
4750429,8,-75
4771623,0,-79
4771623,1,-74
4771623,2,-78
4771623,3,-70
4771623,4,-88
4771623,5,-71
4771623,6,-91
4771623,7,-87
4771623,8,-75
4792819,0,-79
4792819,1,-74
4792819,2,-80
4792819,3,-74
4792819,4,-85
4792819,5,-71
4792819,6,-90
4792819,7,-94
4792819,8,-81
4814014,0,-84
4814014,1,-74
4814014,2,-79
4814014,3,-73
4814014,4,-85
4814014,5,-72
4814014,6,-90
4814014,7,-88
4814014,8,-77
4835211,0,-83
4835211,1,-74
4835211,2,-78
4835211,3,-76
4835211,4,-85
4835211,5,-71
4835211,6,-88
4835211,7,-90
4835211,8,-93
4856409,0,-79
4856409,1,-75
4856409,2,-86
4856409,3,-71
4856409,4,-90
4856409,5,-73
4856409,6,-88
4856409,7,-88
4856409,8,-86
4877606,0,-86
4877606,1,-74
4877606,2,-83
4877606,3,-72
4877606,4,-85
4877606,5,-71
4877606,6,-88
4877606,7,-88
4877606,8,-75
4898804,0,-86
4898804,1,-74
4898804,2,-80
4898804,3,-71
4898804,4,-87
4898804,5,-75
4898804,6,-88
4898804,7,-88
4898804,8,-84
224
4920036,0,-79
4920036,1,-74
4920036,2,-78
4920036,3,-71
4920036,4,-87
4920036,5,-73
4920036,6,-89
4920036,7,-88
4920036,8,-77
4941248,0,-86
4941248,1,-79
4941248,2,-79
4941248,3,-71
4941248,4,-87
4941248,5,-76
4941248,6,-92
4941248,7,-88
4941248,8,-75
4962444,0,-84
4962444,1,-74
4962444,2,-87
4962444,3,-71
4962444,4,-89
4962444,5,-78
4962444,6,-84
4962444,7,-87
4962444,8,-75
4983640,0,-89
4983640,1,-74
4983640,2,-78
4983640,3,-71
4983640,4,-85
4983640,5,-71
4983640,6,-84
4983640,7,-89
4983640,8,-75
5004836,0,-81
5004836,1,-74
5004836,2,-85
5004836,3,-71
5004836,4,-84
5004836,5,-75
5004836,6,-91
5004836,7,-90
5004836,8,-78
5026031,0,-89
5026031,1,-79
5026031,2,-78
5026031,3,-71
5026031,4,-86
5026031,5,-71
5026031,6,-89
5026031,7,-88
5026031,8,-88
5047231,0,-89
5047231,1,-75
5047231,2,-87
5047231,3,-77
5047231,4,-84
5047231,5,-71
5047231,6,-89
5047231,7,-89
5047231,8,-75
5068430,0,-85
5068430,1,-74
5068430,2,-86
5068430,3,-81
5068430,4,-85
5068430,5,-71
5068430,6,-90
5068430,7,-88
5068430,8,-75
5089625,0,-79
5089625,1,-88
5089625,2,-78
5089625,3,-73
5089625,4,-84
5089625,5,-73
5089625,6,-90
5089625,7,-87
223
5089659,8,-75
5110871,0,-79
5110871,1,-75
5110871,2,-78
5110871,3,-74
5110871,4,-87
5110871,5,-71
5110871,6,-85
5110871,7,-88
5110871,8,-75
5132069,0,-79
5132069,1,-75
5132069,2,-79
5132069,3,-81
5132069,4,-85
5132069,5,-71
5132069,6,-87
5132069,7,-88
5132069,8,-75
5153266,0,-79
5153266,1,-75
5153266,2,-80
5153266,3,-74
5153266,4,-85
5153266,5,-72
5153266,6,-84
5153266,7,-89
5153266,8,-78
5174463,0,-79
5174463,1,-90
5174463,2,-86
5174463,3,-73
5174463,4,-87
5174463,5,-71
5174463,6,-89
5174463,7,-88
5174463,8,-92
5195660,0,-84
5195660,1,-75
5195660,2,-78
5195660,3,-74
5195660,4,-84
5195660,5,-74
5195660,6,-88
5195660,7,-89
5195660,8,-75
5216855,0,-79
5216855,1,-75
5216855,2,-78
5216855,3,-71
5216855,4,-85
5216855,5,-75
5216855,6,-88
5216855,7,-87
5216855,8,-82
5238051,0,-79
5238051,1,-74
5238051,2,-80
5238051,3,-81
5238051,4,-85
5238051,5,-71
5238051,6,-88
5238051,7,-93
5238051,8,-75
5259245,0,-80
5259245,1,-77
5259245,2,-90
5259245,3,-72
5259245,4,-84
5259245,5,-72
5259245,6,-86
5259245,7,-87
5259245,8,-75
5280441,0,-86
5280441,1,-75
5280441,2,-82
5280441,3,-71
5280441,4,-86
5280441,5,-74
5280441,6,-84
222
5280475,7,-91
5280475,8,-75
5301689,0,-85
5301689,1,-75
5301689,2,-83
5301689,3,-73
5301689,4,-86
5301689,5,-71
5301689,6,-84
5301689,7,-88
5301689,8,-75
5322882,0,-79
5322882,1,-75
5322882,2,-78
5322882,3,-71
5322882,4,-87
5322882,5,-71
5322882,6,-88
5322882,7,-88
5322882,8,-78
5344076,0,-79
5344076,1,-74
5344076,2,-78
5344076,3,-74
5344076,4,-86
5344076,5,-73
5344076,6,-87
5344076,7,-88
5344076,8,-75
5365271,0,-81
5365271,1,-74
5365271,2,-79
5365271,3,-71
5365271,4,-86
5365271,5,-71
5365271,6,-89
5365271,7,-88
5365271,8,-75
5386465,0,-86
5386465,1,-74
5386465,2,-78
5386465,3,-71
5386465,4,-87
5386465,5,-75
5386465,6,-86
5386465,7,-90
5386465,8,-75
5407661,0,-79
5407661,1,-75
5407661,2,-85
5407661,3,-74
5407661,4,-86
5407661,5,-71
5407661,6,-85
5407661,7,-88
5407661,8,-75
5428855,0,-79
5428855,1,-74
5428855,2,-78
5428855,3,-71
5428855,4,-89
5428855,5,-73
5428855,6,-90
5428855,7,-87
5428855,8,-75
5450055,0,-82
5450055,1,-74
5450055,2,-78
5450055,3,-74
5450055,4,-87
5450055,5,-71
5450055,6,-88
5450055,7,-87
5450055,8,-75
5471254,0,-90
5471254,1,-74
5471254,2,-80
5471254,3,-73
5471254,4,-85
5471254,5,-72
221
5471288,6,-89
5471288,7,-90
5471288,8,-79
5492502,0,-89
5492502,1,-74
5492502,2,-87
5492502,3,-71
5492502,4,-85
5492502,5,-75
5492502,6,-88
5492502,7,-88
5492502,8,-78
5513699,0,-79
5513699,1,-74
5513699,2,-80
5513699,3,-71
5513699,4,-87
5513699,5,-73
5513699,6,-84
5513699,7,-87
5513699,8,-75
5534894,0,-81
5534894,1,-74
5534894,2,-89
5534894,3,-71
5534894,4,-86
5534894,5,-71
5534894,6,-89
5534894,7,-88
5534894,8,-87
5556092,0,-85
5556092,1,-74
5556092,2,-86
5556092,3,-71
5556092,4,-86
5556092,5,-71
5556092,6,-87
5556092,7,-88
5556092,8,-78
5577289,0,-84
5577289,1,-74
5577289,2,-80
5577289,3,-72
5577289,4,-87
5577289,5,-79
5577289,6,-90
5577289,7,-88
5577289,8,-89
5598488,0,-81
5598488,1,-74
5598488,2,-87
5598488,3,-72
5598488,4,-85
5598488,5,-71
5598488,6,-88
5598488,7,-87
5598488,8,-75
5619684,0,-79
5619684,1,-74
5619684,2,-79
5619684,3,-71
5619684,4,-85
5619684,5,-74
5619684,6,-88
5619684,7,-88
5619684,8,-75
5640881,0,-79
5640881,1,-74
5640881,2,-80
5640881,3,-71
5640881,4,-85
5640881,5,-71
5640881,6,-87
5640881,7,-92
5640881,8,-89
5662077,0,-79
5662077,1,-74
5662077,2,-79
5662077,3,-71
5662077,4,-89
220
5662111,5,-71
5662111,6,-88
5662111,7,-88
5662111,8,-75
5683321,0,-86
5683321,1,-75
5683321,2,-78
5683321,3,-71
5683321,4,-86
5683321,5,-71
5683321,6,-87
5683321,7,-88
5683321,8,-77
5704517,0,-90
5704517,1,-74
5704517,2,-78
5704517,3,-71
5704517,4,-87
5704517,5,-71
5704517,6,-85
5704517,7,-87
5704517,8,-75
5725714,0,-80
5725714,1,-74
5725714,2,-78
5725714,3,-71
5725714,4,-91
5725714,5,-71
5725714,6,-88
5725714,7,-87
5725714,8,-75
5746907,0,-85
5746907,1,-74
5746907,2,-78
5746907,3,-73
5746907,4,-86
5746907,5,-72
5746907,6,-86
5746907,7,-90
5746907,8,-75
5768099,0,-79
5768099,1,-75
5768099,2,-78
5768099,3,-74
5768099,4,-84
5768099,5,-74
5768099,6,-89
5768099,7,-87
5768099,8,-84
5789292,0,-80
5789292,1,-75
5789292,2,-79
5789292,3,-73
5789292,4,-85
5789292,5,-71
5789292,6,-85
5789292,7,-88
5789292,8,-75
5810486,0,-80
5810486,1,-75
5810486,2,-80
5810486,3,-71
5810486,4,-86
5810486,5,-71
5810486,6,-87
5810486,7,-88
5810486,8,-78
5831680,0,-79
5831680,1,-74
5831680,2,-78
5831680,3,-77
5831680,4,-84
5831680,5,-71
5831680,6,-87
5831680,7,-88
5831680,8,-75
5852877,0,-88
5852877,1,-77
5852877,2,-78
5852877,3,-72
219
5852911,4,-86
5852911,5,-71
5852911,6,-86
5852911,7,-88
5852911,8,-75
5874123,0,-79
5874123,1,-74
5874123,2,-79
5874123,3,-71
5874123,4,-85
5874123,5,-71
5874123,6,-86
5874123,7,-88
5874123,8,-75
5895317,0,-85
5895317,1,-75
5895317,2,-82
5895317,3,-71
5895317,4,-84
5895317,5,-74
5895317,6,-84
5895317,7,-88
5895317,8,-75
5916512,0,-85
5916512,1,-74
5916512,2,-83
5916512,3,-72
5916512,4,-88
5916512,5,-71
5916512,6,-86
5916512,7,-88
5916512,8,-83
5937707,0,-83
5937707,1,-75
5937707,2,-78
5937707,3,-74
5937707,4,-86
5937707,5,-71
5937707,6,-84
5937707,7,-87
5937707,8,-75
5958905,0,-79
5958905,1,-75
5958905,2,-80
5958905,3,-71
5958905,4,-84
5958905,5,-71
5958905,6,-84
5958905,7,-88
5958905,8,-75
5980101,0,-85
5980101,1,-74
5980101,2,-78
5980101,3,-71
5980101,4,-85
5980101,5,-71
5980101,6,-88
5980101,7,-90
5980101,8,-77
6001299,0,-82
6001299,1,-74
6001299,2,-78
6001299,3,-71
6001299,4,-85
6001299,5,-71
6001299,6,-93
6001299,7,-84
6001299,8,-72
6022497,0,-81
6022497,1,-75
6022497,2,-82
6022497,3,-71
6022497,4,-85
6022497,5,-72
6022497,6,-91
6022497,7,-79
6022497,8,-73
6043693,0,-80
6043693,1,-80
6043693,2,-77
218
6043727,3,-72
6043727,4,-90
6043727,5,-72
6043727,6,-93
6043727,7,-79
6043727,8,-73
6064936,0,-86
6064936,1,-75
6064936,2,-86
6064936,3,-77
6064936,4,-86
6064936,5,-72
6064936,6,-92
6064936,7,-80
6064936,8,-73
6086131,0,-80
6086131,1,-74
6086131,2,-77
6086131,3,-71
6086131,4,-90
6086131,5,-72
6086131,6,-92
6086131,7,-80
6086131,8,-74
6107327,0,-83
6107327,1,-80
6107327,2,-78
6107327,3,-75
6107327,4,-90
6107327,5,-76
6107327,6,-93
6107327,7,-78
6107327,8,-82
6128522,0,-81
6128522,1,-75
6128522,2,-79
6128522,3,-72
6128522,4,-86
6128522,5,-80
6128522,6,-93
6128522,7,-79
6128522,8,-84
6149717,0,-80
6149717,1,-77
6149717,2,-80
6149717,3,-71
6149717,4,-87
6149717,5,-76
6149717,6,-94
6149717,7,-84
6149717,8,-75
6170912,0,-80
6170912,1,-75
6170912,2,-88
6170912,3,-71
6170912,4,-88
6170912,5,-74
6170912,6,-93
6170912,7,-78
6170912,8,-75
6192108,0,-86
6192108,1,-74
6192108,2,-79
6192108,3,-72
6192108,4,-86
6192108,5,-73
6192108,6,-94
6192108,7,-78
6192108,8,-73
6213304,0,-80
6213304,1,-85
6213304,2,-78
6213304,3,-71
6213304,4,-86
6213304,5,-72
6213304,6,-92
6213304,7,-80
6213304,8,-73
6234502,0,-86
6234502,1,-86
217
6234536,2,-86
6234536,3,-75
6234536,4,-85
6234536,5,-75
6234536,6,-91
6234536,7,-78
6234536,8,-74
6255747,0,-79
6255747,1,-74
6255747,2,-86
6255747,3,-71
6255747,4,-84
6255747,5,-80
6255747,6,-91
6255747,7,-73
6255747,8,-75
6276941,0,-80
6276941,1,-90
6276941,2,-80
6276941,3,-72
6276941,4,-88
6276941,5,-71
6276941,6,-87
6276941,7,-74
6276941,8,-74
6298138,0,-80
6298138,1,-73
6298138,2,-80
6298138,3,-76
6298138,4,-84
6298138,5,-71
6298138,6,-91
6298138,7,-74
6298138,8,-74
6319334,0,-85
6319334,1,-85
6319334,2,-81
6319334,3,-70
6319334,4,-84
6319334,5,-72
6319334,6,-90
6319334,7,-73
6319334,8,-74
6340531,0,-84
6340531,1,-74
6340531,2,-80
6340531,3,-78
6340531,4,-84
6340531,5,-73
6340531,6,-88
6340531,7,-73
6340531,8,-81
6361726,0,-79
6361726,1,-74
6361726,2,-80
6361726,3,-71
6361726,4,-85
6361726,5,-71
6361726,6,-89
6361726,7,-73
6361726,8,-83
6382920,0,-81
6382920,1,-75
6382920,2,-80
6382920,3,-75
6382920,4,-91
6382920,5,-72
6382920,6,-87
6382920,7,-91
6382920,8,-76
6404114,0,-85
6404114,1,-77
6404114,2,-77
6404114,3,-75
6404114,4,-85
6404114,5,-71
6404114,6,-85
6404114,7,-94
6404114,8,-86
6425310,0,-84
216
6425344,1,-78
6425344,2,-78
6425344,3,-71
6425344,4,-88
6425344,5,-71
6425344,6,-84
6425344,7,-96
6425344,8,-79
6446554,0,-83
6446554,1,-75
6446554,2,-86
6446554,3,-71
6446554,4,-88
6446554,5,-73
6446554,6,-85
6446554,7,-91
6446554,8,-81
6467750,0,-83
6467750,1,-75
6467750,2,-82
6467750,3,-71
6467750,4,-84
6467750,5,-72
6467750,6,-86
6467750,7,-92
6467750,8,-76
6488946,0,-81
6488946,1,-75
6488946,2,-85
6488946,3,-70
6488946,4,-85
6488946,5,-74
6488946,6,-86
6488946,7,-96
6488946,8,-79
6510143,0,-82
6510143,1,-81
6510143,2,-84
6510143,3,-73
6510143,4,-87
6510143,5,-72
6510143,6,-83
6510143,7,-96
6510143,8,-80
6531339,0,-85
6531339,1,-76
6531339,2,-78
6531339,3,-70
6531339,4,-86
6531339,5,-72
6531339,6,-87
6531339,7,-96
6531339,8,-81
6552533,0,-84
6552533,1,-85
6552533,2,-78
6552533,3,-71
6552533,4,-91
6552533,5,-71
6552533,6,-89
6552533,7,-96
6552533,8,-80
6573730,0,-86
6573730,1,-78
6573730,2,-85
6573730,3,-70
6573730,4,-86
6573730,5,-70
6573730,6,-90
6573730,7,-96
6573730,8,-81
6594922,0,-85
6594922,1,-75
6594922,2,-82
6594922,3,-70
6594922,4,-84
6594922,5,-73
6594922,6,-83
6594922,7,-96
6594922,8,-84
215
6616153,0,-84
6616153,1,-77
6616153,2,-86
6616153,3,-71
6616153,4,-92
6616153,5,-71
6616153,6,-87
6616153,7,-96
6616153,8,-80
6637364,0,-81
6637364,1,-75
6637364,2,-83
6637364,3,-71
6637364,4,-84
6637364,5,-71
6637364,6,-86
6637364,7,-96
6637364,8,-79
6658559,0,-81
6658559,1,-75
6658559,2,-80
6658559,3,-71
6658559,4,-87
6658559,5,-71
6658559,6,-90
6658559,7,-96
6658559,8,-80
6679754,0,-81
6679754,1,-75
6679754,2,-79
6679754,3,-71
6679754,4,-85
6679754,5,-73
6679754,6,-86
6679754,7,-95
6679754,8,-79
6700949,0,-85
6700949,1,-78
6700949,2,-79
6700949,3,-73
6700949,4,-83
6700949,5,-74
6700949,6,-86
6700949,7,-96
6700949,8,-79
6722143,0,-85
6722143,1,-80
6722143,2,-79
6722143,3,-71
6722143,4,-83
6722143,5,-74
6722143,6,-88
6722143,7,-96
6722143,8,-79
6743338,0,-81
6743338,1,-75
6743338,2,-80
6743338,3,-73
6743338,4,-90
6743338,5,-74
6743338,6,-87
6743338,7,-95
6743338,8,-79
6764534,0,-84
6764534,1,-75
6764534,2,-84
6764534,3,-71
6764534,4,-83
6764534,5,-73
6764534,6,-90
6764534,7,-96
6764534,8,-81
6785731,0,-90
6785731,1,-75
6785731,2,-79
6785731,3,-71
6785731,4,-85
6785731,5,-71
6785731,6,-84
6785731,7,-95
214
6785765,8,-79
6806978,0,-84
6806978,1,-75
6806978,2,-80
6806978,3,-74
6806978,4,-83
6806978,5,-72
6806978,6,-89
6806978,7,-96
6806978,8,-79
6828175,0,-84
6828175,1,-78
6828175,2,-79
6828175,3,-70
6828175,4,-83
6828175,5,-71
6828175,6,-86
6828175,7,-95
6828175,8,-79
6849373,0,-81
6849373,1,-81
6849373,2,-86
6849373,3,-71
6849373,4,-84
6849373,5,-73
6849373,6,-88
6849373,7,-96
6849373,8,-79
6870567,0,-85
6870567,1,-78
6870567,2,-81
6870567,3,-71
6870567,4,-88
6870567,5,-71
6870567,6,-87
6870567,7,-96
6870567,8,-86
6891764,0,-83
6891764,1,-75
6891764,2,-80
6891764,3,-73
6891764,4,-85
6891764,5,-71
6891764,6,-88
6891764,7,-96
6891764,8,-79
6912960,0,-83
6912960,1,-77
6912960,2,-84
6912960,3,-75
6912960,4,-86
6912960,5,-71
6912960,6,-84
6912960,7,-95
6912960,8,-81
6934156,0,-81
6934156,1,-75
6934156,2,-79
6934156,3,-74
6934156,4,-85
6934156,5,-71
6934156,6,-86
6934156,7,-96
6934156,8,-79
6955352,0,-81
6955352,1,-84
6955352,2,-79
6955352,3,-71
6955352,4,-86
6955352,5,-71
6955352,6,-89
6955352,7,-96
6955352,8,-80
6976548,0,-81
6976548,1,-75
6976548,2,-79
6976548,3,-73
6976548,4,-86
6976548,5,-72
6976548,6,-87
213
6976582,7,-95
6976582,8,-80
6997792,0,-81
6997792,1,-75
6997792,2,-79
6997792,3,-71
6997792,4,-84
6997792,5,-71
6997792,6,-87
6997792,7,-95
6997792,8,-80
7018988,0,-81
7018988,1,-80
7018988,2,-79
7018988,3,-71
7018988,4,-84
7018988,5,-71
7018988,6,-86
7018988,7,-96
7018988,8,-80
7040184,0,-85
7040184,1,-75
7040184,2,-79
7040184,3,-71
7040184,4,-83
7040184,5,-71
7040184,6,-91
7040184,7,-95
7040184,8,-80
7061382,0,-84
7061382,1,-81
7061382,2,-80
7061382,3,-71
7061382,4,-89
7061382,5,-71
7061382,6,-89
7061382,7,-96
7061382,8,-79
7082579,0,-84
7082579,1,-75
7082579,2,-86
7082579,3,-70
7082579,4,-83
7082579,5,-73
7082579,6,-85
7082579,7,-95
7082579,8,-79
7103778,0,-84
7103778,1,-75
7103778,2,-84
7103778,3,-70
7103778,4,-90
7103778,5,-71
7103778,6,-86
7103778,7,-96
7103778,8,-80
7124974,0,-81
7124974,1,-77
7124974,2,-82
7124974,3,-71
7124974,4,-83
7124974,5,-71
7124974,6,-89
7124974,7,-95
7124974,8,-80
7189179,0,-84
7189179,1,-81
7189179,2,-81
7189179,3,-77
7189179,4,-83
7189179,5,-71
7189179,6,-85
7189179,7,-96
7189179,8,-79
7210376,0,-84
7210376,1,-75
7210376,2,-79
7210376,3,-80
7210376,4,-83
7210376,5,-71
212
7210410,6,-88
7210410,7,-95
7210410,8,-79
7231622,0,-82
7231622,1,-75
7231622,2,-82
7231622,3,-71
7231622,4,-83
7231622,5,-74
7231622,6,-91
7231622,7,-96
7231622,8,-80
7252818,0,-81
7252818,1,-75
7252818,2,-80
7252818,3,-72
7252818,4,-91
7252818,5,-74
7252818,6,-89
7252818,7,-95
7252818,8,-79
7274013,0,-85
7274013,1,-78
7274013,2,-81
7274013,3,-71
7274013,4,-85
7274013,5,-74
7274013,6,-88
7274013,7,-95
7274013,8,-81
7295208,0,-81
7295208,1,-75
7295208,2,-86
7295208,3,-71
7295208,4,-84
7295208,5,-74
7295208,6,-87
7295208,7,-96
7295208,8,-80
7316402,0,-84
7316402,1,-75
7316402,2,-80
7316402,3,-83
7316402,4,-88
7316402,5,-71
7316402,6,-86
7316402,7,-95
7316402,8,-88
7337596,0,-81
7337596,1,-76
7337596,2,-81
7337596,3,-71
7337596,4,-83
7337596,5,-71
7337596,6,-91
7337596,7,-95
7337596,8,-84
7358793,0,-81
7358793,1,-75
7358793,2,-85
7358793,3,-71
7358793,4,-83
7358793,5,-71
7358793,6,-88
7358793,7,-95
7358793,8,-85
7379988,0,-81
7379988,1,-75
7379988,2,-80
7379988,3,-71
7379988,4,-86
7379988,5,-74
7379988,6,-88
7379988,7,-95
7379988,8,-84
7401184,0,-81
7401184,1,-78
7401184,2,-79
7401184,3,-74
7401184,4,-83
211
7401218,5,-71
7401218,6,-86
7401218,7,-95
7401218,8,-90
7422430,0,-84
7422430,1,-75
7422430,2,-85
7422430,3,-83
7422430,4,-83
7422430,5,-72
7422430,6,-87
7422430,7,-96
7422430,8,-81
7443626,0,-90
7443626,1,-77
7443626,2,-79
7443626,3,-71
7443626,4,-83
7443626,5,-71
7443626,6,-84
7443626,7,-95
7443626,8,-80
7464822,0,-81
7464822,1,-78
7464822,2,-79
7464822,3,-75
7464822,4,-83
7464822,5,-73
7464822,6,-87
7464822,7,-95
7464822,8,-79
7486016,0,-82
7486016,1,-75
7486016,2,-81
7486016,3,-71
7486016,4,-83
7486016,5,-71
7486016,6,-89
7486016,7,-96
7486016,8,-86
7507210,0,-85
7507210,1,-75
7507210,2,-79
7507210,3,-75
7507210,4,-83
7507210,5,-71
7507210,6,-89
7507210,7,-95
7507210,8,-79
7528406,0,-81
7528406,1,-75
7528406,2,-79
7528406,3,-71
7528406,4,-88
7528406,5,-71
7528406,6,-84
7528406,7,-95
7528406,8,-80
7549600,0,-81
7549600,1,-75
7549600,2,-79
7549600,3,-81
7549600,4,-83
7549600,5,-71
7549600,6,-88
7549600,7,-95
7549600,8,-79
7570795,0,-81
7570795,1,-79
7570795,2,-83
7570795,3,-82
7570795,4,-83
7570795,5,-71
7570795,6,-90
7570795,7,-96
7570795,8,-79
7591990,0,-82
7591990,1,-75
7591990,2,-79
7591990,3,-71
210
7592024,4,-84
7592024,5,-71
7592024,6,-88
7592024,7,-96
7592024,8,-86
7613233,0,-81
7613233,1,-75
7613233,2,-81
7613233,3,-71
7613233,4,-89
7613233,5,-71
7613233,6,-89
7613233,7,-95
7613233,8,-88
7634427,0,-85
7634427,1,-78
7634427,2,-84
7634427,3,-71
7634427,4,-84
7634427,5,-71
7634427,6,-85
7634427,7,-95
7634427,8,-79
7655622,0,-82
7655622,1,-78
7655622,2,-80
7655622,3,-75
7655622,4,-83
7655622,5,-71
7655622,6,-88
7655622,7,-95
7655622,8,-79
7676816,0,-89
7676816,1,-82
7676816,2,-79
7676816,3,-71
7676816,4,-84
7676816,5,-71
7676816,6,-86
7676816,7,-95
7676816,8,-79
7698010,0,-85
7698010,1,-75
7698010,2,-80
7698010,3,-73
7698010,4,-83
7698010,5,-71
7698010,6,-87
7698010,7,-95
7698010,8,-79
7719206,0,-86
7719206,1,-78
7719206,2,-80
7719206,3,-75
7719206,4,-83
7719206,5,-71
7719206,6,-94
7719206,7,-95
7719206,8,-79
7740402,0,-83
7740402,1,-85
7740402,2,-82
7740402,3,-71
7740402,4,-83
7740402,5,-70
7740402,6,-88
7740402,7,-95
7740402,8,-83
7761598,0,-91
7761598,1,-75
7761598,2,-86
7761598,3,-71
7761598,4,-83
7761598,5,-71
7761598,6,-87
7761598,7,-95
7761598,8,-79
7782793,0,-81
7782793,1,-76
7782793,2,-81
209
7782827,3,-78
7782827,4,-83
7782828,5,-71
7782828,6,-88
7782828,7,-95
7782828,8,-82
7804037,0,-81
7804037,1,-79
7804037,2,-81
7804037,3,-71
7804037,4,-85
7804037,5,-71
7804037,6,-87
7804037,7,-96
7804037,8,-80
7825230,0,-84
7825230,1,-80
7825230,2,-79
7825230,3,-72
7825230,4,-83
7825230,5,-73
7825230,6,-91
7825230,7,-95
7825230,8,-79
7846423,0,-84
7846423,1,-75
7846423,2,-85
7846423,3,-71
7846423,4,-83
7846423,5,-71
7846423,6,-87
7846423,7,-95
7846423,8,-81
7867620,0,-81
7867620,1,-75
7867620,2,-79
7867620,3,-74
7867620,4,-83
7867620,5,-71
7867620,6,-87
7867620,7,-95
7867620,8,-80
7888816,0,-89
7888816,1,-83
7888816,2,-80
7888816,3,-71
7888816,4,-83
7888816,5,-74
7888816,6,-86
7888816,7,-95
7888816,8,-89
7910014,0,-81
7910014,1,-75
7910014,2,-79
7910014,3,-71
7910014,4,-87
7910014,5,-73
7910014,6,-90
7910014,7,-95
7910014,8,-80
7931208,0,-81
7931208,1,-75
7931208,2,-79
7931208,3,-71
7931208,4,-86
7931208,5,-73
7931208,6,-86
7931208,7,-95
7931208,8,-80
7952403,0,-81
7952403,1,-80
7952403,2,-83
7952403,3,-73
7952403,4,-83
7952403,5,-74
7952403,6,-89
7952403,7,-95
7952403,8,-79
7973598,0,-81
7973598,1,-78
208
7973632,2,-81
7973632,3,-73
7973632,4,-83
7973632,5,-72
7973632,6,-86
7973632,7,-95
7973632,8,-79
7994842,0,-86
7994842,1,-80
7994842,2,-81
7994842,3,-71
7994842,4,-86
7994842,5,-71
7994842,6,-90
7994842,7,-95
7994842,8,-80
8016040,0,-82
8016040,1,-81
8016040,2,-84
8016040,3,-70
8016040,4,-90
8016040,5,-71
8016040,6,-85
8016040,7,-95
8016040,8,-83
8037238,0,-88
8037238,1,-75
8037238,2,-81
8037238,3,-70
8037238,4,-87
8037238,5,-74
8037238,6,-88
8037238,7,-95
8037238,8,-79
8058433,0,-84
8058433,1,-75
8058433,2,-80
8058433,3,-71
8058433,4,-83
8058433,5,-71
8058433,6,-89
8058433,7,-95
8058433,8,-80
8079628,0,-84
8079628,1,-75
8079628,2,-79
8079628,3,-75
8079628,4,-84
8079628,5,-71
8079628,6,-86
8079628,7,-95
8079628,8,-90
8100823,0,-83
8100823,1,-75
8100823,2,-88
8100823,3,-71
8100823,4,-87
8100823,5,-73
8100823,6,-87
8100823,7,-95
8100823,8,-82
8122019,0,-81
8122019,1,-77
8122019,2,-79
8122019,3,-71
8122019,4,-83
8122019,5,-73
8122019,6,-87
8122019,7,-95
8122019,8,-79
8143217,0,-86
8143217,1,-76
8143217,2,-79
8143217,3,-80
8143217,4,-83
8143217,5,-71
8143217,6,-90
8143217,7,-96
8143217,8,-79
8164410,0,-83
207
8164445,1,-75
8164445,2,-81
8164445,3,-72
8164445,4,-90
8164445,5,-73
8164445,6,-84
8164445,7,-95
8164445,8,-79
8185652,0,-81
8185652,1,-75
8185652,2,-80
8185652,3,-80
8185652,4,-89
8185652,5,-71
8185652,6,-89
8185652,7,-95
8185652,8,-80
8206848,0,-85
8206848,1,-77
8206848,2,-79
8206848,3,-71
8206848,4,-83
8206848,5,-71
8206848,6,-88
8206848,7,-95
8206848,8,-79
8228044,0,-81
8228044,1,-75
8228044,2,-82
8228044,3,-72
8228044,4,-88
8228044,5,-74
8228044,6,-87
8228044,7,-95
8228044,8,-79
8249239,0,-81
8249239,1,-85
8249239,2,-79
8249239,3,-77
8249239,4,-83
8249239,5,-71
8249239,6,-87
8249239,7,-95
8249239,8,-79
8270434,0,-81
8270434,1,-75
8270434,2,-79
8270434,3,-71
8270434,4,-85
8270434,5,-71
8270434,6,-84
8270434,7,-95
8270434,8,-79
8291626,0,-81
8291626,1,-81
8291626,2,-79
8291626,3,-73
8291626,4,-83
8291626,5,-73
8291626,6,-88
8291626,7,-95
8291626,8,-84
8312820,0,-84
8312820,1,-75
8312820,2,-79
8312820,3,-73
8312820,4,-83
8312820,5,-73
8312820,6,-86
8312820,7,-95
8312820,8,-79
8334015,0,-90
8334015,1,-75
8334015,2,-79
8334015,3,-81
8334015,4,-91
8334015,5,-71
8334015,6,-89
8334015,7,-95
8334015,8,-80
206
8355242,0,-84
8355242,1,-75
8355242,2,-81
8355242,3,-75
8355242,4,-85
8355242,5,-71
8355242,6,-86
8355242,7,-96
8355242,8,-80
8376453,0,-85
8376453,1,-75
8376453,2,-84
8376453,3,-73
8376453,4,-88
8376453,5,-72
8376453,6,-90
8376453,7,-94
8376453,8,-80
8397647,0,-81
8397647,1,-75
8397647,2,-79
8397647,3,-74
8397647,4,-83
8397647,5,-74
8397647,6,-87
8397647,7,-95
8397647,8,-80
8418844,0,-81
8418844,1,-75
8418844,2,-81
8418844,3,-81
8418844,4,-84
8418844,5,-71
8418844,6,-89
8418844,7,-95
8418844,8,-79
8440042,0,-81
8440042,1,-75
8440042,2,-79
8440042,3,-80
8440042,4,-90
8440042,5,-71
8440042,6,-87
8440042,7,-95
8440042,8,-79
8461239,0,-81
8461239,1,-75
8461239,2,-80
8461239,3,-74
8461239,4,-83
8461239,5,-72
8461239,6,-88
8461239,7,-95
8461239,8,-80
8482434,0,-81
8482434,1,-75
8482434,2,-79
8482434,3,-73
8482434,4,-84
8482434,5,-71
8482434,6,-89
8482434,7,-95
8482434,8,-79
8503633,0,-84
8503633,1,-75
8503633,2,-79
8503633,3,-71
8503633,4,-83
8503633,5,-71
8503633,6,-86
8503633,7,-95
8503633,8,-80
8524830,0,-83
8524830,1,-85
8524830,2,-79
8524830,3,-71
8524830,4,-90
8524830,5,-71
8524830,6,-84
8524830,7,-95
205
8524865,8,-79
8546077,0,-87
8546077,1,-85
8546077,2,-79
8546077,3,-72
8546077,4,-87
8546077,5,-72
8546077,6,-85
8546077,7,-94
8546077,8,-79
8567273,0,-81
8567273,1,-75
8567273,2,-81
8567273,3,-70
8567273,4,-83
8567273,5,-71
8567273,6,-85
8567273,7,-95
8567273,8,-81
8588467,0,-81
8588467,1,-77
8588467,2,-79
8588467,3,-71
8588467,4,-83
8588467,5,-72
8588467,6,-85
8588467,7,-95
8588467,8,-81
8609660,0,-81
8609660,1,-79
8609660,2,-80
8609660,3,-82
8609660,4,-83
8609660,5,-71
8609660,6,-84
8609660,7,-95
8609660,8,-79
8630853,0,-87
8630853,1,-75
8630853,2,-81
8630853,3,-71
8630853,4,-87
8630853,5,-74
8630853,6,-86
8630853,7,-96
8630853,8,-80
8652048,0,-82
8652048,1,-75
8652048,2,-79
8652048,3,-70
8652048,4,-83
8652048,5,-71
8652048,6,-84
8652048,7,-95
8652048,8,-93
8673241,0,-81
8673241,1,-78
8673241,2,-83
8673241,3,-71
8673241,4,-86
8673241,5,-72
8673241,6,-87
8673241,7,-95
8673241,8,-79
8694435,0,-81
8694435,1,-75
8694435,2,-80
8694435,3,-81
8694435,4,-83
8694435,5,-71
8694435,6,-86
8694435,7,-95
8694435,8,-80
8715628,0,-83
8715628,1,-75
8715628,2,-84
8715628,3,-71
8715628,4,-83
8715628,5,-73
8715628,6,-87
204
8715662,7,-95
8715662,8,-79
8736870,0,-81
8736870,1,-82
8736870,2,-80
8736870,3,-71
8736870,4,-83
8736870,5,-71
8736870,6,-85
8736870,7,-95
8736870,8,-80
8758064,0,-82
8758064,1,-78
8758064,2,-80
8758064,3,-73
8758064,4,-83
8758064,5,-72
8758064,6,-87
8758064,7,-95
8758064,8,-79
8779259,0,-82
8779259,1,-75
8779259,2,-79
8779259,3,-80
8779259,4,-83
8779259,5,-71
8779259,6,-86
8779259,7,-95
8779259,8,-80
8800452,0,-84
8800452,1,-75
8800452,2,-81
8800452,3,-71
8800452,4,-85
8800452,5,-75
8800452,6,-84
8800452,7,-94
8800452,8,-79
8821646,0,-83
8821646,1,-75
8821646,2,-79
8821646,3,-72
8821646,4,-83
8821646,5,-71
8821646,6,-87
8821646,7,-96
8821646,8,-79
8842840,0,-81
8842840,1,-75
8842840,2,-81
8842840,3,-74
8842840,4,-87
8842840,5,-71
8842840,6,-83
8842840,7,-95
8842840,8,-80
8864036,0,-81
8864036,1,-75
8864036,2,-80
8864036,3,-71
8864036,4,-83
8864036,5,-71
8864036,6,-89
8864036,7,-95
8864036,8,-79
8885232,0,-81
8885232,1,-76
8885232,2,-81
8885232,3,-71
8885232,4,-89
8885232,5,-71
8885232,6,-88
8885232,7,-95
8885232,8,-79
8906426,0,-81
8906426,1,-81
8906426,2,-79
8906426,3,-71
8906426,4,-85
8906426,5,-71
203
8906460,6,-87
8906460,7,-95
8906460,8,-85
8927671,0,-81
8927671,1,-75
8927671,2,-81
8927671,3,-71
8927671,4,-88
8927671,5,-71
8927671,6,-84
8927671,7,-95
8927671,8,-79
8948866,0,-81
8948866,1,-75
8948866,2,-85
8948866,3,-71
8948866,4,-83
8948866,5,-71
8948866,6,-86
8948866,7,-95
8948866,8,-85
8970063,0,-90
8970063,1,-75
8970063,2,-81
8970063,3,-71
8970063,4,-83
8970063,5,-71
8970063,6,-88
8970063,7,-96
8970063,8,-79
8991259,0,-86
8991259,1,-75
8991259,2,-79
8991259,3,-71
8991259,4,-88
8991259,5,-72
8991259,6,-86
8991259,7,-96
8991259,8,-79
9012456,0,-81
9012456,1,-75
9012456,2,-81
9012456,3,-72
9012456,4,-87
9012456,5,-73
9012456,6,-86
9012456,7,-95
9012456,8,-87
9033651,0,-81
9033651,1,-75
9033651,2,-79
9033651,3,-72
9033651,4,-83
9033651,5,-71
9033651,6,-87
9033651,7,-95
9033651,8,-85
9054847,0,-85
9054847,1,-78
9054847,2,-79
9054847,3,-78
9054847,4,-83
9054847,5,-71
9054847,6,-89
9054847,7,-95
9054847,8,-79
9076044,0,-81
9076044,1,-84
9076044,2,-84
9076044,3,-75
9076044,4,-83
9076044,5,-71
9076044,6,-90
9076044,7,-95
9076044,8,-82
9097241,0,-81
9097241,1,-75
9097241,2,-79
9097241,3,-71
9097241,4,-90
202
9097276,5,-73
9097276,6,-86
9097276,7,-94
9097276,8,-80
9118488,0,-81
9118488,1,-75
9118488,2,-80
9118488,3,-71
9118488,4,-83
9118488,5,-71
9118488,6,-88
9118488,7,-95
9118488,8,-80
9139684,0,-81
9139684,1,-75
9139684,2,-79
9139684,3,-71
9139684,4,-83
9139684,5,-71
9139684,6,-88
9139684,7,-96
9139684,8,-79
9160879,0,-81
9160879,1,-83
9160879,2,-80
9160879,3,-71
9160879,4,-83
9160879,5,-72
9160879,6,-85
9160879,7,-95
9160879,8,-80
9182076,0,-81
9182076,1,-75
9182076,2,-81
9182076,3,-71
9182076,4,-83
9182076,5,-71
9182076,6,-85
9182076,7,-95
9182076,8,-79
9203271,0,-81
9203271,1,-75
9203271,2,-81
9203271,3,-71
9203271,4,-86
9203271,5,-71
9203271,6,-85
9203271,7,-95
9203271,8,-79
9224468,0,-81
9224468,1,-84
9224468,2,-79
9224468,3,-71
9224468,4,-83
9224468,5,-71
9224468,6,-89
9224468,7,-95
9224468,8,-79
9245663,0,-89
9245663,1,-75
9245663,2,-79
9245663,3,-71
9245663,4,-83
9245663,5,-74
9245663,6,-88
9245663,7,-95
9245663,8,-85
9266860,0,-91
9266860,1,-75
9266860,2,-79
9266860,3,-71
9266860,4,-85
9266860,5,-73
9266860,6,-88
9266860,7,-95
9266860,8,-79
9288057,0,-84
9288057,1,-75
9288057,2,-85
9288057,3,-71
201
9288091,4,-83
9288091,5,-70
9288091,6,-86
9288091,7,-95
9288091,8,-79
9309304,0,-85
9309304,1,-75
9309304,2,-81
9309304,3,-71
9309304,4,-83
9309304,5,-71
9309304,6,-90
9309304,7,-95
9309304,8,-79
9330502,0,-81
9330502,1,-75
9330502,2,-79
9330502,3,-71
9330502,4,-90
9330502,5,-71
9330502,6,-88
9330502,7,-95
9330502,8,-80
9351698,0,-86
9351698,1,-75
9351698,2,-81
9351698,3,-75
9351698,4,-83
9351698,5,-70
9351698,6,-87
9351698,7,-96
9351698,8,-79
9372892,0,-81
9372892,1,-77
9372892,2,-79
9372892,3,-80
9372892,4,-84
9372892,5,-73
9372892,6,-85
9372892,7,-95
9372892,8,-79
9394087,0,-81
9394087,1,-75
9394087,2,-80
9394087,3,-70
9394087,4,-83
9394087,5,-71
9394087,6,-90
9394087,7,-95
9394087,8,-79
9415282,0,-81
9415282,1,-75
9415282,2,-80
9415282,3,-74
9415282,4,-83
9415282,5,-71
9415282,6,-86
9415282,7,-95
9415282,8,-79
9436478,0,-81
9436478,1,-75
9436478,2,-84
9436478,3,-71
9436478,4,-83
9436478,5,-71
9436478,6,-86
9436478,7,-95
9436478,8,-80
9457672,0,-84
9457672,1,-75
9457672,2,-79
9457672,3,-71
9457672,4,-90
9457672,5,-71
9457672,6,-87
9457672,7,-95
9457672,8,-79
9478869,0,-81
9478869,1,-76
9478869,2,-86
200
9478903,3,-71
9478903,4,-83
9478903,5,-72
9478903,6,-90
9478903,7,-95
9478903,8,-79
9500114,0,-81
9500114,1,-75
9500114,2,-79
9500114,3,-76
9500114,4,-83
9500114,5,-71
9500114,6,-86
9500114,7,-95
9500114,8,-79
9521310,0,-83
9521310,1,-75
9521310,2,-85
9521310,3,-71
9521310,4,-83
9521310,5,-71
9521310,6,-85
9521310,7,-95
9521310,8,-80
9542504,0,-81
9542504,1,-79
9542504,2,-83
9542504,3,-71
9542504,4,-85
9542504,5,-71
9542504,6,-86
9542504,7,-95
9542504,8,-82
9563699,0,-81
9563699,1,-75
9563699,2,-84
9563699,3,-80
9563699,4,-83
9563699,5,-71
9563699,6,-86
9563699,7,-95
9563699,8,-80
9584892,0,-84
9584892,1,-75
9584892,2,-79
9584892,3,-71
9584892,4,-89
9584892,5,-71
9584892,6,-84
9584892,7,-95
9584892,8,-80
9606084,0,-82
9606084,1,-84
9606084,2,-83
9606084,3,-72
9606084,4,-87
9606084,5,-71
9606084,6,-85
9606084,7,-95
9606084,8,-80
9627281,0,-81
9627281,1,-78
9627281,2,-79
9627281,3,-71
9627281,4,-84
9627281,5,-71
9627281,6,-85
9627281,7,-95
9627281,8,-79
9648477,0,-84
9648477,1,-78
9648477,2,-80
9648477,3,-71
9648477,4,-88
9648477,5,-73
9648477,6,-86
9648477,7,-95
9648477,8,-80
9669672,0,-83
9669672,1,-79
199
9669706,2,-80
9669706,3,-73
9669706,4,-88
9669706,5,-71
9669706,6,-85
9669706,7,-95
9669706,8,-79
9690916,0,-81
9690916,1,-75
9690916,2,-79
9690916,3,-71
9690916,4,-90
9690916,5,-72
9690916,6,-90
9690916,7,-95
9690916,8,-79
9712111,0,-81
9712111,1,-81
9712111,2,-79
9712111,3,-72
9712111,4,-89
9712111,5,-71
9712111,6,-85
9712111,7,-95
9712111,8,-79
9733305,0,-84
9733305,1,-75
9733305,2,-79
9733305,3,-78
9733305,4,-83
9733305,5,-71
9733305,6,-86
9733305,7,-95
9733305,8,-81
9754500,0,-87
9754500,1,-77
9754500,2,-79
9754500,3,-71
9754500,4,-85
9754500,5,-71
9754500,6,-87
9754500,7,-95
9754500,8,-86
9775694,0,-84
9775694,1,-83
9775694,2,-80
9775694,3,-71
9775694,4,-86
9775694,5,-71
9775694,6,-90
9775694,7,-95
9775694,8,-79
9796890,0,-81
9796890,1,-75
9796890,2,-79
9796890,3,-71
9796890,4,-88
9796890,5,-71
9796890,6,-87
9796890,7,-95
9796890,8,-79
9818087,0,-86
9818087,1,-75
9818087,2,-79
9818087,3,-71
9818087,4,-87
9818087,5,-73
9818087,6,-88
9818087,7,-95
9818087,8,-79
9839281,0,-81
9839281,1,-75
9839281,2,-80
9839281,3,-71
9839281,4,-83
9839281,5,-73
9839281,6,-87
9839281,7,-95
9839281,8,-79
9860477,0,-86
198
9860511,1,-75
9860511,2,-79
9860511,3,-71
9860511,4,-89
9860511,5,-71
9860511,6,-88
9860511,7,-95
9860511,8,-83
9881722,0,-81
9881722,1,-80
9881722,2,-80
9881722,3,-71
9881722,4,-83
9881722,5,-72
9881722,6,-87
9881722,7,-94
9881722,8,-79
9902917,0,-81
9902917,1,-75
9902917,2,-85
9902917,3,-71
9902917,4,-83
9902917,5,-72
9902917,6,-89
9902917,7,-94
9902917,8,-80
9924113,0,-84
9924113,1,-78
9924113,2,-80
9924113,3,-72
9924113,4,-83
9924113,5,-71
9924113,6,-86
9924113,7,-95
9924113,8,-85
9945306,0,-89
9945306,1,-75
9945306,2,-80
9945306,3,-71
9945306,4,-87
9945306,5,-71
9945306,6,-85
9945306,7,-95
9945306,8,-79
9966504,0,-81
9966504,1,-77
9966504,2,-79
9966504,3,-71
9966504,4,-86
9966504,5,-72
9966504,6,-86
9966504,7,-95
9966504,8,-81
9987699,0,-84
9987699,1,-75
9987699,2,-80
9987699,3,-73
9987699,4,-83
9987699,5,-72
9987699,6,-86
9987699,7,-95
9987699,8,-79
10008894,0,-81
10008894,1,-79
10008894,2,-80
10008894,3,-71
10008894,4,-85
10008894,5,-71
10008894,6,-87
10008894,7,-95
10008894,8,-81
10030092,0,-81
10030092,1,-77
10030092,2,-79
10030092,3,-72
10030092,4,-87
10030092,5,-71
10030092,6,-84
10030092,7,-95
10030092,8,-79
197
10051321,0,-85
10051321,1,-76
10051321,2,-79
10051321,3,-74
10051321,4,-83
10051321,5,-72
10051321,6,-93
10051321,7,-95
10051321,8,-82
10072531,0,-81
10072531,1,-78
10072531,2,-79
10072531,3,-72
10072531,4,-83
10072531,5,-71
10072531,6,-85
10072531,7,-95
10072531,8,-79
10093726,0,-88
10093726,1,-78
10093726,2,-85
10093726,3,-71
10093726,4,-83
10093726,5,-73
10093726,6,-90
10093726,7,-95
10093726,8,-81
10114922,0,-91
10114922,1,-75
10114922,2,-81
10114922,3,-71
10114922,4,-85
10114922,5,-71
10114922,6,-87
10114922,7,-95
10114922,8,-79
10136119,0,-81
10136119,1,-75
10136119,2,-79
10136119,3,-75
10136119,4,-87
10136119,5,-71
10136119,6,-84
10136119,7,-95
10136119,8,-79
10157315,0,-84
10157315,1,-75
10157315,2,-79
10157315,3,-74
10157315,4,-87
10157315,5,-71
10157315,6,-84
10157315,7,-95
10157315,8,-80
10178511,0,-81
10178511,1,-84
10178511,2,-79
10178511,3,-71
10178511,4,-90
10178511,5,-71
10178511,6,-85
10178511,7,-95
10178511,8,-80
10199706,0,-81
10199706,1,-75
10199706,2,-79
10199706,3,-77
10199706,4,-88
10199706,5,-71
10199706,6,-85
10199706,7,-95
10199706,8,-82
10220902,0,-90
10220902,1,-78
10220902,2,-79
10220902,3,-71
10220902,4,-83
10220902,5,-72
10220902,6,-85
10220902,7,-95
196
10220936,8,-86
10242146,0,-81
10242146,1,-75
10242146,2,-79
10242146,3,-71
10242146,4,-83
10242146,5,-72
10242146,6,-85
10242146,7,-95
10242146,8,-80
10263341,0,-82
10263341,1,-75
10263341,2,-80
10263341,3,-73
10263341,4,-90
10263341,5,-71
10263341,6,-87
10263341,7,-95
10263341,8,-79
10284537,0,-82
10284537,1,-78
10284537,2,-79
10284537,3,-73
10284537,4,-83
10284537,5,-73
10284537,6,-87
10284537,7,-94
10284537,8,-86
10305729,0,-83
10305729,1,-80
10305729,2,-81
10305729,3,-75
10305729,4,-85
10305729,5,-71
10305729,6,-92
10305729,7,-95
10305729,8,-79
10326923,0,-84
10326923,1,-79
10326923,2,-85
10326923,3,-71
10326923,4,-83
10326923,5,-72
10326923,6,-86
10326923,7,-95
10326923,8,-79
10348119,0,-83
10348119,1,-78
10348119,2,-79
10348119,3,-70
10348119,4,-83
10348119,5,-71
10348119,6,-88
10348119,7,-94
10348119,8,-79
10369314,0,-84
10369314,1,-78
10369314,2,-83
10369314,3,-73
10369314,4,-83
10369314,5,-71
10369314,6,-85
10369314,7,-95
10369314,8,-82
10390509,0,-85
10390509,1,-75
10390509,2,-79
10390509,3,-73
10390509,4,-83
10390509,5,-71
10390509,6,-87
10390509,7,-95
10390509,8,-85
10411704,0,-84
10411704,1,-77
10411704,2,-79
10411704,3,-71
10411704,4,-83
10411704,5,-71
10411704,6,-86
195
10411739,7,-95
10411739,8,-79
10432951,0,-86
10432951,1,-78
10432951,2,-84
10432951,3,-71
10432951,4,-83
10432951,5,-71
10432951,6,-90
10432951,7,-95
10432951,8,-80
10454147,0,-82
10454147,1,-75
10454147,2,-80
10454147,3,-71
10454147,4,-88
10454147,5,-71
10454147,6,-85
10454147,7,-95
10454147,8,-79
10475342,0,-81
10475342,1,-75
10475342,2,-79
10475342,3,-72
10475342,4,-83
10475342,5,-72
10475342,6,-84
10475342,7,-94
10475342,8,-79
10496539,0,-81
10496539,1,-75
10496539,2,-79
10496539,3,-71
10496539,4,-86
10496539,5,-71
10496539,6,-86
10496539,7,-95
10496539,8,-79
10517737,0,-81
10517737,1,-75
10517737,2,-81
10517737,3,-71
10517737,4,-87
10517737,5,-71
10517737,6,-89
10517737,7,-95
10517737,8,-79
10538930,0,-84
10538930,1,-75
10538930,2,-79
10538930,3,-75
10538930,4,-90
10538930,5,-72
10538930,6,-88
10538930,7,-95
10538930,8,-80
10560125,0,-84
10560125,1,-78
10560125,2,-80
10560125,3,-73
10560125,4,-83
10560125,5,-71
10560125,6,-88
10560125,7,-95
10560125,8,-84
10581322,0,-81
10581322,1,-78
10581322,2,-80
10581322,3,-71
10581322,4,-83
10581322,5,-74
10581322,6,-85
10581322,7,-95
10581322,8,-80
10602520,0,-88
10602520,1,-79
10602520,2,-79
10602520,3,-72
10602520,4,-83
10602520,5,-72
194
10602555,6,-90
10602555,7,-94
10602555,8,-79
10623767,0,-82
10623767,1,-81
10623767,2,-81
10623767,3,-71
10623767,4,-86
10623767,5,-71
10623767,6,-85
10623767,7,-95
10623767,8,-79
10644962,0,-81
10644962,1,-75
10644962,2,-81
10644962,3,-71
10644962,4,-89
10644962,5,-74
10644962,6,-87
10644962,7,-94
10644962,8,-81
10666158,0,-85
10666158,1,-75
10666158,2,-80
10666158,3,-71
10666158,4,-87
10666158,5,-73
10666158,6,-86
10666158,7,-95
10666158,8,-81
10687356,0,-81
10687356,1,-77
10687356,2,-81
10687356,3,-71
10687356,4,-83
10687356,5,-73
10687356,6,-84
10687356,7,-95
10687356,8,-79
10708553,0,-83
10708553,1,-75
10708553,2,-86
10708553,3,-71
10708553,4,-85
10708553,5,-71
10708553,6,-86
10708553,7,-94
10708553,8,-80
10729750,0,-81
10729750,1,-84
10729750,2,-79
10729750,3,-72
10729750,4,-84
10729750,5,-73
10729750,6,-88
10729750,7,-95
10729750,8,-79
10750945,0,-85
10750945,1,-81
10750945,2,-83
10750945,3,-71
10750945,4,-88
10750945,5,-71
10750945,6,-87
10750945,7,-94
10750945,8,-84
10772143,0,-81
10772143,1,-85
10772143,2,-86
10772143,3,-71
10772143,4,-87
10772143,5,-72
10772143,6,-85
10772143,7,-95
10772143,8,-82
10793339,0,-81
10793339,1,-76
10793339,2,-80
10793339,3,-71
10793339,4,-83
193
10793373,5,-71
10793373,6,-84
10793373,7,-94
10793374,8,-79
10814585,0,-85
10814585,1,-78
10814585,2,-85
10814585,3,-71
10814585,4,-83
10814585,5,-71
10814585,6,-84
10814585,7,-95
10814585,8,-86
10835776,0,-81
10835776,1,-75
10835776,2,-79
10835776,3,-71
10835776,4,-83
10835776,5,-71
10835776,6,-84
10835776,7,-95
10835776,8,-87
10856969,0,-81
10856969,1,-78
10856969,2,-79
10856969,3,-73
10856969,4,-83
10856969,5,-71
10856969,6,-86
10856969,7,-94
10856969,8,-80
10878164,0,-85
10878164,1,-75
10878164,2,-79
10878164,3,-76
10878164,4,-83
10878164,5,-71
10878164,6,-86
10878164,7,-95
10878164,8,-82
10899359,0,-81
10899359,1,-75
10899359,2,-80
10899359,3,-71
10899359,4,-85
10899359,5,-71
10899359,6,-85
10899359,7,-95
10899359,8,-79
10920553,0,-87
10920553,1,-75
10920553,2,-80
10920553,3,-71
10920553,4,-86
10920553,5,-72
10920553,6,-85
10920553,7,-95
10920553,8,-79
10941748,0,-81
10941748,1,-81
10941748,2,-79
10941748,3,-73
10941748,4,-83
10941748,5,-71
10941748,6,-85
10941748,7,-94
10941748,8,-79
10962941,0,-81
10962941,1,-81
10962941,2,-79
10962941,3,-71
10962941,4,-84
10962941,5,-74
10962941,6,-89
10962941,7,-94
10962941,8,-80
10984135,0,-84
10984135,1,-75
10984135,2,-81
10984135,3,-71
192
10984169,4,-90
10984169,5,-71
10984169,6,-84
10984169,7,-95
10984169,8,-79
11005380,0,-82
11005380,1,-75
11005380,2,-81
11005380,3,-71
11005380,4,-90
11005380,5,-71
11005380,6,-84
11005380,7,-95
11005380,8,-79
11026573,0,-81
11026573,1,-75
11026573,2,-81
11026573,3,-71
11026573,4,-83
11026573,5,-72
11026573,6,-85
11026573,7,-95
11026573,8,-79
11047765,0,-81
11047765,1,-78
11047765,2,-80
11047765,3,-72
11047765,4,-84
11047765,5,-71
11047765,6,-84
11047765,7,-95
11047765,8,-86
11068958,0,-81
11068958,1,-81
11068958,2,-79
11068958,3,-71
11068958,4,-84
11068958,5,-71
11068958,6,-86
11068958,7,-95
11068958,8,-79
11090152,0,-86
11090152,1,-75
11090152,2,-79
11090152,3,-73
11090152,4,-83
11090152,5,-71
11090152,6,-85
11090152,7,-95
11090152,8,-79
11111346,0,-82
11111346,1,-75
11111346,2,-82
11111346,3,-71
11111346,4,-89
11111346,5,-71
11111346,6,-85
11111346,7,-94
11111346,8,-85
11132542,0,-81
11132542,1,-75
11132542,2,-80
11132542,3,-73
11132542,4,-87
11132542,5,-71
11132542,6,-88
11132542,7,-95
11132542,8,-84
11153739,0,-82
11153739,1,-76
11153739,2,-79
11153739,3,-72
11153739,4,-83
11153739,5,-71
11153739,6,-84
11153739,7,-95
11153739,8,-80
11174935,0,-82
11174935,1,-75
11174935,2,-81
191
11174969,3,-73
11174969,4,-85
11174969,5,-71
11174969,6,-87
11174969,7,-95
11174969,8,-80
11196178,0,-86
11196178,1,-83
11196178,2,-80
11196178,3,-71
11196178,4,-83
11196178,5,-71
11196178,6,-86
11196178,7,-95
11196178,8,-79
11217374,0,-82
11217374,1,-78
11217374,2,-80
11217374,3,-71
11217374,4,-83
11217374,5,-71
11217374,6,-88
11217374,7,-95
11217374,8,-80
11238571,0,-81
11238571,1,-78
11238571,2,-79
11238571,3,-71
11238571,4,-83
11238571,5,-71
11238571,6,-90
11238571,7,-95
11238571,8,-79
11259765,0,-86
11259765,1,-75
11259765,2,-79
11259765,3,-71
11259765,4,-85
11259765,5,-71
11259765,6,-86
11259765,7,-95
11259765,8,-79
11280959,0,-85
11280959,1,-79
11280959,2,-80
11280959,3,-71
11280959,4,-83
11280959,5,-71
11280959,6,-85
11280959,7,-95
11280959,8,-86
11302154,0,-82
11302154,1,-78
11302154,2,-81
11302154,3,-71
11302154,4,-89
11302154,5,-73
11302154,6,-84
11302154,7,-95
11302154,8,-84
11323351,0,-86
11323351,1,-78
11323351,2,-79
11323351,3,-71
11323351,4,-83
11323351,5,-71
11323351,6,-86
11323351,7,-95
11323351,8,-80
11344547,0,-84
11344547,1,-82
11344547,2,-85
11344547,3,-71
11344547,4,-83
11344547,5,-71
11344547,6,-88
11344547,7,-95
11344547,8,-79
11365743,0,-81
11365743,1,-75
190
11365777,2,-79
11365777,3,-71
11365777,4,-83
11365777,5,-72
11365777,6,-88
11365777,7,-95
11365777,8,-79
11386989,0,-85
11386989,1,-78
11386989,2,-79
11386989,3,-73
11386989,4,-90
11386989,5,-71
11386989,6,-94
11386989,7,-95
11386989,8,-79
11408187,0,-81
11408187,1,-78
11408187,2,-86
11408187,3,-74
11408187,4,-83
11408187,5,-73
11408187,6,-88
11408187,7,-94
11408187,8,-85
11429381,0,-82
11429381,1,-82
11429381,2,-80
11429381,3,-71
11429381,4,-90
11429381,5,-73
11429381,6,-88
11429381,7,-95
11429381,8,-81
11450578,0,-82
11450578,1,-82
11450578,2,-81
11450578,3,-71
11450578,4,-83
11450578,5,-71
11450578,6,-85
11450578,7,-95
11450578,8,-79
11471775,0,-82
11471775,1,-75
11471775,2,-79
11471775,3,-75
11471775,4,-83
11471775,5,-73
11471775,6,-85
11471775,7,-95
11471775,8,-79
11492970,0,-84
11492970,1,-81
11492970,2,-79
11492970,3,-76
11492970,4,-83
11492970,5,-71
11492970,6,-84
11492970,7,-94
11492970,8,-79
11514166,0,-85
11514166,1,-75
11514166,2,-83
11514166,3,-73
11514166,4,-86
11514166,5,-71
11514166,6,-85
11514166,7,-95
11514166,8,-80
11535362,0,-84
11535362,1,-81
11535362,2,-81
11535362,3,-71
11535362,4,-83
11535362,5,-73
11535362,6,-86
11535362,7,-95
11535362,8,-79
11556556,0,-84
189
11556590,1,-75
11556590,2,-80
11556590,3,-71
11556590,4,-92
11556590,5,-71
11556590,6,-85
11556590,7,-95
11556590,8,-80
11577799,0,-81
11577799,1,-76
11577799,2,-79
11577799,3,-71
11577799,4,-89
11577799,5,-71
11577799,6,-90
11577799,7,-95
11577799,8,-84
11598996,0,-85
11598996,1,-75
11598996,2,-80
11598996,3,-74
11598996,4,-83
11598996,5,-71
11598996,6,-89
11598996,7,-95
11598996,8,-79
11620192,0,-84
11620192,1,-81
11620192,2,-81
11620192,3,-71
11620192,4,-86
11620192,5,-72
11620192,6,-90
11620192,7,-94
11620192,8,-79
11641385,0,-82
11641385,1,-81
11641385,2,-79
11641385,3,-73
11641385,4,-83
11641385,5,-71
11641385,6,-93
11641385,7,-94
11641385,8,-79
11662581,0,-81
11662581,1,-75
11662581,2,-79
11662581,3,-71
11662581,4,-84
11662581,5,-71
11662581,6,-86
11662581,7,-95
11662581,8,-79
11683775,0,-85
11683775,1,-75
11683775,2,-79
11683775,3,-71
11683775,4,-86
11683775,5,-71
11683775,6,-85
11683775,7,-95
11683775,8,-80
11704971,0,-81
11704971,1,-75
11704971,2,-79
11704971,3,-73
11704971,4,-83
11704971,5,-71
11704971,6,-88
11704971,7,-95
11704971,8,-79
11726166,0,-81
11726166,1,-75
11726166,2,-79
11726166,3,-71
11726166,4,-89
11726166,5,-71
11726166,6,-85
11726166,7,-95
11726166,8,-80
188
11747397,0,-82
11747397,1,-75
11747397,2,-80
11747397,3,-71
11747397,4,-89
11747397,5,-71
11747397,6,-84
11747397,7,-95
11747397,8,-79
11768608,0,-81
11768608,1,-77
11768608,2,-79
11768608,3,-71
11768608,4,-90
11768608,5,-71
11768608,6,-84
11768608,7,-95
11768608,8,-86
11789803,0,-83
11789803,1,-75
11789803,2,-79
11789803,3,-74
11789803,4,-83
11789803,5,-72
11789803,6,-84
11789803,7,-95
11789803,8,-79
11810997,0,-81
11810997,1,-75
11810997,2,-81
11810997,3,-71
11810997,4,-83
11810997,5,-71
11810997,6,-84
11810997,7,-95
11810997,8,-80
11832192,0,-81
11832192,1,-75
11832192,2,-80
11832192,3,-71
11832192,4,-84
11832192,5,-71
11832192,6,-86
11832192,7,-95
11832192,8,-79
11853389,0,-81
11853389,1,-75
11853389,2,-81
11853389,3,-71
11853389,4,-83
11853389,5,-71
11853389,6,-85
11853389,7,-95
11853389,8,-81
11874584,0,-84
11874584,1,-75
11874584,2,-79
11874584,3,-71
11874584,4,-86
11874584,5,-71
11874584,6,-85
11874584,7,-95
11874584,8,-79
11895781,0,-85
11895781,1,-75
11895781,2,-79
11895781,3,-71
11895781,4,-83
11895781,5,-71
11895781,6,-87
11895781,7,-94
11895781,8,-90
11916975,0,-84
11916975,1,-75
11916975,2,-80
11916975,3,-71
11916975,4,-89
11916975,5,-71
11916975,6,-85
11916975,7,-95
187
11917009,8,-79
11938220,0,-84
11938220,1,-75
11938220,2,-80
11938220,3,-71
11938220,4,-87
11938220,5,-71
11938220,6,-88
11938220,7,-95
11938220,8,-79
11959414,0,-81
11959414,1,-75
11959414,2,-80
11959414,3,-71
11959414,4,-83
11959414,5,-72
11959414,6,-86
11959414,7,-94
11959414,8,-79
11980611,0,-81
11980611,1,-80
11980611,2,-80
11980611,3,-75
11980611,4,-83
11980611,5,-71
11980611,6,-85
11980611,7,-95
11980611,8,-79
12001807,0,-81
12001807,1,-75
12001807,2,-79
12001807,3,-71
12001807,4,-85
12001807,5,-71
12001807,6,-85
12001807,7,-95
12001807,8,-79
12023002,0,-81
12023002,1,-79
12023002,2,-79
12023002,3,-74
12023002,4,-86
12023002,5,-71
12023002,6,-86
12023002,7,-94
12023002,8,-79
12044199,0,-81
12044199,1,-78
12044199,2,-79
12044199,3,-73
12044199,4,-83
12044199,5,-73
12044199,6,-84
12044199,7,-95
12044199,8,-79
12065397,0,-81
12065397,1,-82
12065397,2,-81
12065397,3,-71
12065397,4,-83
12065397,5,-71
12065397,6,-85
12065397,7,-95
12065397,8,-79
12086594,0,-81
12086594,1,-75
12086594,2,-80
12086594,3,-74
12086594,4,-83
12086594,5,-71
12086594,6,-94
12086594,7,-95
12086594,8,-80
12107790,0,-81
12107790,1,-75
12107790,2,-84
12107790,3,-71
12107790,4,-90
12107790,5,-72
12107790,6,-86
186
12107824,7,-95
12107824,8,-88
12129033,0,-81
12129033,1,-75
12129033,2,-79
12129033,3,-71
12129033,4,-90
12129033,5,-71
12129033,6,-87
12129033,7,-95
12129033,8,-86
12150229,0,-81
12150229,1,-81
12150229,2,-79
12150229,3,-71
12150229,4,-86
12150229,5,-71
12150229,6,-84
12150229,7,-94
12150229,8,-84
12171424,0,-85
12171424,1,-77
12171424,2,-79
12171424,3,-71
12171424,4,-86
12171424,5,-73
12171424,6,-89
12171424,7,-94
12171424,8,-81
12192620,0,-85
12192620,1,-81
12192620,2,-80
12192620,3,-71
12192620,4,-83
12192620,5,-71
12192620,6,-88
12192620,7,-95
12192620,8,-79
12213816,0,-81
12213816,1,-75
12213816,2,-79
12213816,3,-71
12213816,4,-83
12213816,5,-71
12213816,6,-88
12213816,7,-95
12213816,8,-85
12235010,0,-82
12235010,1,-78
12235010,2,-79
12235010,3,-71
12235010,4,-83
12235010,5,-71
12235010,6,-85
12235010,7,-95
12235010,8,-80
12256205,0,-81
12256205,1,-75
12256205,2,-81
12256205,3,-76
12256205,4,-83
12256205,5,-72
12256205,6,-86
12256205,7,-94
12256205,8,-79
12277400,0,-81
12277400,1,-75
12277400,2,-79
12277400,3,-76
12277400,4,-83
12277400,5,-71
12277400,6,-87
12277400,7,-94
12277400,8,-80
12298595,0,-81
12298595,1,-75
12298595,2,-80
12298595,3,-76
12298595,4,-83
12298595,5,-71
185
12298629,6,-84
12298629,7,-94
12298629,8,-79
12319837,0,-82
12319837,1,-78
12319837,2,-79
12319837,3,-71
12319837,4,-83
12319837,5,-71
12319837,6,-87
12319837,7,-95
12319837,8,-85
12341032,0,-81
12341032,1,-75
12341032,2,-81
12341032,3,-71
12341032,4,-90
12341032,5,-72
12341032,6,-85
12341032,7,-95
12341032,8,-79
12362226,0,-81
12362226,1,-75
12362226,2,-85
12362226,3,-70
12362226,4,-85
12362226,5,-72
12362226,6,-84
12362226,7,-95
12362226,8,-79
12383418,0,-82
12383418,1,-75
12383418,2,-80
12383418,3,-71
12383418,4,-87
12383418,5,-72
12383418,6,-88
12383418,7,-94
12383418,8,-79
12404612,0,-89
12404612,1,-79
12404612,2,-85
12404612,3,-73
12404612,4,-90
12404612,5,-71
12404612,6,-85
12404612,7,-95
12404612,8,-86
12425804,0,-84
12425804,1,-75
12425804,2,-81
12425804,3,-77
12425804,4,-83
12425804,5,-73
12425804,6,-88
12425804,7,-95
12425804,8,-83
12447000,0,-81
12447000,1,-75
12447000,2,-79
12447000,3,-77
12447000,4,-91
12447000,5,-71
12447000,6,-87
12447000,7,-95
12447000,8,-79
12468197,0,-84
12468197,1,-75
12468197,2,-79
12468197,3,-72
12468197,4,-83
12468197,5,-71
12468197,6,-87
12468197,7,-95
12468197,8,-82
12489391,0,-85
12489391,1,-75
12489391,2,-80
12489391,3,-71
12489391,4,-88
184
12489425,5,-71
12489425,6,-89
12489425,7,-95
12489425,8,-79
12510637,0,-81
12510637,1,-77
12510637,2,-80
12510637,3,-71
12510637,4,-83
12510637,5,-71
12510637,6,-84
12510637,7,-94
12510637,8,-79
12531833,0,-81
12531833,1,-76
12531833,2,-79
12531833,3,-71
12531833,4,-84
12531833,5,-72
12531833,6,-84
12531833,7,-94
12531833,8,-79
12553028,0,-81
12553028,1,-77
12553028,2,-82
12553028,3,-71
12553028,4,-89
12553028,5,-71
12553028,6,-88
12553028,7,-95
12553028,8,-80
12574226,0,-81
12574226,1,-75
12574226,2,-79
12574226,3,-71
12574226,4,-83
12574226,5,-72
12574226,6,-87
12574226,7,-94
12574226,8,-79
12595421,0,-85
12595421,1,-75
12595421,2,-80
12595421,3,-71
12595421,4,-83
12595421,5,-71
12595421,6,-84
12595421,7,-95
12595421,8,-79
12616615,0,-81
12616615,1,-78
12616615,2,-80
12616615,3,-74
12616615,4,-83
12616615,5,-71
12616615,6,-89
12616615,7,-94
12616615,8,-79
12637810,0,-85
12637810,1,-75
12637810,2,-80
12637810,3,-73
12637810,4,-85
12637810,5,-74
12637810,6,-87
12637810,7,-95
12637810,8,-83
12659004,0,-82
12659004,1,-75
12659004,2,-79
12659004,3,-73
12659004,4,-83
12659004,5,-71
12659004,6,-84
12659004,7,-95
12659004,8,-80
12680201,0,-85
12680201,1,-75
12680201,2,-80
12680201,3,-71
183
12680235,4,-83
12680235,5,-72
12680235,6,-86
12680235,7,-95
12680235,8,-79
12701446,0,-81
12701446,1,-78
12701446,2,-81
12701446,3,-77
12701446,4,-84
12701446,5,-74
12701446,6,-85
12701446,7,-95
12701446,8,-84
12722641,0,-82
12722641,1,-78
12722641,2,-79
12722641,3,-70
12722641,4,-89
12722641,5,-71
12722641,6,-84
12722641,7,-95
12722641,8,-79
12743834,0,-81
12743834,1,-75
12743834,2,-80
12743834,3,-74
12743834,4,-88
12743834,5,-71
12743834,6,-85
12743834,7,-94
12743834,8,-79
12765030,0,-81
12765030,1,-77
12765030,2,-79
12765030,3,-72
12765030,4,-90
12765030,5,-71
12765030,6,-84
12765030,7,-95
12765030,8,-80
12786226,0,-81
12786226,1,-78
12786226,2,-79
12786226,3,-71
12786226,4,-87
12786226,5,-71
12786226,6,-86
12786226,7,-94
12786226,8,-80
12807421,0,-85
12807421,1,-75
12807421,2,-82
12807421,3,-71
12807421,4,-84
12807421,5,-71
12807421,6,-85
12807421,7,-94
12807421,8,-79
12828619,0,-81
12828619,1,-82
12828619,2,-85
12828619,3,-72
12828619,4,-86
12828619,5,-71
12828619,6,-85
12828619,7,-95
12828619,8,-81
12849813,0,-86
12849813,1,-77
12849813,2,-80
12849813,3,-73
12849813,4,-83
12849813,5,-71
12849813,6,-84
12849813,7,-95
12849813,8,-79
12871009,0,-85
12871009,1,-78
12871009,2,-83
182
12871043,3,-71
12871043,4,-89
12871043,5,-71
12871043,6,-89
12871043,7,-95
12871043,8,-79
12892251,0,-82
12892251,1,-75
12892251,2,-79
12892251,3,-73
12892251,4,-85
12892251,5,-71
12892251,6,-88
12892251,7,-95
12892251,8,-84
12913448,0,-81
12913448,1,-75
12913448,2,-79
12913448,3,-73
12913448,4,-83
12913448,5,-73
12913448,6,-87
12913448,7,-95
12913448,8,-79
12934641,0,-82
12934641,1,-75
12934641,2,-81
12934641,3,-71
12934641,4,-83
12934641,5,-71
12934641,6,-87
12934641,7,-95
12934641,8,-79
12955835,0,-81
12955835,1,-75
12955835,2,-81
12955835,3,-75
12955835,4,-83
12955835,5,-71
12955835,6,-84
12955835,7,-95
12955835,8,-79
12977028,0,-82
12977028,1,-75
12977028,2,-80
12977028,3,-73
12977028,4,-84
12977028,5,-71
12977028,6,-87
12977028,7,-95
12977028,8,-85
12998221,0,-85
12998221,1,-77
12998221,2,-81
12998221,3,-71
12998221,4,-87
12998221,5,-71
12998221,6,-88
12998221,7,-95
12998221,8,-79
13019416,0,-85
13019416,1,-78
13019416,2,-79
13019416,3,-71
13019416,4,-83
13019416,5,-71
13019416,6,-88
13019416,7,-95
13019416,8,-79
13040611,0,-81
13040611,1,-76
13040611,2,-79
13040611,3,-71
13040611,4,-83
13040611,5,-71
13040611,6,-84
13040611,7,-94
13040611,8,-79
13061809,0,-82
13061809,1,-78
181
13061843,2,-80
13061843,3,-71
13061843,4,-83
13061843,5,-70
13061843,6,-84
13061843,7,-95
13061843,8,-79
13083055,0,-82
13083055,1,-75
13083055,2,-81
13083055,3,-73
13083055,4,-83
13083055,5,-73
13083055,6,-87
13083055,7,-95
13083055,8,-84
13104249,0,-81
13104249,1,-75
13104249,2,-79
13104249,3,-72
13104249,4,-84
13104249,5,-71
13104249,6,-84
13104249,7,-94
13104249,8,-79
13125443,0,-84
13125443,1,-81
13125443,2,-80
13125443,3,-70
13125443,4,-83
13125443,5,-73
13125443,6,-84
13125443,7,-94
13125443,8,-79
13146636,0,-85
13146636,1,-76
13146636,2,-79
13146636,3,-71
13146636,4,-83
13146636,5,-72
13146636,6,-84
13146636,7,-95
13146636,8,-79
13167830,0,-85
13167830,1,-75
13167830,2,-80
13167830,3,-71
13167830,4,-83
13167830,5,-71
13167830,6,-86
13167830,7,-94
13167830,8,-79
13189024,0,-82
13189024,1,-75
13189024,2,-79
13189024,3,-71
13189024,4,-83
13189024,5,-71
13189024,6,-84
13189024,7,-94
13189024,8,-79
13210217,0,-84
13210217,1,-81
13210217,2,-80
13210217,3,-71
13210217,4,-83
13210217,5,-71
13210217,6,-84
13210217,7,-94
13210217,8,-80
13231410,0,-81
13231410,1,-75
13231410,2,-79
13231410,3,-72
13231410,4,-88
13231410,5,-71
13231410,6,-91
13231410,7,-95
13231410,8,-80
13252603,0,-84
180
13252637,1,-78
13252637,2,-80
13252637,3,-71
13252637,4,-89
13252637,5,-72
13252637,6,-84
13252637,7,-95
13252637,8,-79
13273848,0,-85
13273848,1,-82
13273848,2,-79
13273848,3,-73
13273848,4,-83
13273848,5,-71
13273848,6,-93
13273848,7,-95
13273848,8,-79
13295043,0,-84
13295043,1,-78
13295043,2,-79
13295043,3,-71
13295043,4,-89
13295043,5,-71
13295043,6,-85
13295043,7,-94
13295043,8,-80
13316239,0,-84
13316239,1,-75
13316239,2,-81
13316239,3,-71
13316239,4,-83
13316239,5,-72
13316239,6,-84
13316239,7,-95
13316239,8,-79
13337433,0,-81
13337433,1,-75
13337433,2,-80
13337433,3,-71
13337433,4,-83
13337433,5,-71
13337433,6,-88
13337433,7,-95
13337433,8,-79
13358629,0,-81
13358629,1,-78
13358629,2,-79
13358629,3,-71
13358629,4,-86
13358629,5,-72
13358629,6,-85
13358629,7,-94
13358629,8,-80
13379823,0,-84
13379823,1,-75
13379823,2,-80
13379823,3,-71
13379823,4,-83
13379823,5,-71
13379823,6,-84
13379823,7,-94
13379823,8,-79
13401018,0,-81
13401018,1,-77
13401018,2,-79
13401018,3,-71
13401018,4,-87
13401018,5,-71
13401018,6,-86
13401018,7,-95
13401018,8,-80
13422213,0,-85
13422213,1,-77
13422213,2,-79
13422213,3,-73
13422213,4,-90
13422213,5,-71
13422213,6,-84
13422213,7,-95
13422213,8,-89
179
13443443,0,-83
13443443,1,-75
13443443,2,-81
13443443,3,-71
13443443,4,-83
13443443,5,-72
13443443,6,-85
13443443,7,-94
13443443,8,-80
13464654,0,-83
13464654,1,-81
13464654,2,-79
13464654,3,-72
13464654,4,-83
13464654,5,-72
13464654,6,-87
13464654,7,-95
13464654,8,-79
13485849,0,-81
13485849,1,-80
13485849,2,-81
13485849,3,-71
13485849,4,-83
13485849,5,-71
13485849,6,-84
13485849,7,-95
13485849,8,-80
13507044,0,-81
13507044,1,-78
13507044,2,-85
13507044,3,-73
13507044,4,-87
13507044,5,-72
13507044,6,-87
13507044,7,-95
13507044,8,-79
13528239,0,-81
13528239,1,-75
13528239,2,-81
13528239,3,-71
13528239,4,-83
13528239,5,-72
13528239,6,-84
13528239,7,-95
13528239,8,-79
13549437,0,-82
13549437,1,-75
13549437,2,-80
13549437,3,-72
13549437,4,-83
13549437,5,-71
13549437,6,-89
13549437,7,-95
13549437,8,-79
13570632,0,-82
13570632,1,-79
13570632,2,-79
13570632,3,-71
13570632,4,-86
13570632,5,-71
13570632,6,-84
13570632,7,-94
13570632,8,-79
13591828,0,-85
13591828,1,-75
13591828,2,-79
13591828,3,-71
13591828,4,-83
13591828,5,-71
13591828,6,-87
13591828,7,-94
13591828,8,-79
13613020,0,-81
13613020,1,-75
13613020,2,-80
13613020,3,-71
13613020,4,-89
13613020,5,-73
13613020,6,-84
13613020,7,-95
178
13613054,8,-79
13634265,0,-81
13634265,1,-83
13634265,2,-79
13634265,3,-75
13634265,4,-83
13634265,5,-73
13634265,6,-87
13634265,7,-94
13634265,8,-80
13655457,0,-81
13655457,1,-75
13655457,2,-79
13655457,3,-73
13655457,4,-90
13655457,5,-71
13655457,6,-85
13655457,7,-94
13655457,8,-79
13676652,0,-81
13676652,1,-75
13676652,2,-80
13676652,3,-74
13676652,4,-85
13676652,5,-71
13676652,6,-86
13676652,7,-95
13676652,8,-80
13697846,0,-81
13697846,1,-75
13697846,2,-81
13697846,3,-71
13697846,4,-83
13697846,5,-73
13697846,6,-88
13697846,7,-94
13697846,8,-79
13719042,0,-81
13719042,1,-75
13719042,2,-79
13719042,3,-73
13719042,4,-85
13719042,5,-72
13719042,6,-85
13719042,7,-95
13719042,8,-79
13740235,0,-81
13740235,1,-79
13740235,2,-79
13740235,3,-71
13740235,4,-85
13740235,5,-71
13740235,6,-88
13740235,7,-94
13740235,8,-80
13761429,0,-81
13761429,1,-78
13761429,2,-84
13761429,3,-71
13761429,4,-93
13761429,5,-71
13761429,6,-86
13761429,7,-95
13761429,8,-79
13782622,0,-81
13782622,1,-75
13782622,2,-85
13782622,3,-71
13782622,4,-83
13782622,5,-72
13782622,6,-84
13782622,7,-94
13782622,8,-79
13803816,0,-81
13803816,1,-75
13803816,2,-79
13803816,3,-71
13803816,4,-83
13803816,5,-71
13803816,6,-84
177
13803850,7,-94
13803850,8,-80
13825060,0,-81
13825060,1,-75
13825060,2,-80
13825060,3,-71
13825060,4,-83
13825060,5,-71
13825060,6,-84
13825060,7,-94
13825060,8,-79
13846255,0,-81
13846255,1,-80
13846255,2,-81
13846255,3,-71
13846255,4,-83
13846255,5,-73
13846255,6,-84
13846255,7,-95
13846255,8,-79
13867450,0,-84
13867450,1,-79
13867450,2,-79
13867450,3,-74
13867450,4,-83
13867450,5,-71
13867450,6,-84
13867450,7,-95
13867450,8,-80
13888643,0,-87
13888643,1,-75
13888643,2,-81
13888643,3,-75
13888643,4,-83
13888643,5,-72
13888643,6,-84
13888643,7,-95
13888643,8,-79
13909835,0,-85
13909835,1,-84
13909835,2,-81
13909835,3,-71
13909835,4,-83
13909835,5,-71
13909835,6,-87
13909835,7,-95
13909835,8,-84
13931029,0,-81
13931029,1,-75
13931029,2,-81
13931029,3,-71
13931029,4,-83
13931029,5,-71
13931029,6,-84
13931029,7,-95
13931029,8,-80
13952225,0,-81
13952225,1,-75
13952225,2,-81
13952225,3,-72
13952225,4,-83
13952225,5,-71
13952225,6,-87
13952225,7,-95
13952225,8,-79
13973418,0,-83
13973418,1,-75
13973418,2,-80
13973418,3,-71
13973418,4,-89
13973418,5,-71
13973418,6,-88
13973418,7,-95
13973418,8,-79
13994613,0,-86
13994613,1,-75
13994613,2,-85
13994613,3,-71
13994613,4,-83
13994613,5,-70
176
13994647,6,-84
13994647,7,-95
13994647,8,-79
14015856,0,-81
14015856,1,-78
14015856,2,-80
14015856,3,-71
14015856,4,-83
14015856,5,-71
14015856,6,-86
14015856,7,-95
14015856,8,-79
14037049,0,-84
14037049,1,-80
14037049,2,-79
14037049,3,-72
14037049,4,-84
14037049,5,-73
14037049,6,-84
14037049,7,-95
14037049,8,-79
14058243,0,-84
14058243,1,-75
14058243,2,-81
14058243,3,-73
14058243,4,-83
14058243,5,-71
14058243,6,-84
14058243,7,-95
14058243,8,-81
14079438,0,-82
14079438,1,-75
14079438,2,-79
14079438,3,-71
14079438,4,-86
14079438,5,-71
14079438,6,-88
14079438,7,-95
14079438,8,-83
14100633,0,-82
14100633,1,-75
14100633,2,-83
14100633,3,-74
14100633,4,-83
14100633,5,-70
14100633,6,-85
14100633,7,-95
14100633,8,-80
14121829,0,-85
14121829,1,-75
14121829,2,-79
14121829,3,-71
14121829,4,-83
14121829,5,-71
14121829,6,-87
14121829,7,-95
14121829,8,-80
14143026,0,-82
14143026,1,-76
14143026,2,-80
14143026,3,-73
14143026,4,-83
14143026,5,-71
14143026,6,-87
14143026,7,-95
14143026,8,-79
14164220,0,-85
14164220,1,-75
14164220,2,-80
14164220,3,-71
14164220,4,-89
14164220,5,-71
14164220,6,-84
14164220,7,-95
14164220,8,-79
14185415,0,-81
14185415,1,-75
14185415,2,-79
14185415,3,-71
14185415,4,-88
175
14185449,5,-71
14185449,6,-85
14185449,7,-95
14185449,8,-83
14206661,0,-81
14206661,1,-75
14206661,2,-81
14206661,3,-73
14206661,4,-84
14206661,5,-71
14206661,6,-87
14206661,7,-94
14206661,8,-79
14227856,0,-81
14227856,1,-78
14227856,2,-79
14227856,3,-71
14227856,4,-85
14227856,5,-71
14227856,6,-87
14227856,7,-95
14227856,8,-79
14249052,0,-81
14249052,1,-78
14249052,2,-83
14249052,3,-73
14249052,4,-83
14249052,5,-71
14249052,6,-84
14249052,7,-95
14249052,8,-79
14270247,0,-81
14270247,1,-78
14270247,2,-81
14270247,3,-71
14270247,4,-87
14270247,5,-73
14270247,6,-92
14270247,7,-95
14270247,8,-81
14291441,0,-84
14291441,1,-80
14291441,2,-81
14291441,3,-71
14291441,4,-87
14291441,5,-71
14291441,6,-86
14291441,7,-95
14291441,8,-79
14312638,0,-81
14312638,1,-78
14312638,2,-79
14312638,3,-71
14312638,4,-83
14312638,5,-71
14312638,6,-85
14312638,7,-95
14312638,8,-84
14333833,0,-82
14333833,1,-83
14333833,2,-81
14333833,3,-76
14333833,4,-83
14333833,5,-74
14333833,6,-91
14333833,7,-95
14333833,8,-79
14355029,0,-81
14355029,1,-75
14355029,2,-81
14355029,3,-71
14355029,4,-83
14355029,5,-71
14355029,6,-84
14355029,7,-94
14355029,8,-79
14376225,0,-81
14376225,1,-75
14376225,2,-80
14376225,3,-73
174
14376259,4,-83
14376259,5,-71
14376259,6,-88
14376259,7,-94
14376259,8,-79
14397472,0,-81
14397472,1,-78
14397472,2,-81
14397472,3,-71
14397472,4,-83
14397472,5,-74
14397472,6,-85
14397472,7,-94
14397472,8,-79
14418669,0,-81
14418669,1,-75
14418669,2,-80
14418669,3,-71
14418669,4,-83
14418669,5,-71
14418669,6,-86
14418669,7,-94
14418669,8,-79
14439864,0,-81
14439864,1,-75
14439864,2,-79
14439864,3,-73
14439864,4,-83
14439864,5,-73
14439864,6,-88
14439864,7,-95
14439864,8,-79
14461060,0,-82
14461060,1,-75
14461060,2,-80
14461060,3,-71
14461060,4,-83
14461060,5,-71
14461060,6,-87
14461060,7,-96
14461060,8,-79
14482252,0,-82
14482252,1,-78
14482252,2,-80
14482252,3,-71
14482252,4,-87
14482252,5,-71
14482252,6,-84
14482252,7,-95
14482252,8,-79
14503446,0,-82
14503446,1,-78
14503446,2,-80
14503446,3,-75
14503446,4,-83
14503446,5,-71
14503446,6,-84
14503446,7,-95
14503446,8,-79
14524641,0,-85
14524641,1,-75
14524641,2,-80
14524641,3,-73
14524641,4,-83
14524641,5,-73
14524641,6,-90
14524641,7,-95
14524641,8,-79
14545838,0,-86
14545838,1,-78
14545838,2,-81
14545838,3,-71
14545838,4,-83
14545838,5,-74
14545838,6,-84
14545838,7,-95
14545838,8,-79
14567034,0,-82
14567034,1,-75
14567034,2,-83