250
509960,0,-95
509960,1,-95
531154,0,-95
531154,1,-95
531154,2,-95
531154,3,-95
531154,4,-95
531154,5,-92
531154,6,-95
552347,0,-94
552347,1,-95
552347,2,-95
552347,3,-95
552347,4,-95
552347,5,-92
552347,6,-93
552347,7,-94
552347,8,-93
573542,0,-95
573542,1,-95
573542,2,-95
573542,4,-95
573542,5,-94
573542,6,-94
573542,7,-95
573542,8,-94
594738,0,-93
594738,1,-94
594738,5,-92
594738,6,-95
594738,7,-95
615933,0,-94
615933,1,-95
615933,2,-95
615933,3,-95
615933,4,-95
615933,5,-91
615933,6,-95
615933,7,-92
615933,8,-93
637127,0,-95
637127,1,-92
637127,2,-95
637127,3,-92
637127,4,-94
637127,5,-93
637127,7,-95
637127,8,-93
658321,3,-95
658321,4,-95
658321,5,-93
658321,6,-95
658321,7,-94
658321,8,-95
679514,0,-95
679514,2,-95
679514,4,-95
679514,5,-93
679514,6,-95
679514,7,-95
679514,8,-95
700707,0,-95
700707,1,-94
700707,2,-95
700707,3,-89
700707,4,-95
700707,5,-94
700707,7,-95
700707,8,-95
721900,0,-95
721900,1,-95
721900,2,-95
721900,3,-95
721900,4,-92
721900,5,-93
721900,6,-95
721900,7,-95
721900,8,-95
743096,0,-94
743096,1,-94
249
743131,2,-95
743131,5,-95
743131,6,-95
743131,8,-95
764339,0,-95
764339,1,-95
764339,2,-95
764339,3,-95
764339,4,-95
764339,5,-93
764339,6,-91
764339,7,-95
764339,8,-93
785534,0,-95
785534,1,-95
785534,3,-95
785534,5,-94
785534,7,-95
785534,8,-95
806727,0,-93
806727,1,-93
806727,2,-94
806727,3,-95
806727,4,-95
806727,5,-95
806727,6,-94
806727,7,-95
806727,8,-95
827920,0,-94
827920,1,-93
827920,2,-95
827920,3,-95
827920,4,-95
827920,5,-95
827920,6,-95
827920,7,-95
827920,8,-95
849112,0,-91
849112,1,-93
849112,2,-95
849112,3,-95
849112,5,-95
849112,6,-95
849112,7,-95
849112,8,-95
870304,0,-94
870304,1,-93
870304,2,-95
870304,3,-95
870304,4,-95
870304,5,-95
870304,6,-95
870304,7,-95
870304,8,-95
891495,0,-95
891495,1,-94
891495,2,-95
891495,3,-95
891495,4,-95
891495,5,-95
891495,6,-94
891495,7,-95
891495,8,-95
912690,0,-91
912690,1,-95
912690,2,-95
912690,3,-93
912690,5,-89
912690,6,-95
912690,7,-95
912690,8,-95
933882,0,-91
933882,1,-95
933882,2,-91
933882,3,-95
933882,4,-95
933882,5,-93
933882,6,-95
933882,8,-95
955077,0,-91
248
955111,1,-95
955111,2,-92
955111,3,-93
955111,5,-93
955111,6,-94
955111,7,-95
976319,0,-95
976319,1,-95
976319,2,-91
976319,3,-94
976319,5,-91
976319,6,-95
976319,7,-95
976319,8,-95
997513,0,-91
997513,1,-95
997513,2,-92
997513,3,-94
997513,4,-95
997513,5,-92
997513,6,-94
997513,7,-95
997513,8,-95
1018709,0,-92
1018709,1,-95
1018709,2,-95
1018709,3,-93
1018709,5,-91
1018709,6,-95
1018709,8,-95
1039905,0,-92
1039905,1,-95
1039905,2,-92
1039905,3,-94
1039905,5,-91
1039905,6,-95
1039905,8,-95
1061098,0,-92
1061098,1,-95
1061098,2,-92
1061098,3,-93
1061098,5,-88
1061098,6,-94
1061098,8,-95
1082291,0,-92
1082291,1,-95
1082291,2,-95
1082291,3,-94
1082291,4,-95
1082291,5,-90
1082291,6,-94
1082291,8,-95
1103483,0,-93
1103483,1,-95
1103483,2,-95
1103483,3,-95
1103483,4,-95
1103483,5,-95
1103483,6,-95
1103483,8,-95
1124674,0,-91
1124674,1,-95
1124674,2,-92
1124674,3,-95
1124674,5,-92
1124674,6,-94
1124674,7,-95
1124674,8,-95
1145870,0,-93
1145870,1,-95
1145870,2,-92
1145870,3,-93
1145870,5,-90
1167066,0,-92
1167066,1,-95
1167066,2,-92
1167066,3,-94
1167066,5,-93
1167066,6,-94
1167066,7,-95
247
1188293,0,-91
1188293,1,-95
1188293,2,-95
1188293,3,-92
1188293,5,-92
1188293,6,-95
1188293,7,-95
1209502,0,-91
1209502,1,-95
1209502,2,-92
1209502,3,-94
1209502,5,-88
1209502,6,-94
1209502,7,-95
1209502,8,-95
1230698,0,-90
1230698,1,-95
1230698,3,-94
1230698,4,-95
1230698,5,-95
1230698,6,-95
1251894,0,-90
1251894,2,-92
1251894,3,-93
1251894,4,-95
1251894,5,-87
1251894,6,-95
1273089,0,-90
1273089,1,-95
1273089,3,-94
1273089,4,-95
1273089,5,-95
1273089,6,-93
1273089,8,-95
1294286,0,-91
1294286,1,-95
1294286,2,-90
1294286,3,-94
1294286,5,-89
1294286,6,-95
1294286,8,-95
1315481,0,-92
1315481,1,-95
1315481,2,-93
1315481,3,-94
1315481,4,-95
1315481,5,-89
1315481,6,-94
1315481,7,-95
1315481,8,-95
1336678,0,-90
1336678,1,-95
1336678,2,-91
1336678,3,-94
1336678,5,-91
1336678,6,-94
1336678,8,-95
1357873,1,-95
1357873,2,-92
1357873,3,-94
1357873,5,-90
1357873,7,-95
1357873,8,-95
1379070,0,-91
1379070,1,-95
1379070,2,-91
1379070,3,-93
1379070,5,-89
1379070,6,-94
1379070,8,-95
1400268,0,-90
1400268,1,-95
1400268,2,-91
1400268,3,-94
1400268,5,-88
1400268,6,-94
1400268,8,-95
1421463,0,-91
1421463,1,-95
1421463,2,-92
246
1421498,3,-94
1421498,5,-87
1421498,6,-95
1421498,7,-95
1442708,0,-91
1442708,2,-91
1442708,3,-94
1442708,5,-95
1442708,6,-95
1463905,0,-91
1463905,1,-95
1463905,2,-91
1463905,3,-94
1463905,5,-91
1463905,6,-94
1463905,8,-95
1485100,0,-90
1485100,1,-95
1485100,2,-91
1485100,3,-94
1485100,5,-91
1485100,6,-94
1485100,7,-95
1485100,8,-95
1506295,0,-91
1506295,1,-95
1506295,2,-91
1506295,3,-94
1506295,5,-91
1506295,6,-94
1527488,0,-91
1527488,1,-95
1527488,2,-91
1527488,3,-94
1527488,5,-92
1527488,6,-94
1527488,8,-95
1548685,0,-91
1548685,1,-95
1548685,2,-92
1548685,3,-95
1548685,5,-91
1548685,6,-94
1548685,8,-95
1569880,0,-91
1569880,1,-95
1569880,2,-91
1569880,3,-94
1569880,5,-92
1569880,6,-95
1591073,0,-92
1591073,1,-95
1591073,2,-91
1591073,3,-94
1591073,5,-90
1591073,6,-94
1591073,8,-95
1612271,0,-91
1612271,1,-95
1612271,3,-94
1612271,5,-88
1612271,6,-94
1633466,0,-90
1633466,1,-95
1633466,2,-91
1633466,3,-94
1633466,5,-91
1633466,6,-95
1633466,7,-95
1654659,0,-92
1654659,1,-95
1654659,2,-89
1654659,3,-94
1654659,4,-95
1654659,5,-88
1654659,6,-94
1654659,8,-95
1675855,0,-91
1675855,1,-95
1675855,2,-91
245
1675890,3,-95
1675890,5,-91
1675890,6,-94
1697098,0,-91
1697098,1,-95
1697098,2,-92
1697098,3,-95
1697098,5,-86
1697098,6,-95
1697098,7,-95
1718292,0,-92
1718292,1,-95
1718292,2,-95
1718292,3,-94
1718292,5,-93
1718292,6,-95
1718292,8,-95
1739485,0,-92
1739485,1,-95
1739485,2,-92
1739485,3,-94
1739485,5,-90
1739485,6,-95
1739485,8,-95
1760680,0,-91
1760680,1,-95
1760680,2,-93
1760680,3,-94
1760680,4,-95
1760680,5,-91
1760680,6,-94
1760680,7,-95
1781874,0,-92
1781874,1,-95
1781874,2,-95
1781874,3,-92
1781874,5,-90
1781874,6,-94
1781874,8,-95
1803070,0,-92
1803070,1,-95
1803070,2,-91
1803070,3,-94
1803070,4,-95
1803070,5,-90
1803070,6,-94
1803070,8,-95
1824267,0,-92
1824267,1,-95
1824267,2,-91
1824267,3,-93
1824267,4,-95
1824267,5,-91
1824267,6,-94
1824267,7,-95
1845462,0,-91
1845462,2,-91
1845462,3,-94
1845462,4,-95
1845462,5,-88
1845462,6,-94
1845462,8,-95
1866658,0,-91
1866658,1,-95
1866658,2,-92
1866658,3,-94
1866658,5,-93
1866658,6,-94
1866658,7,-95
1866658,8,-95
1887851,0,-91
1887851,1,-95
1887851,2,-91
1887851,3,-94
1887851,5,-88
1887851,6,-94
1887851,7,-95
1887851,8,-95
1909047,0,-93
1909047,1,-95
244
1909082,2,-95
1909082,3,-94
1909082,5,-90
1909082,6,-95
1930291,0,-91
1930291,2,-95
1930291,3,-94
1930291,5,-95
1930291,6,-94
1930291,8,-95
1951486,1,-95
1951486,2,-95
1951486,3,-94
1951486,5,-88
1951486,6,-94
1951486,8,-95
1972683,0,-91
1972683,1,-95
1972683,2,-93
1972683,3,-94
1972683,5,-89
1972683,6,-94
1972683,8,-95
1993882,0,-91
1993882,1,-95
1993882,2,-91
1993882,3,-94
1993882,5,-89
1993882,6,-94
2015076,0,-91
2015076,1,-95
2015076,2,-92
2015076,3,-94
2015076,5,-91
2015076,6,-95
2015076,7,-95
2015076,8,-95
2036274,2,-91
2036274,3,-95
2036274,5,-86
2057469,0,-91
2057469,1,-95
2057469,2,-92
2057469,3,-94
2057469,4,-95
2057469,5,-89
2057469,8,-95
2078665,0,-91
2078665,1,-95
2078665,2,-92
2078665,3,-94
2078665,4,-95
2078665,5,-90
2078665,6,-94
2078665,7,-95
2099860,0,-91
2099860,1,-95
2099860,2,-92
2099860,3,-94
2099860,5,-90
2099860,6,-94
2099860,7,-95
2099860,8,-95
2121056,0,-93
2121056,1,-95
2121056,2,-92
2121056,3,-94
2121056,5,-88
2121056,8,-95
2142252,0,-91
2142252,1,-95
2142252,2,-91
2142252,3,-94
2142252,5,-91
2142252,6,-95
2142252,8,-95
2163450,0,-91
2163450,1,-95
2163450,3,-93
2163450,5,-87
243
2163485,8,-95
2184692,0,-91
2184692,1,-95
2184692,2,-92
2184692,3,-94
2184692,4,-95
2184692,5,-89
2184692,6,-94
2184692,8,-95
2205888,0,-91
2205888,1,-95
2205888,2,-91
2205888,3,-94
2205888,5,-91
2205888,6,-95
2205888,8,-95
2227082,0,-91
2227082,1,-95
2227082,2,-90
2227082,3,-94
2227082,5,-86
2227082,6,-94
2227082,8,-95
2248274,0,-93
2248274,1,-95
2248274,2,-95
2248274,3,-95
2248274,5,-95
2248274,6,-94
2248274,7,-95
2248274,8,-95
2269469,0,-91
2269469,1,-95
2269469,2,-91
2269469,3,-94
2269469,4,-95
2269469,5,-87
2269469,6,-94
2269469,8,-95
2290666,0,-91
2290666,2,-91
2290666,3,-92
2290666,5,-89
2290666,6,-95
2290666,7,-95
2290666,8,-95
2311862,0,-93
2311862,1,-95
2311862,2,-91
2311862,3,-94
2311862,5,-92
2311862,6,-94
2333055,0,-91
2333055,1,-95
2333055,2,-92
2333055,3,-94
2333055,4,-95
2333055,5,-91
2333055,6,-94
2333055,7,-95
2333055,8,-95
2354249,0,-91
2354249,1,-95
2354249,3,-94
2354249,4,-95
2354249,5,-95
2354249,6,-94
2375444,0,-90
2375444,1,-95
2375444,2,-91
2375444,3,-94
2375444,5,-92
2375444,6,-94
2375444,8,-95
2396640,0,-92
2396640,1,-95
2396640,2,-92
2396640,3,-93
2396640,5,-90
2396640,6,-95
242
2396674,8,-95
2417884,0,-91
2417884,1,-95
2417884,2,-92
2417884,3,-94
2417884,5,-89
2417884,6,-95
2417884,7,-95
2439080,0,-93
2439080,1,-95
2439080,2,-92
2439080,3,-94
2439080,5,-90
2439080,6,-94
2439080,8,-95
2460276,0,-90
2460276,1,-95
2460276,2,-91
2460276,3,-94
2460276,5,-89
2460276,6,-94
2460276,7,-95
2460276,8,-95
2481467,0,-91
2481467,1,-95
2481467,2,-95
2481467,3,-92
2481467,4,-95
2481467,5,-93
2481467,6,-95
2481467,7,-95
2481467,8,-95
2502661,0,-91
2502661,1,-95
2502661,2,-91
2502661,3,-95
2502661,5,-91
2502661,6,-95
2502661,8,-95
2523854,0,-90
2523854,1,-95
2523854,2,-94
2523854,3,-95
2523854,5,-87
2523854,6,-94
2523854,7,-95
2523854,8,-95
2545050,0,-91
2545050,1,-95
2545050,2,-91
2545050,3,-94
2545050,5,-93
2545050,6,-94
2545050,8,-95
2566244,0,-92
2566244,1,-95
2566244,2,-91
2566244,3,-94
2566244,5,-91
2566244,6,-94
2566244,7,-95
2566244,8,-95
2587440,0,-91
2587440,1,-95
2587440,2,-91
2587440,3,-94
2587440,5,-88
2587440,6,-94
2587440,8,-95
2608635,0,-91
2608635,1,-95
2608635,2,-95
2608635,3,-94
2608635,5,-90
2608635,8,-95
2629829,0,-90
2629829,1,-95
2629829,2,-95
2629829,3,-93
2629829,5,-91
241
2629863,6,-95
2629863,8,-95
2651072,0,-92
2651072,1,-95
2651072,2,-94
2651072,3,-94
2651072,4,-95
2651072,5,-91
2651072,6,-94
2651072,8,-95
2672267,0,-90
2672267,1,-95
2672267,2,-90
2672267,3,-94
2672267,5,-89
2672267,6,-95
2672267,8,-95
2693462,0,-92
2693462,3,-93
2693462,4,-95
2693462,5,-91
2693462,6,-93
2693462,8,-95
2714659,0,-90
2714659,1,-95
2714659,2,-92
2714659,3,-94
2714659,5,-87
2714659,6,-95
2714659,8,-95
2735853,0,-92
2735853,1,-95
2735853,2,-91
2735853,3,-94
2735853,5,-95
2735853,6,-95
2735853,8,-95
2757046,0,-91
2757046,1,-95
2757046,2,-94
2757046,3,-95
2757046,4,-95
2757046,5,-89
2757046,6,-95
2757046,8,-95
2778240,0,-92
2778240,1,-95
2778240,2,-94
2778240,3,-94
2778240,5,-91
2778240,6,-95
2778240,8,-95
2799435,0,-94
2799435,2,-95
2799435,5,-95
2799435,7,-95
2799435,8,-95
2820629,0,-95
2820629,1,-95
2820629,2,-94
2820629,3,-94
2820629,4,-95
2820629,5,-92
2820629,6,-95
2841824,0,-91
2841824,2,-93
2841824,3,-95
2841824,4,-95
2841824,5,-89
2841824,6,-95
2841824,7,-95
2841824,8,-95
2863020,0,-90
2863020,1,-95
2863020,2,-92
2863020,3,-95
2863020,5,-93
2863020,6,-95
2884215,0,-90
2884215,1,-95
240
2884249,2,-95
2884249,3,-95
2884249,5,-92
2884249,6,-95
2884249,8,-95
2905457,0,-95
2905457,1,-95
2905457,2,-94
2905457,3,-95
2905457,4,-95
2905457,5,-91
2905457,6,-95
2905457,8,-95
2926650,0,-91
2926650,1,-95
2926650,2,-95
2926650,3,-95
2926650,5,-95
2926650,6,-95
2926650,7,-95
2947846,0,-91
2947846,2,-93
2947846,3,-94
2947846,5,-93
2947846,6,-95
2947846,7,-95
2969042,0,-88
2969042,2,-95
2969042,3,-93
2969042,5,-92
2969042,6,-95
2990236,0,-87
2990236,2,-95
2990236,3,-94
2990236,4,-95
2990236,5,-92
2990236,6,-95
2990236,8,-95
3011432,0,-87
3011432,2,-93
3011432,3,-94
3011432,5,-94
3011432,6,-95
3011432,8,-95
3032630,0,-89
3032630,3,-95
3032630,5,-95
3032630,6,-94
3053827,0,-89
3053827,1,-95
3053827,3,-94
3053827,5,-92
3053827,6,-94
3053827,7,-95
3075022,0,-89
3075022,2,-94
3075022,3,-92
3075022,4,-95
3075022,5,-95
3075022,6,-95
3075022,8,-95
3096219,0,-89
3096219,3,-93
3096219,4,-95
3096219,5,-94
3096219,6,-95
3096219,8,-95
3117416,0,-87
3117416,3,-94
3117416,6,-95
3138612,0,-88
3138612,3,-93
3138612,4,-95
3138612,5,-94
3138612,6,-95
3138612,8,-95
3159809,0,-91
3159809,3,-92
3159809,5,-95
3159809,6,-95
239
3181039,0,-87
3181039,3,-92
3181039,4,-95
3181039,5,-94
3181039,6,-95
3202248,0,-87
3202248,1,-95
3202248,3,-93
3202248,4,-95
3202248,6,-94
3202248,8,-95
3223445,0,-89
3223445,2,-95
3223445,3,-93
3223445,4,-95
3223445,5,-93
3223445,6,-95
3223445,8,-95
3244639,0,-88
3244639,1,-94
3244639,2,-94
3244639,3,-93
3244639,4,-95
3244639,5,-95
3244639,8,-95
3265835,0,-89
3265835,1,-94
3265835,2,-95
3265835,3,-92
3265835,4,-95
3287030,0,-90
3287030,1,-93
3287030,2,-94
3287030,3,-92
3287030,6,-95
3287030,7,-95
3287030,8,-95
3308227,0,-90
3308227,2,-95
3308227,3,-91
3308227,5,-93
3308227,6,-95
3329423,0,-92
3329423,3,-92
3329423,4,-95
3329423,5,-94
3329423,6,-95
3329423,8,-95
3350621,0,-88
3350621,3,-91
3350621,5,-94
3350621,6,-95
3350621,7,-95
3350621,8,-95
3371820,0,-94
3371820,3,-93
3371820,6,-95
3371820,8,-95
3393020,0,-91
3393020,3,-92
3393020,8,-95
3414217,0,-91
3414217,3,-93
3414217,5,-74
3414217,6,-95
3414217,7,-95
3435413,3,-95
3435413,4,-95
3435413,5,-93
3435413,6,-95
3435413,8,-95
3456607,0,-95
3456607,3,-93
3456607,4,-95
3456607,5,-92
3456607,6,-95
3456607,7,-95
3456607,8,-95
3477804,0,-91
3477804,3,-94
238
3477838,4,-95
3477838,6,-95
3477838,7,-95
3499052,0,-94
3499052,3,-94
3499052,4,-95
3499052,6,-95
3499052,8,-95
3520248,0,-94
3520248,3,-92
3520248,6,-95
3520248,8,-95
3541446,0,-94
3541446,3,-91
3541446,6,-95
3541446,7,-95
3541446,8,-95
3562646,0,-95
3562646,3,-92
3562646,6,-95
3562646,8,-95
3583843,3,-92
3583843,4,-95
3583843,6,-95
3583843,8,-95
3605039,2,-92
3605039,3,-92
3605039,4,-95
3605039,6,-95
3605039,8,-95
3626236,2,-93
3626236,3,-95
3626236,4,-95
3626236,6,-95
3626236,8,-95
3647432,2,-95
3647432,3,-95
3647432,4,-94
3647432,6,-95
3647432,8,-95
3668627,0,-95
3668627,3,-95
3668627,4,-94
3668627,5,-95
3668627,6,-95
3668627,8,-95
3689821,0,-94
3689821,2,-95
3689821,3,-93
3689821,4,-95
3689821,5,-93
3689821,6,-95
3689821,7,-95
3689821,8,-95
3711019,4,-87
3711019,5,-95
3711019,6,-95
3732215,3,-95
3732215,4,-80
3732215,5,-95
3732215,6,-95
3732215,7,-95
3753412,4,-87
3753412,5,-95
3753412,6,-95
3753412,8,-95
3774608,3,-95
3774608,4,-69
3774608,5,-95
3774608,6,-95
3774608,8,-93
3795804,3,-95
3795804,4,-71
3795804,5,-95
3795804,6,-95
3795804,8,-94
3817001,3,-95
3817001,4,-67
3817001,5,-91
3817001,6,-95
237
3817035,7,-95
3838246,3,-95
3838246,4,-71
3838246,5,-95
3838246,6,-95
3838246,7,-95
3859444,4,-74
3859444,5,-90
3859444,6,-95
3859444,7,-95
3880642,4,-73
3880642,6,-95
3880642,7,-95
3901840,3,-95
3901840,4,-73
3901840,6,-95
3901840,7,-95
3923039,4,-70
3923039,5,-95
3923039,6,-95
3944236,3,-83
3944236,4,-95
3944236,5,-94
3944236,6,-95
3944236,7,-95
3965433,3,-94
3965433,4,-95
3965433,5,-84
3965433,6,-95
3965433,7,-95
3986630,3,-94
3986630,4,-76
3986630,5,-94
3986630,6,-94
3986630,7,-95
4007827,3,-95
4007827,4,-95
4007827,5,-95
4007827,6,-94
4007827,7,-95
4029022,3,-95
4029022,4,-95
4029022,5,-92
4029022,6,-95
4029022,7,-95
4050220,5,-95
4050220,6,-95
4050220,7,-95
4071415,3,-92
4071415,4,-95
4071415,5,-95
4071415,6,-95
4071415,8,-95
4092614,3,-93
4092614,6,-95
4092614,7,-95
4113811,3,-92
4113811,4,-95
4113811,5,-91
4113811,6,-95
4113811,7,-95
4135006,3,-94
4135006,4,-95
4135006,5,-90
4135006,6,-95
4135006,7,-95
4135006,8,-95
4156205,3,-93
4156205,5,-93
4156205,6,-95
4156205,7,-94
4177404,3,-94
4177404,5,-89
4177404,6,-95
4177404,7,-89
4198603,3,-94
4198603,5,-92
4198603,6,-95
4198603,7,-95
4219802,3,-91
236
4219836,5,-94
4219836,6,-95
4219836,7,-95
4241050,3,-95
4241050,6,-95
4241050,7,-95
4262248,3,-95
4262248,6,-95
4262248,7,-95
4283446,3,-95
4283446,5,-95
4283446,6,-95
4283446,7,-93
4304642,3,-95
4304642,5,-91
4304642,6,-95
4304642,7,-95
4325839,3,-95
4325839,5,-95
4325839,6,-95
4347035,0,-94
4347035,3,-95
4347035,5,-95
4347035,6,-95
4368233,0,-91
4368233,3,-94
4368233,5,-88
4368233,6,-95
4389429,0,-85
4389429,2,-93
4389429,3,-94
4389429,5,-95
4389429,6,-95
4389429,7,-95
4410627,0,-81
4410627,3,-95
4410627,4,-95
4410627,5,-93
4410627,6,-95
4431822,0,-87
4431822,1,-95
4431822,2,-95
4431822,3,-92
4431822,4,-94
4431822,5,-95
4431822,6,-95
4453018,0,-72
4453018,1,-95
4453018,3,-95
4453018,4,-95
4453018,7,-95
4474216,0,-84
4474216,1,-90
4474216,3,-95
4474216,4,-89
4474216,7,-95
4495412,0,-79
4495412,1,-95
4495412,3,-93
4495412,4,-95
4495412,5,-91
4495412,6,-95
4495412,7,-94
4516609,0,-73
4516609,3,-95
4516609,5,-90
4516609,6,-95
4516609,7,-95
4537806,0,-76
4537806,3,-95
4537806,4,-95
4537806,5,-82
4537806,6,-95
4537806,7,-95
4559003,0,-79
4559003,3,-95
4559003,4,-94
4559003,5,-95
4580202,0,-73
4580202,3,-93
235
4580236,5,-94
4580236,6,-95
4580236,7,-93
4601448,0,-75
4601448,3,-95
4601448,4,-94
4601448,5,-87
4601448,6,-95
4601448,7,-94
4622645,0,-77
4622645,2,-95
4622645,4,-95
4622645,5,-88
4622645,6,-95
4622645,7,-92
4643840,0,-77
4643840,1,-95
4643840,3,-95
4643840,4,-95
4643840,5,-84
4643840,6,-95
4643840,7,-91
4643840,8,-95
4665035,0,-72
4665035,3,-94
4665035,4,-95
4665035,5,-93
4665035,6,-95
4665035,7,-94
4665035,8,-95
4686233,0,-77
4686233,3,-95
4686233,5,-91
4686233,6,-95
4686233,7,-95
4707431,0,-93
4707431,2,-94
4707431,3,-95
4707431,5,-88
4707431,6,-95
4707431,7,-95
4728630,0,-90
4728630,2,-94
4728630,3,-94
4728630,5,-90
4728630,6,-93
4728630,7,-95
4749827,0,-95
4749827,2,-95
4749827,3,-95
4749827,5,-90
4749827,6,-94
4749827,8,-95
4771025,0,-95
4771025,3,-93
4771025,5,-87
4771025,6,-94
4771025,7,-95
4771025,8,-95
4792222,0,-95
4792222,2,-95
4792222,3,-94
4792222,4,-95
4792222,5,-89
4792222,6,-95
4792222,7,-92
4792222,8,-93
4813420,2,-91
4813420,3,-94
4813420,4,-87
4813420,5,-93
4813420,6,-94
4813420,7,-95
4813420,8,-93
4834616,0,-95
4834616,2,-93
4834616,3,-94
4834616,4,-94
4834616,5,-92
4834616,6,-93
234
4834650,8,-92
4855863,0,-91
4855863,3,-93
4855863,4,-94
4855863,5,-95
4855863,7,-95
4855863,8,-95
4877059,0,-95
4877059,3,-94
4877059,4,-95
4877059,5,-88
4877059,6,-95
4877059,7,-91
4877059,8,-95
4898257,1,-95
4898257,3,-94
4898257,5,-89
4898257,6,-91
4898257,7,-92
4898257,8,-95
4919456,3,-95
4919456,5,-95
4940654,2,-90
4940654,3,-95
4940654,5,-90
4940654,7,-95
4961854,2,-94
4961854,3,-94
4961854,5,-91
4983050,2,-94
4983050,3,-94
4983050,5,-89
4983050,6,-95
4983050,7,-95
5004249,3,-94
5004249,5,-90
5004249,7,-90
5004249,8,-95
5025447,2,-93
5025447,3,-94
5025447,4,-95
5025447,5,-89
5046645,1,-95
5046645,2,-92
5046645,3,-94
5046645,5,-90
5046645,7,-95
5067845,2,-94
5067845,3,-94
5067845,5,-95
5089040,1,-95
5089040,2,-93
5089040,3,-92
5089040,5,-95
5089040,6,-95
5089040,7,-95
5110239,3,-92
5110239,5,-89
5110239,7,-95
5131435,1,-95
5131435,3,-91
5131435,5,-94
5131435,6,-82
5131435,7,-95
5152633,1,-95
5152633,5,-94
5152633,6,-77
5152633,8,-95
5173829,1,-93
5173829,3,-95
5173829,4,-94
5173829,5,-93
5173829,6,-76
5173829,7,-95
5195026,3,-95
5195026,4,-94
5195026,5,-95
5195026,6,-84
5195026,7,-95
5216224,3,-95
233
5216258,6,-90
5216258,7,-95
5237470,3,-95
5237470,5,-95
5237470,6,-85
5237470,8,-95
5258668,2,-88
5258668,3,-91
5258668,5,-91
5258668,6,-95
5279864,2,-93
5279864,3,-94
5279864,5,-95
5279864,8,-95
5301062,2,-93
5301062,5,-93
5301062,6,-95
5301062,8,-95
5322259,2,-94
5322259,5,-95
5322259,8,-95
5343456,2,-87
5343456,4,-91
5343456,5,-95
5343456,6,-95
5343456,7,-95
5343456,8,-95
5364653,2,-93
5364653,4,-94
5364653,6,-95
5364653,7,-95
5385850,2,-94
5385850,4,-95
5385850,6,-93
5385850,7,-95
5385850,8,-95
5407046,2,-94
5407046,4,-95
5407046,6,-83
5407046,7,-94
5407046,8,-95
5428244,2,-92
5428244,5,-95
5428244,6,-72
5428244,7,-94
5449442,2,-84
5449442,4,-95
5449442,5,-84
5449442,7,-95
5470640,4,-95
5470640,5,-86
5470640,6,-88
5470640,7,-95
5491835,2,-95
5491835,4,-95
5491835,5,-95
5491835,6,-95
5491835,7,-95
5513029,2,-95
5513029,3,-95
5513029,4,-95
5513029,5,-95
5513029,7,-95
5513029,8,-95
5534225,2,-95
5534225,5,-95
5534225,7,-95
5534225,8,-95
5555421,2,-92
5555421,4,-94
5555421,5,-95
5555421,6,-93
5555421,7,-95
5555421,8,-95
5576617,1,-95
5576617,2,-95
5576617,4,-94
5576617,5,-95
5576617,7,-93
5576617,8,-94
232
5597847,1,-95
5597847,2,-95
5597847,5,-95
5597847,8,-95
5619058,1,-95
5619058,2,-95
5619058,4,-95
5619058,7,-92
5619058,8,-93
5640253,1,-95
5640253,2,-95
5640253,5,-95
5640253,7,-93
5640253,8,-95
5661447,1,-95
5661447,2,-95
5661447,4,-95
5661447,5,-95
5661447,6,-95
5661447,8,-95
5682644,1,-93
5682644,2,-95
5682644,5,-95
5682644,6,-91
5682644,7,-94
5682644,8,-95
5703841,1,-95
5703841,4,-94
5703841,5,-95
5703841,6,-95
5703841,7,-95
5725039,2,-95
5725039,4,-95
5725039,5,-93
5725039,7,-95
5746237,2,-95
5746237,4,-95
5746237,5,-92
5746237,6,-94
5767434,0,-94
5767434,2,-95
5767434,4,-95
5767434,5,-89
5767434,6,-95
5767434,7,-95
5788631,0,-95
5788631,4,-95
5788631,5,-82
5788631,7,-95
5788631,8,-94
5809827,0,-95
5809827,2,-95
5809827,4,-95
5809827,5,-77
5809827,7,-95
5809827,8,-87
5831023,0,-95
5831023,2,-95
5831023,4,-90
5831023,5,-90
5831023,7,-95
5831023,8,-95
5852220,0,-95
5852220,2,-95
5852220,5,-91
5852220,7,-95
5852220,8,-94
5873418,0,-95
5873418,2,-88
5873418,4,-93
5873418,7,-93
5873418,8,-94
5894615,0,-95
5894615,2,-95
5894615,4,-95
5894615,7,-90
5894615,8,-81
5915810,0,-95
5915810,1,-95
5915810,2,-95
231
5915844,4,-95
5915844,7,-92
5915844,8,-73
5937057,0,-95
5937057,2,-89
5937057,4,-95
5937057,5,-95
5937057,7,-95
5937057,8,-75
5958255,0,-95
5958255,2,-91
5958255,4,-93
5958255,5,-92
5958255,8,-73
5979454,0,-95
5979454,2,-94
5979454,4,-95
5979454,5,-90
5979454,8,-82
6000651,0,-95
6000651,2,-95
6000651,4,-94
6000651,5,-83
6000651,8,-93
6021850,0,-95
6021850,2,-90
6021850,5,-93
6021850,8,-76
6043049,2,-95
6043049,5,-94
6043049,8,-77
6064247,0,-92
6064247,2,-95
6064247,5,-93
6064247,6,-95
6064247,8,-77
6085445,0,-95
6085445,2,-95
6085445,5,-93
6085445,6,-95
6085445,8,-76
6106643,2,-95
6106643,5,-92
6106643,6,-95
6106643,8,-77
6127842,2,-90
6127842,5,-95
6127842,8,-78
6149041,2,-94
6149041,8,-91
6170240,2,-95
6170240,5,-95
6170240,8,-92
6191436,2,-95
6191436,4,-82
6191436,5,-94
6191436,6,-95
6191436,7,-95
6212634,2,-91
6212634,4,-95
6212634,5,-91
6212634,7,-95
6233831,2,-90
6233831,4,-95
6233831,5,-95
6233831,7,-94
6255029,2,-93
6255029,4,-95
6255029,5,-94
6255029,6,-95
6255029,7,-95
6276229,2,-88
6276229,4,-91
6276229,5,-92
6297426,2,-95
6297426,4,-94
6297426,5,-95
6297426,7,-95
6318626,2,-94
6318626,4,-92
230
6318660,5,-93
6318660,7,-90
6339875,2,-94
6339875,5,-95
6339875,7,-95
6361069,0,-93
6361069,1,-95
6361069,2,-92
6361069,3,-94
6361069,4,-94
6361069,5,-95
6361069,7,-95
6382264,0,-90
6382264,1,-95
6382264,2,-94
6382264,3,-92
6382264,4,-95
6382264,5,-94
6382264,7,-95
6403460,0,-93
6403460,1,-95
6403460,2,-94
6403460,3,-95
6403460,4,-94
6403460,5,-94
6403460,7,-95
6403460,8,-95
6424657,0,-95
6424657,1,-95
6424657,2,-87
6424657,5,-92
6424657,8,-95
6445855,2,-93
6445855,4,-95
6445855,5,-92
6445855,8,-95
6467050,0,-95
6467050,1,-95
6467050,2,-92
6467050,5,-95
6467050,6,-95
6467050,8,-95
6488244,0,-95
6488244,1,-95
6488244,2,-93
6488244,3,-95
6488244,4,-94
6488244,5,-90
6488244,6,-95
6488244,8,-95
6509438,0,-95
6509438,1,-95
6509438,2,-92
6509438,4,-94
6509438,5,-95
6509438,7,-95
6509438,8,-95
6530633,0,-95
6530633,1,-95
6530633,2,-94
6530633,4,-94
6530633,5,-93
6530633,7,-91
6551827,0,-95
6551827,2,-93
6551827,4,-95
6551827,5,-95
6551827,6,-95
6551827,7,-95
6573024,0,-95
6573024,2,-93
6573024,6,-95
6573024,7,-95
6594222,2,-94
6594222,5,-95
6594222,7,-95
6615416,1,-95
6615416,2,-92
6615416,5,-95
6615416,6,-95
229
6615450,7,-95
6615450,8,-95
6636660,0,-95
6636660,2,-93
6636660,4,-93
6636660,5,-94
6636660,6,-95
6636660,8,-95
6657859,2,-92
6657859,4,-94
6657859,5,-93
6657859,7,-95
6679055,0,-95
6679055,2,-94
6679055,4,-95
6679055,5,-90
6679055,6,-95
6679055,7,-95
6679055,8,-94
6700252,2,-95
6700252,5,-93
6700252,6,-95
6700252,8,-95
6721447,0,-95
6721447,2,-94
6721447,5,-95
6721447,6,-95
6721447,8,-95
6742645,2,-89
6742645,5,-95
6742645,6,-95
6742645,8,-93
6763842,0,-95
6763842,2,-95
6763842,5,-92
6763842,8,-95
6785042,2,-89
6785042,4,-95
6785042,5,-94
6806240,2,-95
6806240,8,-95
6827436,2,-95
6827436,4,-95
6827436,5,-95
6827436,8,-95
6848631,2,-94
6848631,3,-95
6848631,4,-95
6848631,5,-93
6848631,8,-95
6869827,1,-95
6869827,2,-93
6869827,3,-95
6869827,5,-94
6869827,6,-95
6891023,2,-86
6891023,3,-95
6891023,5,-94
6891023,6,-95
6891023,8,-95
6912219,2,-94
6912219,3,-95
6912219,5,-93
6912219,6,-95
6912219,8,-95
6933415,2,-88
6933415,4,-95
6933415,5,-95
6933415,6,-95
6933415,8,-95
6954611,1,-95
6954611,2,-92
6954611,5,-95
6954611,8,-95
6975806,0,-95
6975806,1,-95
6975806,2,-90
6975806,3,-95
6975806,5,-95
6975806,6,-95
228
6997037,2,-95
6997037,5,-95
6997037,6,-95
6997037,8,-94
7018249,0,-95
7018249,3,-95
7018249,4,-95
7018249,5,-94
7018249,8,-94
7039445,0,-95
7039445,3,-95
7039445,5,-94
7039445,8,-94
7060644,5,-92
7060644,6,-95
7060644,8,-95
7081841,3,-94
7081841,4,-88
7081841,5,-90
7081841,6,-95
7081841,7,-92
7103039,1,-95
7103039,3,-92
7103039,4,-85
7103039,5,-88
7103039,6,-94
7124236,0,-88
7124236,2,-92
7124236,3,-94
7124236,4,-95
7124236,5,-94
7124236,6,-95
7145432,0,-95
7145432,2,-94
7145432,3,-95
7145432,4,-95
7145432,5,-94
7145432,6,-95
7145432,8,-90
7166631,0,-94
7166631,1,-93
7166631,2,-87
7166631,3,-95
7166631,5,-94
7166631,8,-93
7187827,0,-92
7187827,2,-95
7187827,3,-95
7187827,4,-92
7187827,5,-93
7187827,6,-95
7187827,8,-92
7209023,0,-87
7209023,3,-95
7209023,4,-94
7209023,5,-94
7209023,6,-95
7209023,7,-95
7209023,8,-95
7230219,0,-83
7230219,3,-95
7230219,4,-95
7230219,5,-92
7230219,6,-95
7251414,0,-87
7251414,2,-95
7251414,3,-95
7251414,4,-93
7251414,5,-95
7251414,6,-95
7251414,8,-95
7272612,0,-87
7272612,3,-94
7272612,8,-95
7293810,0,-87
7293810,2,-95
7293810,3,-95
7293810,5,-87
7293810,8,-95
7315006,0,-75
227
7315040,3,-95
7315040,4,-95
7315040,5,-85
7315040,6,-95
7315040,8,-95
7336253,0,-77
7336253,3,-95
7336253,5,-87
7336253,6,-95
7336253,8,-95
7357449,0,-74
7357449,3,-94
7357449,4,-95
7357449,5,-95
7357449,6,-95
7357449,8,-95
7378644,0,-92
7378644,3,-94
7378644,4,-94
7378644,5,-95
7378644,6,-95
7378644,8,-95
7399841,0,-91
7399841,1,-94
7399841,4,-95
7399841,5,-95
7399841,6,-92
7399841,8,-95
7421037,0,-87
7421037,1,-95
7421037,3,-95
7421037,4,-95
7421037,6,-95
7442232,0,-91
7442232,1,-95
7442232,3,-95
7442232,4,-91
7442232,5,-95
7442232,6,-95
7442232,8,-95
7463428,0,-88
7463428,1,-95
7463428,3,-95
7463428,4,-95
7463428,5,-90
7463428,6,-95
7463428,8,-95
7484624,0,-86
7484624,1,-95
7484624,3,-95
7484624,4,-92
7484624,6,-95
7484624,8,-94
7505820,0,-95
7505820,1,-95
7505820,3,-95
7505820,5,-95
7505820,6,-95
7505820,8,-93
7527015,0,-83
7527015,1,-95
7527015,3,-95
7527015,4,-95
7527015,5,-95
7527015,6,-95
7527015,8,-95
7548213,0,-88
7548213,2,-93
7548213,3,-95
7548213,5,-91
7548213,6,-95
7548213,8,-95
7569411,0,-95
7569411,2,-91
7569411,4,-95
7569411,5,-93
7569411,6,-95
7569411,8,-95
7590606,0,-95
7590606,2,-95
226
7590640,4,-95
7590640,5,-94
7590640,6,-94
7590640,8,-95
7611851,0,-95
7611851,2,-94
7611851,3,-94
7611851,5,-92
7611851,6,-94
7611851,8,-95
7633047,0,-93
7633047,2,-95
7633047,3,-95
7633047,6,-92
7654240,0,-95
7654240,2,-95
7654240,3,-95
7654240,4,-94
7654240,5,-95
7654240,6,-95
7654240,8,-95
7675434,0,-95
7675434,2,-95
7675434,3,-95
7675434,5,-93
7675434,6,-95
7675434,8,-95
7696630,2,-95
7696630,3,-95
7696630,5,-93
7696630,6,-95
7717826,0,-95
7717826,2,-95
7717826,3,-95
7717826,4,-95
7717826,5,-91
7717826,6,-95
7739024,0,-91
7739024,3,-95
7739024,4,-95
7739024,5,-93
7739024,8,-93
7760222,0,-92
7760222,3,-94
7760222,4,-94
7760222,5,-95
7760222,8,-95
7781417,0,-90
7781417,1,-95
7781417,3,-95
7781417,4,-95
7781417,5,-95
7781417,6,-95
7781417,8,-95
7802613,1,-93
7802613,3,-94
7802613,4,-94
7802613,5,-94
7802613,6,-94
7823809,0,-94
7823809,3,-95
7823809,4,-93
7823809,5,-92
7823809,8,-95
7845006,0,-95
7845006,1,-94
7845006,3,-95
7845006,4,-93
7845006,5,-94
7866202,0,-95
7866202,1,-92
7866202,3,-95
7866202,4,-95
7866202,5,-92
7887400,0,-95
7887400,1,-91
7887400,3,-94
7887400,4,-95
7887400,5,-93
7908596,0,-95
225
7908631,1,-92
7908631,3,-94
7908631,4,-94
7908631,5,-93
7908631,8,-95
7929844,0,-95
7929844,1,-91
7929844,2,-92
7929844,3,-95
7929844,4,-95
8213180,0,-94
8213180,1,-91
8213180,3,-95
8213180,4,-95
8213180,5,-95
8213180,6,-93
8213180,8,-91
8234376,0,-95
8234376,1,-93
8234376,4,-95
8234376,5,-95
8234376,6,-95
8234376,7,-95
8234376,8,-95
8255573,0,-95
8255573,1,-94
8255573,3,-95
8255573,4,-95
8255573,7,-93
8276769,0,-94
8276769,1,-89
8276769,4,-95
8276769,6,-95
8276769,7,-95
8297967,0,-94
8297967,1,-91
8297967,3,-95
8297967,4,-95
8297967,7,-95
8319162,0,-95
8319162,1,-89
8319162,3,-95
8319162,4,-95
8319162,5,-95
8319162,6,-95
8340357,0,-95
8340357,1,-88
8340357,3,-95
8340357,4,-95
8340357,5,-95
8340357,6,-95
8361553,1,-94
8361553,2,-91
8361553,3,-95
8361553,4,-94
8361553,5,-95
8361553,6,-94
8361553,7,-95
8382749,1,-88
8382749,2,-94
8382749,4,-95
8382749,5,-95
8382749,7,-95
8382749,8,-95
8403947,1,-92
8403947,2,-90
8403947,4,-95
8403947,5,-90
8403947,6,-95
8403947,8,-90
8425141,0,-95
8425141,1,-90
8425141,3,-95
8425141,4,-95
8425141,5,-92
8425141,6,-95
8425141,7,-95
8425141,8,-95
8446336,0,-95
8446336,1,-89
224
8446371,3,-95
8446371,4,-95
8446371,5,-94
8446371,6,-95
8467584,1,-88
8467584,3,-95
8467584,4,-94
8467584,5,-93
8467584,6,-95
8488780,1,-95
8488780,4,-94
8488780,5,-92
8488780,8,-95
8509978,1,-95
8509978,4,-95
8531177,0,-95
8531177,1,-95
8531177,4,-95
8531177,6,-90
8552375,1,-94
8552375,4,-91
8552375,5,-95
8573575,1,-92
8573575,3,-91
8573575,4,-95
8573575,5,-94
8573575,6,-91
8594770,1,-93
8594770,3,-95
8594770,4,-93
8594770,5,-95
8594770,6,-95
8594770,8,-95
8615965,1,-94
8615965,3,-95
8615965,4,-95
8615965,5,-92
8615965,8,-95
8637163,0,-90
8637163,1,-93
8637163,3,-95
8637163,4,-95
8637163,5,-92
8658361,0,-95
8658361,1,-94
8658361,3,-95
8658361,5,-93
8658361,8,-94
8679557,1,-95
8679557,2,-95
8679557,3,-95
8679557,4,-95
8679557,5,-93
8700750,0,-95
8700750,1,-95
8700750,2,-95
8700750,3,-95
8700750,4,-95
8700750,5,-94
8700750,6,-95
8700750,8,-90
8721945,0,-95
8721945,1,-95
8721945,2,-93
8721945,3,-95
8721945,5,-95
8721945,7,-95
8743140,0,-95
8743140,1,-94
8743140,2,-95
8743140,3,-94
8743140,5,-94
8743140,7,-95
8764337,0,-94
8764337,1,-95
8764337,2,-93
8764337,3,-90
8764337,4,-94
8764337,5,-94
8764337,6,-94
223
8764371,7,-95
8764371,8,-86
8785581,1,-95
8785581,2,-93
8785581,3,-95
8785581,4,-95
8785581,5,-95
8785581,6,-95
8785581,7,-95
8806778,2,-93
8806778,3,-95
8806778,4,-92
8806778,5,-94
8806778,7,-95
8827973,2,-95
8827973,3,-93
8827973,4,-93
8827973,5,-95
8827973,7,-95
8849171,3,-95
8849171,4,-95
8870368,2,-95
8870368,3,-95
8870368,7,-95
8891565,3,-95
8891565,4,-95
8891565,7,-95
8912761,2,-95
8912761,3,-95
8912761,4,-95
8912761,7,-95
8933958,2,-95
8933958,3,-95
8933958,7,-95
8955156,2,-95
8955156,3,-95
8955156,7,-95
9237177,0,-95
9237177,3,-95
9237177,4,-95
9237177,6,-95
9237177,7,-95
9237177,8,-95
9258375,1,-91
9258375,3,-95
9258375,6,-95
9279571,1,-95
9279571,2,-95
9279571,3,-95
9279571,8,-95
9300766,1,-95
9300766,3,-95
9300766,4,-95
9300766,6,-95
9300766,7,-95
9321964,1,-95
9321964,3,-95
9343159,1,-95
9343159,2,-95
9343159,3,-95
9343159,6,-95
9343159,8,-95
9364353,0,-95
9364353,1,-95
9364353,2,-95
9364353,3,-94
9364353,5,-95
9364353,6,-95
9385546,0,-95
9385546,1,-95
9385546,2,-95
9385546,3,-93
9385546,4,-95
9385546,5,-95
9385546,8,-95
9406740,0,-95
9406740,1,-95
9406740,2,-95
9406740,3,-91
9406740,4,-95
222
9406774,8,-95
9427986,0,-95
9427986,1,-95
9427986,3,-92
9449182,2,-95
9449182,3,-92
9449182,4,-95
9449182,5,-95
9449182,8,-95
9470376,0,-95
9470376,1,-95
9470376,2,-95
9470376,3,-93
9470376,4,-95
9470376,5,-94
9470376,8,-95
9491568,0,-95
9491568,1,-95
9491568,2,-95
9491568,3,-92
9491568,4,-95
9491568,5,-91
9491568,7,-95
9491568,8,-95
9512764,1,-95
9512764,2,-95
9512764,3,-94
9512764,4,-95
9512764,5,-92
9533956,0,-95
9533956,1,-95
9533956,2,-95
9533956,3,-93
9533956,4,-95
9533956,5,-92
9533956,7,-95
9533956,8,-95
9555148,0,-95
9555148,1,-95
9555148,2,-95
9555148,3,-94
9555148,4,-95
9555148,5,-92
9555148,7,-95
9576341,0,-95
9576341,1,-95
9576341,2,-95
9576341,3,-95
9576341,5,-92
9576341,6,-95
9576341,7,-95
9597536,1,-95
9597536,2,-95
9597536,3,-92
9597536,4,-95
9597536,5,-91
9618732,2,-95
9618732,3,-93
9618732,4,-95
9618732,5,-90
9639928,0,-95
9639928,1,-95
9639928,3,-93
9639928,5,-91
9661123,1,-95
9661123,2,-95
9661123,3,-92
9661123,4,-95
9661123,5,-90
9661123,7,-91
9682317,0,-95
9682317,1,-95
9682317,2,-95
9682317,3,-95
9682317,4,-95
9682317,5,-91
9682317,7,-92
9703510,0,-95
9703510,1,-95
9703510,2,-95
221
9703544,3,-95
9703544,4,-95
9703544,5,-92
9703544,7,-95
9724755,0,-95
9724755,1,-95
9724755,2,-95
9724755,3,-91
9724755,4,-95
9724755,5,-91
9724755,7,-95
9745947,0,-95
9745947,1,-95
9745947,2,-95
9745947,3,-91
9745947,4,-95
9745947,5,-91
9745947,6,-95
9745947,7,-95
9767142,0,-95
9767142,3,-93
9767142,5,-91
9767142,6,-95
9767142,7,-95
9788335,0,-95
9788335,1,-95
9788335,2,-95
9788335,3,-95
9788335,4,-95
9788335,5,-92
9788335,6,-95
9788335,7,-95
9809528,0,-95
9809528,1,-95
9809528,2,-95
9809528,3,-92
9809528,4,-95
9809528,5,-91
9809528,7,-95
9830722,0,-95
9830722,1,-95
9830722,2,-95
9830722,3,-94
9830722,5,-89
9830722,7,-95
9851916,0,-95
9851916,1,-95
9851916,2,-95
9851916,3,-94
9851916,5,-95
9851916,7,-95
9873110,0,-95
9873110,1,-95
9873110,2,-95
9873110,3,-94
9873110,4,-95
9873110,5,-92
9873110,7,-95
9894305,0,-95
9894305,2,-95
9894305,3,-94
9894305,4,-95
9894305,5,-92
9894305,7,-95
9915499,0,-95
9915499,1,-95
9915499,2,-95
9915499,3,-95
9915499,4,-95
9915499,5,-93
9915499,7,-95
9936694,0,-95
9936694,1,-95
9936694,2,-95
9936694,3,-94
9936694,5,-93
9936694,8,-95
9957889,1,-95
9957889,3,-95
9957889,4,-93
220
9957923,5,-95
9957923,7,-95
9979133,0,-95
9979133,1,-95
9979133,3,-92
9979133,4,-95
9979133,5,-95
10000330,0,-95
10000330,3,-94
10000330,4,-95
10000330,5,-92
10021527,0,-95
10021527,3,-95
10021527,4,-95
10021527,5,-93
10042721,0,-95
10042721,1,-95
10042721,2,-95
10042721,3,-95
10042721,4,-95
10042721,5,-95
10063917,0,-95
10063917,3,-95
10063917,4,-95
10063917,5,-94
10085110,0,-95
10085110,1,-95
10085110,3,-95
10085110,4,-95
10085110,5,-94
10085110,7,-95
10085110,8,-95
10106304,0,-95
10106304,1,-95
10106304,2,-95
10106304,3,-94
10106304,4,-95
10106304,5,-91
10106304,7,-95
10127496,0,-95
10127496,1,-95
10127496,2,-95
10127496,3,-92
10127496,4,-95
10127496,5,-90
10127496,7,-95
10127496,8,-95
10148689,0,-95
10148689,1,-95
10148689,2,-95
10148689,3,-92
10148689,4,-95
10148689,5,-90
10148689,7,-95
10169883,0,-95
10169883,1,-95
10169883,2,-95
10169883,3,-92
10169883,4,-95
10169883,5,-90
10169883,7,-95
10191077,0,-95
10191077,1,-95
10191077,2,-95
10191077,3,-92
10191077,4,-95
10191077,5,-90
10191077,7,-95
10212272,1,-95
10212272,2,-95
10212272,3,-92
10212272,4,-95
10212272,5,-90
10212272,7,-95
10233466,0,-95
10233466,1,-95
10233466,2,-95
10233466,3,-92
10233466,4,-95
10233466,5,-89
219
10233500,7,-95
10254711,1,-95
10254711,2,-94
10254711,3,-92
10254711,4,-95
10254711,5,-91
10254711,7,-95
10275904,0,-95
10275904,1,-95
10275904,2,-95
10275904,3,-95
10275904,4,-95
10275904,5,-89
10275904,7,-95
10275904,8,-95
10297100,1,-95
10297100,2,-95
10297100,3,-95
10297100,5,-88
10297100,7,-95
10318293,0,-95
10318293,1,-95
10318293,2,-95
10318293,3,-92
10318293,4,-95
10318293,5,-88
10318293,7,-95
10318293,8,-95
10339488,0,-95
10339488,1,-95
10339488,2,-95
10339488,3,-91
10339488,5,-89
10339488,7,-95
10339488,8,-95
10360681,1,-95
10360681,2,-95
10360681,3,-92
10360681,4,-95
10360681,5,-88
10360681,7,-95
10360681,8,-95
10381873,0,-95
10381873,1,-95
10381873,2,-95
10381873,3,-92
10381873,4,-95
10381873,5,-90
10381873,7,-95
10381873,8,-95
10403066,0,-95
10403066,1,-95
10403066,2,-95
10403066,3,-92
10403066,4,-95
10403066,5,-91
10403066,7,-95
10424260,1,-95
10424260,2,-95
10424260,3,-95
10424260,4,-95
10424260,5,-95
10424260,7,-95
10445453,1,-95
10445453,2,-95
10445453,3,-91
10445453,4,-95
10445453,5,-95
10445453,7,-95
10445453,8,-95
10466650,2,-95
10466650,3,-92
10466650,5,-89
10466650,7,-95
10487842,0,-95
10487842,1,-95
10487842,2,-95
10487842,3,-92
10487842,4,-95
10487842,5,-91
218
10487876,7,-95
10487876,8,-95
10509088,1,-95
10509088,5,-89
10509088,7,-95
10530282,1,-95
10530282,2,-95
10530282,3,-92
10530282,4,-95
10530282,5,-95
10530282,7,-95
10551474,0,-95
10551474,1,-95
10551474,2,-95
10551474,3,-92
10551474,4,-95
10551474,5,-90
10551474,7,-95
10551474,8,-95
10572669,0,-95
10572669,2,-95
10572669,3,-92
10572669,4,-95
10572669,5,-90
10593862,0,-95
10593862,1,-95
10593862,2,-95
10593862,3,-91
10593862,4,-95
10593862,5,-90
10593862,7,-95
10593862,8,-95
10615055,0,-95
10615055,1,-95
10615055,2,-95
10615055,3,-92
10615055,4,-95
10615055,5,-89
10615055,7,-95
10615055,8,-95
10636249,0,-95
10636249,1,-95
10636249,2,-95
10636249,3,-92
10636249,4,-95
10636249,5,-91
10636249,7,-95
10657443,0,-95
10657443,1,-95
10657443,2,-95
10657443,3,-91
10657443,4,-95
10657443,5,-89
10657443,7,-95
10678638,1,-95
10678638,2,-95
10678638,3,-92
10678638,4,-95
10678638,5,-91
10678638,7,-95
10699832,0,-95
10699832,1,-95
10699832,2,-95
10699832,3,-92
10699832,4,-95
10699832,5,-89
10699832,7,-95
10699832,8,-95
10721025,0,-95
10721025,1,-95
10721025,2,-95
10721025,3,-93
10721025,4,-95
10721025,5,-90
10721025,7,-95
10721025,8,-95
10742222,2,-95
10742222,4,-95
10742222,5,-91
10742222,7,-95
217
10763450,0,-95
10763450,1,-95
10763450,2,-95
10763450,3,-91
10763450,4,-95
10763450,5,-90
10763450,7,-95
10784661,1,-95
10784661,2,-95
10784661,3,-92
10784661,5,-89
10784661,7,-95
10805854,0,-95
10805854,1,-95
10805854,2,-95
10805854,3,-92
10805854,4,-95
10805854,5,-90
10805854,7,-95
10827049,0,-95
10827049,2,-95
10827049,3,-92
10827049,5,-88
10827049,7,-95
10848244,1,-95
10848244,2,-95
10848244,3,-92
10848244,5,-95
10848244,7,-95
10869438,0,-95
10869438,1,-95
10869438,2,-95
10869438,3,-95
10869438,4,-95
10869438,5,-88
10869438,7,-95
10890634,0,-95
10890634,1,-95
10890634,2,-95
10890634,5,-90
10890634,7,-95
10890634,8,-95
10911829,0,-95
10911829,2,-95
10911829,3,-92
10911829,4,-95
10911829,5,-91
10911829,7,-95
10933022,0,-95
10933022,1,-95
10933022,2,-95
10933022,3,-95
10933022,4,-95
10933022,5,-89
10933022,7,-95
10933022,8,-95
10954216,0,-95
10954216,1,-95
10954216,2,-95
10954216,3,-93
10954216,4,-95
10954216,5,-89
10954216,7,-95
10975411,1,-95
10975411,2,-95
10975411,3,-92
10975411,4,-95
10975411,5,-88
10975411,7,-95
10996604,1,-95
10996604,2,-95
10996604,3,-93
10996604,4,-95
10996604,5,-95
10996604,7,-95
10996604,8,-95
11017798,1,-95
11017798,2,-95
11017798,3,-92
11017798,4,-95
216
11017832,5,-92
11017832,7,-95
11039040,0,-95
11039040,1,-95
11039040,2,-95
11039040,3,-95
11039040,4,-95
11039040,5,-90
11039040,7,-95
11060235,1,-95
11060235,2,-95
11060235,3,-95
11060235,4,-95
11060235,5,-90
11060235,7,-95
11081432,1,-95
11081432,3,-94
11081432,5,-89
11102625,0,-95
11102625,1,-95
11102625,2,-95
11102625,3,-94
11102625,4,-95
11102625,5,-91
11102625,7,-95
11123820,0,-95
11123820,1,-95
11123820,3,-95
11123820,4,-95
11123820,5,-93
11145012,0,-95
11145012,1,-95
11145012,2,-95
11145012,3,-95
11145012,4,-94
11145012,5,-92
11145012,6,-95
11145012,7,-95
11166208,0,-95
11166208,4,-94
11166208,5,-95
11187401,0,-95
11187401,1,-95
11187401,2,-95
11187401,4,-94
11187401,5,-94
11187401,6,-95
11187401,7,-95
11187401,8,-93
11208595,0,-95
11208595,1,-95
11208595,2,-95
11208595,3,-94
11208595,4,-94
11208595,7,-95
11229791,1,-95
11229791,2,-95
11229791,3,-94
11229791,4,-95
11229791,7,-95
11250986,1,-95
11250986,2,-95
11250986,3,-94
11250986,4,-95
11250986,7,-95
11272184,1,-95
11272184,2,-95
11272184,3,-94
11272184,7,-93
11293381,2,-95
11293381,3,-95
11293381,7,-95
11314580,3,-94
11314580,7,-95
11335779,2,-94
11335779,3,-93
11335779,7,-95
11356978,2,-95
11356978,3,-94
11378177,3,-90
215
11378211,7,-95
11399425,3,-95
11399425,7,-94
11420624,3,-95
11484224,7,-94
11569023,7,-95
11632622,7,-95
11738621,7,-95
11865820,5,-95
11929419,6,-95
11971818,8,-95
12014217,8,-95
12035415,5,-95
12035415,8,-95
12056615,8,-91
12077813,5,-95
12077813,6,-95
12099011,6,-95
12099011,8,-95
12120208,5,-95
12120208,6,-95
12120208,8,-95
12141408,5,-95
12141408,8,-94
12162607,8,-95
12183804,2,-95
12183804,4,-95
12183804,6,-95
12205000,1,-95
12205000,4,-95
12205000,5,-94
12205000,6,-95
12205000,8,-94
12226200,4,-88
12247399,1,-95
12247399,4,-95
12268597,1,-95
12268597,4,-95
12289797,4,-95
12289797,8,-93
12310994,1,-95
12310994,4,-93
12310994,5,-95
12310994,6,-94
12310994,8,-93
12332193,0,-94
12332193,4,-95
12332193,5,-95
12353392,4,-95
12374591,4,-95
12395791,4,-94
12416988,1,-95
12416988,4,-95
12416988,8,-95
12438184,0,-90
12438184,4,-95
12438184,5,-95
12438184,6,-93
12438184,8,-95
12459382,3,-92
12459382,4,-92
12459382,6,-95
12459382,8,-95
12480579,0,-92
12480579,1,-95
12480579,3,-95
12480579,4,-95
12480579,8,-90
12501778,3,-95
12522978,3,-90
12544177,3,-95
12565376,1,-95
12565376,3,-94
12586574,2,-91
12586574,3,-95
12586574,4,-95
12607772,1,-94
12607772,2,-93
12607772,3,-93
12607772,4,-95
214
12607807,5,-92
12629018,3,-95
12629018,4,-95
12629018,6,-95
12650216,1,-95
12650216,4,-95
12671414,3,-95
12671414,4,-95
12692612,3,-95
12692612,4,-95
12713810,3,-94
12713810,4,-95
12735008,3,-95
12735008,4,-95
12756207,1,-95
12777405,3,-95
12777405,4,-95
12798603,1,-95
12798603,4,-95
12819801,3,-95
12819801,7,-95
12840999,3,-95
12840999,6,-95
12862197,3,-95
12862197,4,-95
12883396,3,-95
12904595,1,-95
12925794,3,-95
12946993,3,-95
12968191,1,-95
12968191,3,-94
12989389,2,-95
12989389,3,-95
13010587,3,-95
13010587,8,-95
13031783,2,-95
13031783,3,-95
13031783,7,-95
13031783,8,-95
13052980,2,-95
13052980,3,-95
13052980,7,-95
13074179,7,-95
13116578,7,-95
13158976,3,-95
13158976,7,-95
13243775,3,-95
13264975,3,-95
13328573,2,-95
13328573,6,-95
13349771,2,-95
13349771,3,-95
13370970,5,-95
13413369,3,-95
13434568,1,-95
13455767,3,-95
13476966,3,-95
13498165,3,-95
13519364,3,-95
13540563,3,-95
13561761,3,-95
13561761,7,-95
13582960,3,-95
13646559,3,-95
13667758,3,-95
13688956,1,-95
13688956,3,-95
13710155,3,-95
13731354,3,-95
13773752,1,-95
13773752,3,-95
13794950,1,-95
13794950,3,-95
13816148,1,-95
13816148,3,-95
13837347,3,-95
13858546,3,-95
13922144,1,-95
13922144,3,-95
13964543,1,-95