250
1030979,0,-83
1030979,2,-93
1030979,3,-83
1030979,4,-89
1030979,5,-76
1030979,6,-73
1061486,0,-82
1061486,2,-95
1061486,3,-81
1061486,4,-90
1061486,5,-86
1061486,6,-77
1061486,8,-50
1061486,9,-68
1061486,10,-65
1061486,11,-72
1061486,12,-75
1091997,0,-77
1091997,2,-82
1091997,3,-82
1091997,4,-85
1091997,5,-74
1091997,6,-76
1091997,8,-84
1091997,9,-87
1091997,10,-82
1091997,11,-86
1091997,12,-80
1122496,0,-81
1122496,2,-82
1122496,3,-94
1122496,4,-95
1122496,5,-71
1122496,6,-79
1122496,8,-90
1122496,9,-87
1122496,10,-74
1122496,11,-73
1122496,12,-80
1152965,0,-82
1152965,2,-85
1152965,3,-92
1152965,4,-95
1152965,5,-71
1152965,6,-75
1152965,8,-77
1152965,9,-92
1152965,10,-74
1152965,11,-73
1152965,12,-84
1183452,0,-87
1183452,2,-86
1183452,3,-87
1183452,4,-93
1183452,5,-71
1183452,6,-77
1183452,8,-75
1183452,9,-82
1183452,10,-74
1183452,11,-78
1183452,12,-83
1213936,0,-89
1213936,2,-84
1213936,3,-94
1213936,4,-89
1213936,5,-71
1213936,6,-74
1213936,8,-72
1213936,9,-73
1213936,10,-75
1213936,11,-80
1213936,12,-88
1244414,0,-89
1244414,2,-78
1244414,3,-89
1244414,4,-90
1244414,5,-67
1244414,6,-73
1244414,8,-78
1244414,9,-74
249
1244448,10,-75
1244448,11,-81
1244448,12,-89
1274938,0,-88
1274938,2,-80
1274938,3,-92
1274938,4,-92
1274938,5,-70
1274938,6,-73
1274938,8,-78
1274938,9,-70
1274938,12,-86
1305402,0,-89
1305402,2,-88
1305402,3,-90
1305402,4,-90
1305402,5,-67
1305402,6,-73
1305402,8,-72
1305402,9,-74
1305402,12,-87
1335861,0,-84
1335861,2,-81
1335861,3,-93
1335861,4,-92
1335861,5,-69
1335861,6,-76
1335861,8,-78
1335861,9,-71
1335861,12,-84
1366320,0,-87
1366320,2,-85
1366320,3,-90
1366320,4,-94
1366320,5,-68
1366320,6,-73
1366320,8,-74
1366320,9,-73
1366320,10,-96
1366320,11,-96
1366320,12,-85
1396781,0,-88
1396781,2,-83
1396781,3,-95
1396781,4,-93
1396781,5,-67
1396781,6,-74
1396781,8,-74
1396781,9,-74
1396781,12,-90
1427244,0,-86
1427244,2,-82
1427244,3,-96
1427244,4,-90
1427244,5,-68
1427244,6,-77
1427244,8,-72
1427244,9,-72
1427244,12,-92
1457707,0,-87
1457707,2,-86
1457707,3,-95
1457707,4,-96
1457707,5,-67
1457707,6,-73
1457707,8,-78
1457707,9,-75
1457707,12,-86
1488169,0,-90
1488169,2,-82
1488169,3,-96
1488169,4,-91
1488169,5,-68
1488169,6,-73
1488169,8,-74
1488169,9,-74
1488169,11,-95
1488169,12,-91
1518637,0,-86
1518637,2,-86
248
1518671,3,-90
1518671,4,-95
1518671,6,-73
1518671,8,-75
1518671,9,-73
1518671,12,-87
1549149,0,-86
1549149,2,-83
1549149,3,-90
1549149,4,-91
1549149,6,-73
1549149,8,-74
1549149,9,-73
1549149,12,-89
1579614,0,-86
1579614,2,-84
1579614,3,-90
1579614,4,-95
1579614,6,-73
1579614,8,-73
1579614,9,-75
1579614,12,-85
1610076,0,-90
1610076,2,-87
1610076,3,-95
1610076,4,-92
1610076,6,-73
1610076,8,-74
1610076,9,-74
1610076,12,-85
1640533,0,-91
1640533,2,-83
1640533,3,-90
1640533,4,-95
1640533,5,-67
1640533,6,-73
1640533,8,-72
1640533,9,-74
1640533,12,-85
1670991,0,-86
1670991,2,-87
1670991,3,-90
1670991,4,-96
1670991,5,-70
1670991,6,-73
1670991,8,-73
1670991,9,-75
1670991,12,-85
1701442,0,-87
1701442,2,-86
1701442,3,-90
1701442,4,-91
1701442,5,-74
1701442,6,-73
1701442,8,-74
1701442,9,-73
1701442,12,-90
1731897,0,-90
1731897,2,-89
1731897,3,-90
1731897,4,-93
1731897,5,-74
1731897,6,-73
1731897,8,-75
1731897,9,-71
1731897,12,-85
1762351,0,-91
1762351,2,-83
1762351,3,-95
1762351,4,-89
1762351,5,-72
1762351,6,-73
1762351,8,-74
1762351,9,-70
1762351,12,-90
1792803,0,-90
1792803,2,-88
1792803,3,-90
1792803,4,-93
1792803,5,-67
247
1792837,6,-74
1792837,9,-73
1792837,12,-90
1823306,0,-87
1823306,2,-86
1823306,3,-95
1823306,4,-89
1823306,5,-76
1823306,6,-73
1823306,9,-74
1823306,12,-85
1853761,0,-87
1853761,2,-84
1853761,3,-95
1853761,4,-95
1853761,5,-76
1853761,6,-73
1853761,9,-73
1853761,12,-85
1884207,0,-87
1884207,2,-83
1884207,3,-95
1884207,4,-93
1884207,5,-70
1884207,6,-73
1884207,9,-70
1884207,12,-89
1914661,0,-87
1914661,2,-84
1914661,3,-90
1914661,4,-96
1914661,5,-70
1914661,6,-74
1914661,9,-73
1914661,12,-96
1945114,0,-87
1945114,2,-86
1945114,3,-91
1945114,4,-93
1945114,5,-74
1945114,6,-73
1945114,9,-75
1945114,10,-96
1945114,12,-88
1975577,0,-88
1975577,2,-83
1975577,3,-91
1975577,4,-95
1975577,5,-74
1975577,6,-73
1975577,9,-73
1975577,10,-96
1975577,12,-89
2006039,0,-87
2006039,2,-83
2006039,3,-94
2006039,4,-95
2006039,5,-74
2006039,6,-73
2006039,8,-72
2006039,9,-73
2006039,10,-96
2006039,12,-85
2036502,0,-87
2036502,2,-86
2036502,3,-90
2036502,4,-95
2036502,5,-76
2036502,6,-73
2036502,8,-72
2036502,9,-71
2036502,12,-96
2066955,0,-83
2066955,2,-85
2066955,3,-89
2066955,4,-94
2066955,5,-71
2066955,6,-73
2066955,8,-73
2066955,9,-70
246
2066989,10,-96
2066989,12,-88
2097435,0,-85
2097435,2,-84
2097435,3,-88
2097435,4,-86
2097435,5,-75
2097435,6,-74
2097435,8,-72
2097435,9,-71
2127869,0,-85
2127869,2,-83
2127869,3,-93
2127869,4,-85
2127869,5,-74
2127869,6,-73
2127869,8,-72
2127869,9,-75
2158302,0,-89
2158302,2,-85
2158302,3,-94
2158302,4,-94
2158302,5,-71
2158302,6,-72
2158302,8,-72
2158302,9,-69
2158302,11,-96
2188741,0,-89
2188741,2,-87
2188741,3,-93
2188741,4,-91
2188741,5,-76
2188741,6,-73
2188741,8,-72
2188741,9,-74
2188741,10,-93
2219179,0,-87
2219179,2,-82
2219179,3,-93
2219179,4,-89
2219179,5,-67
2219179,6,-73
2219179,8,-73
2219179,9,-70
2219179,10,-95
2219179,11,-96
2249628,0,-88
2249628,2,-80
2249628,3,-93
2249628,4,-91
2249628,5,-75
2249628,6,-74
2249629,8,-71
2249629,9,-71
2249629,10,-95
2280068,0,-85
2280068,2,-84
2280068,3,-93
2280068,4,-91
2280068,5,-67
2280068,6,-74
2280068,8,-70
2280068,9,-75
2280068,10,-95
2310501,0,-87
2310501,2,-80
2310501,3,-95
2310501,4,-92
2310501,5,-72
2310501,6,-73
2310501,8,-72
2310501,9,-73
2310501,10,-95
2340896,0,-94
2340896,2,-80
2340896,3,-94
2340896,4,-89
2340896,5,-70
2340896,6,-75
2340896,8,-70
245
2340931,9,-69
2340931,10,-79
2371377,0,-91
2371377,2,-79
2371377,3,-88
2371377,4,-89
2371377,5,-69
2371377,6,-91
2371377,8,-72
2371377,9,-71
2371377,10,-95
2401780,0,-95
2401780,2,-76
2401780,3,-87
2401780,4,-91
2401780,5,-69
2401780,6,-89
2401780,8,-72
2401780,9,-72
2401780,10,-93
2432208,0,-95
2432208,2,-81
2432208,3,-87
2432208,4,-84
2432208,5,-71
2432208,6,-84
2432208,8,-71
2432208,9,-72
2432208,10,-89
2462626,0,-95
2462626,2,-80
2462626,3,-92
2462626,4,-86
2462626,5,-74
2462626,6,-86
2462626,8,-74
2462626,9,-75
2462626,10,-90
2462626,11,-72
2493041,0,-94
2493041,2,-78
2493041,3,-91
2493041,4,-87
2493041,5,-70
2493041,6,-87
2493041,8,-72
2493041,9,-74
2493041,10,-92
2523486,0,-79
2523486,2,-80
2523486,3,-92
2523486,4,-83
2523486,5,-74
2523486,6,-87
2523486,8,-71
2523486,9,-70
2523486,10,-90
2553928,0,-94
2553928,2,-78
2553928,3,-92
2553928,4,-85
2553928,5,-68
2553928,6,-77
2553928,8,-79
2553928,9,-71
2553928,10,-94
2584262,0,-95
2584262,2,-80
2584262,3,-96
2584262,4,-87
2584262,5,-74
2584262,6,-91
2584262,8,-78
2584262,9,-79
2584262,10,-90
2584262,11,-96
2614678,2,-80
2614678,3,-95
2614678,4,-88
2614678,5,-69
244
2614712,6,-90
2614712,8,-74
2614712,9,-74
2614712,10,-91
2614712,11,-95
2645130,2,-80
2645130,3,-88
2645130,4,-86
2645130,5,-73
2645130,6,-90
2645130,8,-73
2645130,9,-74
2645130,10,-93
2645130,11,-96
2675514,2,-81
2675514,3,-95
2675514,4,-91
2675514,5,-67
2675514,6,-91
2675514,8,-75
2675514,9,-86
2675514,10,-96
2705900,0,-93
2705900,2,-86
2705900,4,-94
2705900,5,-68
2705900,6,-72
2705900,8,-82
2705900,9,-83
2705900,10,-94
2736288,2,-84
2736288,4,-94
2736288,5,-68
2736288,6,-72
2736288,8,-79
2736288,9,-84
2736288,10,-87
2766696,2,-84
2766696,4,-94
2766696,5,-69
2766696,6,-72
2766696,8,-79
2766696,9,-74
2766696,10,-95
2797088,0,-86
2797088,2,-85
2797088,4,-95
2797088,5,-71
2797088,6,-70
2797088,8,-82
2797088,9,-73
2797088,10,-96
2797088,11,-96
2827486,0,-87
2827486,2,-84
2827486,4,-90
2827486,5,-70
2827486,6,-73
2827486,8,-78
2827486,9,-82
2827486,10,-95
2827486,11,-94
2857888,0,-93
2857888,2,-79
2857888,4,-91
2857888,5,-76
2857888,6,-74
2857888,8,-81
2857888,9,-75
2857888,10,-87
2888294,0,-89
2888294,2,-86
2888294,4,-94
2888294,5,-75
2888294,6,-72
2888294,8,-79
2888294,9,-76
2888294,10,-93
2888294,11,-96
2918690,0,-95
243
2918724,2,-76
2918724,4,-94
2918724,5,-67
2918724,6,-72
2918724,8,-77
2918724,9,-77
2918724,10,-94
2918724,11,-96
2949122,2,-83
2949122,4,-94
2949122,5,-71
2949122,6,-72
2949122,8,-76
2949122,9,-78
2949122,10,-94
2979512,0,-96
2979512,2,-82
2979512,4,-78
2979512,5,-75
2979512,6,-73
2979512,8,-76
2979512,9,-82
2979512,10,-87
3009900,0,-95
3009900,2,-78
3009900,4,-91
3009900,5,-73
3009900,6,-75
3009900,8,-75
3009900,9,-78
3009900,10,-91
3009900,11,-78
3040284,0,-84
3040284,2,-79
3040284,4,-87
3040284,5,-70
3040284,6,-72
3040284,8,-76
3040284,9,-76
3040284,10,-88
3070681,0,-86
3070681,2,-79
3070681,4,-96
3070681,5,-74
3070681,6,-74
3070681,8,-74
3070681,9,-78
3070681,10,-95
3101080,0,-93
3101080,2,-82
3101080,4,-83
3101080,5,-73
3101080,6,-76
3101080,8,-75
3101080,9,-77
3101080,10,-92
3131471,0,-84
3131471,2,-80
3131471,4,-95
3131471,5,-71
3131471,6,-74
3131471,8,-72
3131471,9,-72
3131471,10,-90
3161871,0,-91
3161871,4,-91
3161871,5,-67
3161871,6,-75
3161871,8,-75
3161871,9,-75
3161871,10,-94
3161871,11,-95
3161871,13,-83
3192260,0,-90
3192260,5,-73
3192260,6,-70
3192260,8,-70
3192260,9,-74
3192260,10,-83
3222660,0,-89
242
3222694,4,-96
3222695,5,-69
3222695,6,-69
3222695,8,-69
3222695,9,-77
3222695,10,-91
3222695,11,-95
3253112,0,-79
3253112,4,-94
3253112,5,-77
3253112,6,-94
3253112,8,-69
3253112,9,-71
3283505,0,-84
3283505,4,-93
3283505,5,-75
3283505,6,-85
3283505,8,-69
3283505,9,-94
3283505,10,-92
3313876,0,-80
3313876,4,-89
3313876,5,-73
3313876,6,-95
3313876,8,-68
3313876,10,-96
3344250,0,-84
3344250,4,-95
3344250,5,-80
3344250,6,-91
3344250,8,-67
3344250,10,-90
3374644,0,-96
3374644,2,-84
3374644,4,-95
3374644,5,-76
3374644,6,-90
3374644,8,-67
3374644,10,-96
3374644,11,-91
3405013,2,-88
3405013,5,-73
3405013,6,-96
3405013,8,-71
3435369,0,-96
3435369,4,-95
3435369,5,-76
3435369,6,-92
3435369,8,-68
3465732,4,-93
3465732,5,-74
3465732,6,-87
3465732,8,-67
3496094,0,-95
3496094,4,-96
3496094,5,-83
3496094,6,-95
3496094,8,-68
3496094,10,-92
3496094,11,-94
3526462,0,-95
3526462,2,-82
3526462,3,-96
3526462,4,-85
3526462,5,-74
3526462,6,-90
3526462,8,-67
3526462,10,-95
3556833,2,-87
3556833,5,-92
3556833,6,-77
3556833,8,-86
3556833,11,-95
3587192,2,-96
3587192,5,-78
3587192,8,-76
3617570,0,-96
3617570,2,-74
3617570,5,-78
3617570,8,-85
241
3647933,0,-95
3647933,2,-96
3647933,3,-95
3647933,5,-92
3647933,8,-94
3647933,10,-93
3678324,2,-78
3678324,5,-88
3678324,8,-89
3708663,2,-95
3708663,5,-94
3708663,8,-95
3708663,11,-96
3739038,0,-96
3739038,2,-84
3739038,3,-96
3739038,5,-88
3739038,8,-96
3739038,10,-94
3769400,0,-96
3769400,2,-84
3769400,5,-84
3769400,8,-86
3769400,11,-96
3799756,0,-96
3799756,2,-94
3799756,5,-85
3799756,8,-93
3830108,0,-96
3830108,2,-95
3830108,5,-91
3830108,8,-94
3860435,0,-96
3860435,2,-94
3860435,5,-82
3860435,8,-94
3890786,0,-96
3890786,2,-80
3890786,5,-88
3890786,8,-87
3890786,10,-92
3921132,2,-83
3921132,5,-85
3921132,8,-94
3921132,10,-94
3951493,0,-95
3951493,2,-84
3951493,3,-96
3951493,5,-91
3951493,8,-91
3951493,10,-95
3951493,11,-96
3981835,0,-95
4012148,0,-96
4012148,3,-89
4042481,3,-92
4042481,4,-85
4042481,6,-92
4072811,3,-89
4072811,4,-79
4072811,6,-95
4103148,3,-96
4103148,4,-95
4103148,6,-71
4133455,4,-96
4163760,4,-96
4194065,4,-96
4254676,6,-96
4375911,0,-92
4375911,2,-96
4375911,3,-96
4375911,10,-95
4375911,11,-96
4406230,0,-96
4406230,2,-91
4406230,3,-92
4406230,8,-94
4406230,10,-96
4436563,2,-94
4436563,3,-95
240
4436597,8,-89
4466930,3,-96
4466930,8,-96
4497245,2,-96
4497245,8,-96
4527550,3,-79
4527550,8,-96
4557855,8,-96
4588159,2,-96
4588159,8,-96
4618494,0,-96
4618494,2,-94
4618494,4,-84
4618494,8,-90
4648820,0,-93
4648820,3,-91
4648820,6,-89
4648820,11,-94
4739761,0,-93
4739761,2,-89
4739761,4,-92
4739761,6,-96
4739761,8,-77
4770106,0,-96
4770106,2,-95
4770106,4,-96
4770106,8,-85
4770106,10,-96
4800439,0,-94
4800439,2,-95
4800439,3,-95
4800439,4,-91
4800439,8,-95
4830757,0,-96
4830757,11,-96
4861100,2,-96
4861100,4,-96
4861100,6,-96
4891404,2,-96
4891404,4,-96
4921708,2,-90
4921708,4,-96
4921708,6,-96
4952055,3,-96
4952055,8,-96
4952055,11,-96
4982382,0,-96
4982382,3,-96
4982382,6,-96
4982382,8,-96
4982382,11,-96
5012687,2,-94
5043016,2,-95
5073346,2,-81
5103674,2,-95
5133983,2,-94
5194597,2,-96
5224903,2,-88
5224903,4,-96
5285514,0,-96
5285514,2,-93
5315824,2,-96
5406742,2,-95
5437058,2,-95
5467370,2,-94
5527991,2,-95
5588602,11,-95
5618907,11,-95
5649213,0,-92
5649213,11,-81
5679541,0,-94
5679541,11,-96
5740152,0,-96
5770471,0,-96
5800777,0,-95
5952306,0,-95
5982611,0,-96
6012917,0,-96
6043221,2,-95
6043221,4,-95
239
6043255,8,-95
6073574,0,-96
6134185,4,-96
6164491,4,-93
6194796,0,-96
6225102,0,-96
6255407,0,-96
6255407,2,-90
6285736,0,-96
6285736,11,-92
6316077,11,-93
6346389,0,-96
6376694,8,-96
6437307,2,-96
6467613,0,-96
6497919,0,-96
6497919,4,-95
6528224,0,-96
6649446,0,-95
6649446,2,-96
6709987,0,-96
6709987,2,-96
6740291,0,-96
6740291,2,-96
6770613,0,-96
6800918,0,-95
6800918,2,-96
6831224,0,-94
6861529,0,-96
6891834,0,-96
6922140,0,-95
6952445,0,-96
7043367,4,-96
7043367,8,-96
7255495,2,-93
7316120,2,-94
7316120,8,-96
7346449,8,-84
7376778,8,-69
7407084,2,-83
7437409,2,-94
7467735,2,-96
7467735,4,-95
7498063,4,-87
7528391,2,-96
7528391,4,-88
7528391,8,-96
7558743,4,-80
7558743,8,-96
7589048,4,-95
7589048,8,-96
7619378,4,-91
7619378,8,-94
7649707,4,-85
7649707,8,-96
7680035,4,-82
7680035,8,-96
7710363,4,-94
7710363,8,-96
7770997,4,-96
7770997,8,-83
7801311,4,-96
7801311,8,-96
7831649,4,-95
7831649,8,-96
7861982,4,-92
7861982,8,-95
7892287,8,-96
7922593,4,-94
7922593,8,-96
7952923,4,-96
7952923,8,-84
7983253,4,-96
7983253,8,-95
8013597,4,-95
8013597,8,-94
8043908,4,-96
8043908,8,-96
8074230,4,-93
8074230,8,-96
238
8104592,4,-95
8104592,8,-93
8134908,4,-96
8256130,4,-96
8256130,8,-96
8286454,4,-94
8377372,8,-96
8407683,4,-96
8407683,8,-95
8468294,4,-96
8498599,4,-95
8528910,8,-89
8559240,8,-94
8589570,8,-78
8619900,8,-72
8650230,8,-73
8680558,4,-96
8680558,8,-70
8710896,4,-95
8710896,8,-72
8741248,4,-86
8741248,8,-74
8771601,4,-84
8771601,8,-70
8801954,4,-82
8801954,8,-75
8832306,4,-84
8832306,8,-71
8862659,4,-85
8862659,8,-74
8893013,4,-86
8893013,8,-69
8923367,4,-82
8923367,8,-75
8953719,4,-83
8953719,8,-71
8984071,4,-84
8984071,8,-71
9014425,4,-83
9014425,8,-71
9044779,4,-83
9044779,8,-75
9075132,4,-82
9075132,8,-72
9105484,4,-82
9105484,8,-74
9135837,4,-88
9135837,8,-75
9166190,4,-81
9166190,8,-71
9196543,4,-88
9196543,8,-73
9226896,4,-80
9226896,8,-75
9257247,4,-81
9257247,8,-69
9287599,4,-83
9287599,8,-71
9317951,4,-77
9317951,8,-75
9348303,4,-80
9348303,8,-69
9378654,4,-81
9378654,8,-72
9409006,4,-88
9409006,8,-70
9439357,4,-81
9439357,8,-75
9469708,4,-81
9469708,8,-70
9500058,4,-81
9500058,8,-74
9530408,4,-81
9530408,8,-72
9560759,4,-81
9560759,8,-70
9591110,4,-81
9591110,8,-72
9621460,4,-81
9621460,8,-72
237
9651843,4,-81
9651843,8,-70
9682204,4,-82
9682204,8,-70
9712553,4,-83
9712553,8,-73
9742903,4,-81
9742903,8,-75
9773253,4,-81
9773253,8,-75
9803603,4,-81
9803603,8,-72
9833952,4,-81
9833952,8,-75
9864301,4,-81
9864301,8,-75
9894650,4,-81
9894650,8,-71
9924999,4,-81
9924999,8,-71
9955347,4,-82
9955347,8,-71
9985694,4,-80
9985694,8,-76
10016042,4,-82
10016042,8,-76
10046390,4,-81
10046390,8,-74
10076738,4,-81
10076738,8,-72
10107085,4,-81
10107085,8,-71
10137432,4,-81
10137432,8,-70
10167778,4,-81
10167778,8,-71
10198125,4,-81
10198125,8,-74
10228472,4,-89
10228472,8,-70
10258818,4,-81
10258818,8,-71
10289164,4,-81
10289164,8,-76
10319510,4,-81
10319510,8,-74
10349855,4,-81
10349855,8,-72
10380201,4,-81
10380201,8,-76
10410547,4,-81
10410547,8,-70
10440893,4,-81
10440893,8,-74
10471239,4,-81
10471239,8,-72
10501584,4,-81
10501584,8,-72
10531928,4,-84
10531928,8,-75
10562272,4,-81
10562272,8,-71
10592616,4,-81
10592616,8,-71
10622961,4,-81
10622961,8,-74
10653306,4,-81
10653306,8,-75
10683651,4,-81
10683651,8,-73
10713994,4,-81
10713994,8,-70
10744337,4,-83
10744337,8,-74
10774680,4,-81
10774680,8,-71
10805024,4,-81
10805024,8,-76
10835368,4,-81
10835368,8,-70
236