10000,0,-128
10000,1,-128
10000,2,-128
10000,3,-128
10000,4,-128
10000,5,-128
10000,6,-128
10000,7,-128
30021,0,-128
30,-128
310349,1,-128
310349,2,-128
310349,3,-128
310349,4,-128
310349,5,-128
310349,6,-128
310349,7,-128
330370,0,-128
330370,1,-128
330370,2,-128
330370,3,-128
330370,4,-128
330370,5,-128
330370,6,-128
330370,7,-128
350391,0,-128
350391,1,-128
350391,2,-128
350391,3,-128
350391,4,-128
350391,5,-128
350391,6,-128
350391,7,-128
370412,0,-128
370412,1,-128
370412,2,-128
370412,3,-128
370412,4,-128
370412,5,-128
370412,6,-128
370412,7,-128
390433,0,-128
390433,1,-128
390433,2,-128
390433,3,-128
390433,4,-128
390433,5,-128
390433,6,-128
390433,7,-128
248
410488,0,-128
410488,1,-128
410488,2,-128
410488,3,-128
410488,4,-128
410488,5,-128
410488,6,-128
410488,7,-128
430509,0,-128
430509,1,-128
430509,2,-128
430509,3,-128
430509,4,-128
430509,5,-128
430509,6,-128
430509,7,-128
450530,0,-128
450530,1,-128
450530,2,-128
450530,3,-128
450530,4,-89
450530,5,-128
450530,6,-128
450530,7,-81
470551,0,-128
470551,1,-128
470551,2,-128
470551,3,-128
470551,4,-128
470551,5,-128
470551,6,-128
470551,7,-81
490572,0,-128
490572,1,-128
490572,2,-128
490572,3,-128
490572,4,-128
490572,5,-128
490572,6,-128
490572,7,-93
510593,0,-128
510593,1,-128
510593,2,-128
510593,3,-128
510593,4,-128
510593,5,-128
510593,6,-128
510593,7,-128
530614,0,-128
530614,1,-128
530614,2,-128
530614,3,-128
530614,4,-128
530614,5,-128
530614,6,-128
530614,7,-128
550635,0,-128
550635,1,-128
550635,2,-128
550635,3,-128
550635,4,-128
550635,5,-128
550635,6,-128
550635,7,-128
570656,0,-128
570656,1,-128
570656,2,-128
570656,3,-128
570656,4,-128
570656,5,-128
570656,6,-128
570656,7,-128
590677,0,-128
590677,1,-128
590677,2,-128
590677,3,-128
590677,4,-128
590677,5,-128
590677,6,-128
590677,7,-128
247
610732,0,-128
610732,1,-128
610732,2,-128
610732,3,-128
610732,4,-128
610732,5,-128
610732,6,-128
610732,7,-128
630753,0,-128
630753,1,-128
630753,2,-128
630753,3,-128
630753,4,-128
630753,5,-128
630753,6,-128
630753,7,-128
650774,0,-128
650774,1,-128
650774,2,-128
650774,3,-128
650774,4,-128
650774,5,-128
650774,6,-128
650774,7,-128
670795,0,-128
670795,1,-128
670795,2,-128
670795,3,-128
670795,4,-128
670795,5,-128
670795,6,-128
670795,7,-128
690816,0,-128
690816,1,-128
690816,2,-128
690816,3,-128
690816,4,-128
690816,5,-128
690816,6,-128
690816,7,-128
710837,0,-128
710837,1,-128
710837,2,-128
710837,3,-128
710837,4,-128
710837,5,-128
710837,6,-128
710837,7,-92
730858,0,-128
730858,1,-128
730858,2,-128
730858,3,-128
730858,4,-128
730858,5,-128
730858,6,-128
730858,7,-93
750879,0,-128
750879,1,-128
750879,2,-128
750879,3,-128
750879,4,-128
750879,5,-128
750879,6,-128
750879,7,-128
770900,0,-128
770900,1,-128
770900,2,-128
770900,3,-128
770900,4,-128
770900,5,-128
770900,6,-128
770900,7,-128
790921,0,-128
790921,1,-128
790921,2,-128
790921,3,-128
790921,4,-128
790921,5,-128
790921,6,-128
790921,7,-128
246
810975,0,-128
810975,1,-128
810975,2,-128
810975,3,-128
810975,4,-128
810975,5,-128
810975,6,-128
810975,7,-128
830996,0,-128
830996,1,-128
830996,2,-128
830996,3,-128
830996,4,-128
830996,5,-128
830996,6,-128
830996,7,-128
851017,0,-128
851017,1,-128
851017,2,-128
851017,3,-128
851017,4,-128
851017,5,-128
851017,6,-128
851017,7,-128
871038,0,-128
871038,1,-128
871038,2,-128
871038,3,-128
871038,4,-128
871038,5,-128
871038,6,-128
871038,7,-94
891059,0,-128
891059,1,-128
891059,2,-128
891059,3,-128
891059,4,-128
891059,5,-128
891059,6,-128
891059,7,-93
911080,0,-128
911080,1,-128
911080,2,-128
911080,3,-128
911080,4,-128
911080,5,-128
911080,6,-128
911080,7,-94
931101,0,-128
931101,1,-128
931101,2,-128
931101,3,-128
931101,4,-128
931101,5,-128
931101,6,-128
931101,7,-94
951122,0,-128
951122,1,-128
951122,2,-128
951122,3,-128
951122,4,-128
951122,5,-128
951122,6,-128
951122,7,-94
971143,0,-128
971143,1,-128
971143,2,-128
971143,3,-128
971143,4,-128
971143,5,-128
971143,6,-128
971143,7,-94
991164,0,-128
991164,1,-128
991164,2,-128
991164,3,-128
991164,4,-128
991164,5,-128
991164,6,-128
991164,7,-128
245
1011219,0,-128
1011219,1,-128
1011219,2,-128
1011219,3,-128
1011219,4,-128
1011219,5,-128
1011219,6,-128
1011219,7,-128
1031240,0,-128
1031240,1,-128
1031240,2,-128
1031240,3,-128
1031240,4,-128
1031240,5,-128
1031240,6,-128
1031240,7,-94
1051261,0,-128
1051261,1,-128
1051261,2,-128
1051261,3,-128
1051261,4,-128
1051261,5,-128
1051261,6,-128
1051261,7,-94
1071282,0,-128
1071282,1,-128
1071282,2,-128
1071282,3,-128
1071282,4,-128
1071282,5,-128
1071282,6,-128
1071282,7,-128
1091303,0,-128
1091303,1,-128
1091303,2,-128
1091303,3,-128
1091303,4,-128
1091303,5,-128
1091303,6,-128
1091303,7,-128
1111324,0,-128
1111324,1,-128
1111324,2,-128
1111324,3,-128
1111324,4,-128
1111324,5,-128
1111324,6,-128
1111324,7,-128
1131345,0,-128
1131345,1,-128
1131345,2,-128
1131345,3,-128
1131345,4,-128
1131345,5,-128
1131345,6,-128
1131345,7,-128
1151366,0,-128
1151366,1,-128
1151366,2,-128
1151366,3,-128
1151366,4,-128
1151366,5,-128
1151366,6,-128
1151366,7,-94
1171387,0,-128
1171387,1,-128
1171387,2,-128
1171387,3,-128
1171387,4,-128
1171387,5,-128
1171387,6,-128
1171387,7,-128
1191408,0,-128
1191408,1,-128
1191408,2,-128
1191408,3,-128
1191408,4,-128
1191408,5,-128
1191408,6,-128
1191408,7,-128
244
1211463,0,-128
1211463,1,-128
1211463,2,-128
1211463,3,-128
1211463,4,-128
1211463,5,-128
1211463,6,-128
1211463,7,-128
1231484,0,-128
1231484,1,-128
1231484,2,-128
1231484,3,-128
1231484,4,-128
1231484,5,-128
1231484,6,-128
1231484,7,-94
1251505,0,-128
1251505,1,-128
1251505,2,-128
1251505,3,-128
1251505,4,-128
1251505,5,-128
1251505,6,-128
1251505,7,-94
1271526,0,-128
1271526,1,-128
1271526,2,-128
1271526,3,-128
1271526,4,-128
1271526,5,-128
1271526,6,-128
1271526,7,-93
1291547,0,-128
1291547,1,-128
1291547,2,-128
1291547,3,-128
1291547,4,-128
1291547,5,-128
1291547,6,-128
1291547,7,-93
1311568,0,-128
1311568,1,-128
1311568,2,-128
1311568,3,-90
1311568,4,-128
1311568,5,-128
1311568,6,-128
1311568,7,-128
1331589,0,-128
1331589,1,-128
1331589,2,-128
1331589,3,-90
1331589,4,-128
1331589,5,-128
1331589,6,-128
1331589,7,-128
1351610,0,-128
1351610,1,-128
1351610,2,-128
1351610,3,-94
1351610,4,-128
1351610,5,-128
1351610,6,-128
1351610,7,-128
1371631,0,-128
1371631,1,-128
1371631,2,-128
1371631,3,-128
1371631,4,-128
1371631,5,-128
1371631,6,-128
1371631,7,-128
1391652,0,-128
1391652,1,-128
1391652,2,-128
1391652,3,-128
1391652,4,-128
1391652,5,-128
1391652,6,-128
1391652,7,-128
243
1411707,0,-128
1411707,1,-128
1411707,2,-128
1411707,3,-94
1411707,4,-128
1411707,5,-128
1411707,6,-128
1411707,7,-128
1431728,0,-128
1431728,1,-128
1431728,2,-128
1431728,3,-94
1431728,4,-128
1431728,5,-128
1431728,6,-128
1431728,7,-128
1451749,0,-128
1451749,1,-128
1451749,2,-128
1451749,3,-128
1451749,4,-128
1451749,5,-128
1451749,6,-128
1451749,7,-94
1471770,0,-128
1471770,1,-128
1471770,2,-128
1471770,3,-128
1471770,4,-128
1471770,5,-128
1471770,6,-128
1471770,7,-128
1491791,0,-128
1491791,1,-128
1491791,2,-128
1491791,3,-128
1491791,4,-128
1491791,5,-128
1491791,6,-128
1491791,7,-94
1511812,0,-128
1511812,1,-128
1511812,2,-128
1511812,3,-128
1511812,4,-128
1511812,5,-128
1511812,6,-128
1511812,7,-128
1531833,0,-128
1531833,1,-128
1531833,2,-128
1531833,3,-128
1531833,4,-128
1531833,5,-128
1531833,6,-128
1531833,7,-128
1551854,0,-128
1551854,1,-128
1551854,2,-128
1551854,3,-128
1551854,4,-128
1551854,5,-128
1551854,6,-128
1551854,7,-128
1571875,0,-128
1571875,1,-128
1571875,2,-128
1571875,3,-128
1571875,4,-128
1571875,5,-128
1571875,6,-128
1571875,7,-94
1591896,0,-128
1591896,1,-128
1591896,2,-128
1591896,3,-128
1591896,4,-128
1591896,5,-128
1591896,6,-128
1591896,7,-89
242
1611951,0,-128
1611951,1,-93
1611951,2,-128
1611951,3,-128
1611951,4,-128
1611951,5,-128
1611951,6,-128
1611951,7,-90
1631972,0,-128
1631972,1,-94
1631972,2,-128
1631972,3,-94
1631972,4,-128
1631972,5,-128
1631972,6,-128
1631972,7,-93
1651993,0,-128
1651993,1,-94
1651993,2,-128
1651993,3,-128
1651993,4,-128
1651993,5,-128
1651993,6,-128
1651993,7,-94
1672014,0,-128
1672014,1,-94
1672014,2,-128
1672014,3,-128
1672014,4,-128
1672014,5,-128
1672014,6,-128
1672014,7,-94
1692035,0,-128
1692035,1,-89
1692035,2,-128
1692035,3,-128
1692035,4,-128
1692035,5,-94
1692035,6,-128
1692035,7,-91
1712056,0,-128
1712056,1,-87
1712056,2,-128
1712056,3,-128
1712056,4,-128
1712056,5,-94
1712056,6,-128
1712056,7,-85
1732077,0,-128
1732077,1,-128
1732077,2,-128
1732077,3,-128
1732077,4,-128
1732077,5,-128
1732077,6,-128
1732077,7,-128
1752098,0,-128
1752098,1,-128
1752098,2,-128
1752098,3,-128
1752098,4,-128
1752098,5,-128
1752098,6,-128
1752098,7,-128
1772119,0,-128
1772119,1,-128
1772119,2,-128
1772119,3,-128
1772119,4,-128
1772119,5,-128
1772119,6,-128
1772119,7,-128
1792140,0,-128
1792140,1,-128
1792140,2,-128
1792140,3,-128
1792140,4,-128
1792140,5,-128
1792140,6,-94
1792140,7,-128
241
1812195,0,-128
1812195,1,-128
1812195,2,-128
1812195,3,-128
1812195,4,-128
1812195,5,-128
1812195,6,-93
1812195,7,-128
1832216,0,-128
1832216,1,-128
1832216,2,-128
1832216,3,-128
1832216,4,-128
1832216,5,-128
1832216,6,-94
1832216,7,-128
1852237,0,-128
1852237,1,-128
1852237,2,-128
1852237,3,-128
1852237,4,-128
1852237,5,-128
1852237,6,-92
1852237,7,-128
1872258,0,-128
1872258,1,-128
1872258,2,-128
1872258,3,-128
1872258,4,-128
1872258,5,-128
1872258,6,-86
1872258,7,-128
1892279,0,-128
1892279,1,-128
1892279,2,-128
1892279,3,-128
1892279,4,-128
1892279,5,-128
1892279,6,-92
1892279,7,-128
1912300,0,-128
1912300,1,-128
1912300,2,-92
1912300,3,-128
1912300,4,-128
1912300,5,-128
1912300,6,-89
1912300,7,-128
1932321,0,-128
1932321,1,-128
1932321,2,-128
1932321,3,-128
1932321,4,-128
1932321,5,-128
1932321,6,-83
1932321,7,-128
1952342,0,-128
1952342,1,-128
1952342,2,-128
1952342,3,-128
1952342,4,-128
1952342,5,-128
1952342,6,-88
1952342,7,-128
1972363,0,-128
1972363,1,-128
1972363,2,-128
1972363,3,-128
1972363,4,-128
1972363,5,-128
1972363,6,-79
1972363,7,-128
1992384,0,-128
1992384,1,-128
1992384,2,-128
1992384,3,-128
1992384,4,-128
1992384,5,-128
1992384,6,-94
1992384,7,-128
240
2012439,0,-128
2012439,1,-128
2012439,2,-88
2012439,3,-128
2012439,4,-128
2012439,5,-128
2012439,6,-85
2012439,7,-128
2032460,0,-128
2032460,1,-128
2032460,2,-128
2032460,3,-128
2032460,4,-128
2032460,5,-128
2032460,6,-84
2032460,7,-128
2052481,0,-128
2052481,1,-128
2052481,2,-128
2052481,3,-128
2052481,4,-128
2052481,5,-128
2052481,6,-87
2052481,7,-128
2072502,0,-128
2072502,1,-128
2072502,2,-128
2072502,3,-128
2072502,4,-128
2072502,5,-128
2072502,6,-88
2072502,7,-128
2092523,0,-128
2092523,1,-128
2092523,2,-128
2092523,3,-128
2092523,4,-128
2092523,5,-128
2092523,6,-94
2092523,7,-128
2112544,0,-128
2112544,1,-128
2112544,2,-128
2112544,3,-128
2112544,4,-128
2112544,5,-128
2112544,6,-94
2112544,7,-128
2132565,0,-128
2132565,1,-128
2132565,2,-128
2132565,3,-128
2132565,4,-128
2132565,5,-128
2132565,6,-93
2132565,7,-128
2152586,0,-128
2152586,1,-128
2152586,2,-128
2152586,3,-128
2152586,4,-128
2152586,5,-128
2152586,6,-94
2152586,7,-128
2172607,0,-128
2172607,1,-128
2172607,2,-128
2172607,3,-128
2172607,4,-128
2172607,5,-128
2172607,6,-90
2172607,7,-128
2192628,0,-128
2192628,1,-128
2192628,2,-128
2192628,3,-128
2192628,4,-128
2192628,5,-128
2192628,6,-89
2192628,7,-128
239
2212683,0,-128
2212683,1,-128
2212683,2,-128
2212683,3,-128
2212683,4,-128
2212683,5,-128
2212683,6,-128
2212683,7,-128
2232704,0,-128
2232704,1,-128
2232704,2,-128
2232704,3,-128
2232704,4,-128
2232704,5,-128
2232704,6,-128
2232704,7,-128
2252725,0,-128
2252725,1,-128
2252725,2,-128
2252725,3,-128
2252725,4,-128
2252725,5,-128
2252725,6,-128
2252725,7,-128
2272746,0,-128
2272746,1,-128
2272746,2,-128
2272746,3,-128
2272746,4,-128
2272746,5,-128
2272746,6,-128
2272746,7,-128
2292767,0,-128
2292767,1,-128
2292767,2,-128
2292767,3,-128
2292767,4,-128
2292767,5,-128
2292767,6,-128
2292767,7,-128
2312788,0,-128
2312788,1,-128
2312788,2,-128
2312788,3,-128
2312788,4,-128
2312788,5,-128
2312788,6,-128
2312788,7,-128
2332809,0,-128
2332809,1,-128
2332809,2,-128
2332809,3,-128
2332809,4,-128
2332809,5,-128
2332809,6,-128
2332809,7,-128
2352830,0,-128
2352830,1,-128
2352830,2,-128
2352830,3,-128
2352830,4,-128
2352830,5,-128
2352830,6,-128
2352830,7,-94
2372851,0,-128
2372851,1,-128
2372851,2,-128
2372851,3,-128
2372851,4,-128
2372851,5,-128
2372851,6,-128
2372851,7,-128
2392872,0,-128
2392872,1,-128
2392872,2,-128
2392872,3,-128
2392872,4,-128
2392872,5,-128
2392872,6,-128
2392872,7,-128
238
2412927,0,-128
2412927,1,-128
2412927,2,-128
2412927,3,-128
2412927,4,-128
2412927,5,-94
2412927,6,-128
2412927,7,-128
2432948,0,-128
2432948,1,-128
2432948,2,-128
2432948,3,-128
2432948,4,-128
2432948,5,-128
2432948,6,-128
2432948,7,-128
2452969,0,-128
2452969,1,-128
2452969,2,-128
2452969,3,-128
2452969,4,-128
2452969,5,-128
2452969,6,-128
2452969,7,-94
2472990,0,-128
2472990,1,-128
2472990,2,-128
2472990,3,-128
2472990,4,-128
2472990,5,-94
2472990,6,-128
2472990,7,-128
2493011,0,-128
2493011,1,-128
2493011,2,-128
2493011,3,-128
2493011,4,-128
2493011,5,-128
2493011,6,-128
2493011,7,-128
2513032,0,-128
2513032,1,-128
2513032,2,-128
2513032,3,-128
2513032,4,-128
2513032,5,-128
2513032,6,-128
2513032,7,-128
2533053,0,-128
2533053,1,-128
2533053,2,-128
2533053,3,-128
2533053,4,-128
2533053,5,-128
2533053,6,-128
2533053,7,-128
2553074,0,-128
2553074,1,-128
2553074,2,-128
2553074,3,-128
2553074,4,-128
2553074,5,-128
2553074,6,-128
2553074,7,-128
2573095,0,-128
2573095,1,-128
2573095,2,-128
2573095,3,-128
2573095,4,-128
2573095,5,-128
2573095,6,-128
2573095,7,-128
2593116,0,-128
2593116,1,-128
2593116,2,-128
2593116,3,-128
2593116,4,-128
2593116,5,-128
2593116,6,-128
2593116,7,-128
237
2613171,0,-128
2613171,1,-128
2613171,2,-128
2613171,3,-128
2613171,4,-128
2613171,5,-128
2613171,6,-128
2613171,7,-128
2633192,0,-128
2633192,1,-128
2633192,2,-128
2633192,3,-128
2633192,4,-128
2633192,5,-128
2633192,6,-128
2633192,7,-128
2653213,0,-128
2653213,1,-128
2653213,2,-128
2653213,3,-128
2653213,4,-128
2653213,5,-128
2653213,6,-128
2653213,7,-128
2673234,0,-128
2673234,1,-128
2673234,2,-128
2673234,3,-128
2673234,4,-128
2673234,5,-128
2673234,6,-128
2673234,7,-128
2693255,0,-128
2693255,1,-128
2693255,2,-128
2693255,3,-128
2693255,4,-128
2693255,5,-128
2693255,6,-128
2693255,7,-128
2713276,0,-128
2713276,1,-128
2713276,2,-128
2713276,3,-128
2713276,4,-128
2713276,5,-128
2713276,6,-128
2713276,7,-128
2733297,0,-128
2733297,1,-90
2733297,2,-128
2733297,3,-128
2733297,4,-128
2733297,5,-128
2733297,6,-128
2733297,7,-128
2753318,0,-128
2753318,1,-128
2753318,2,-128
2753318,3,-128
2753318,4,-128
2753318,5,-128
2753318,6,-128
2753318,7,-128
2773339,0,-128
2773339,1,-94
2773339,2,-128
2773339,3,-128
2773339,4,-128
2773339,5,-128
2773339,6,-128
2773339,7,-128
2793360,0,-128
2793360,1,-128
2793360,2,-128
2793360,3,-128
2793360,4,-128
2793360,5,-128
2793360,6,-128
2793360,7,-128
236
2813415,0,-128
2813415,1,-128
2813415,2,-128
2813415,3,-128
2813415,4,-128
2813415,5,-128
2813415,6,-128
2813415,7,-128
2833436,0,-128
2833436,1,-128
2833436,2,-128
2833436,3,-128
2833436,4,-128
2833436,5,-128
2833436,6,-128
2833436,7,-128
2853457,0,-128
2853457,1,-128
2853457,2,-128
2853457,3,-128
2853457,4,-128
2853457,5,-128
2853457,6,-128
2853457,7,-128
2873478,0,-128
2873478,1,-128
2873478,2,-128
2873478,3,-128
2873478,4,-128
2873478,5,-128
2873478,6,-128
2873478,7,-128
2893499,0,-128
2893499,1,-128
2893499,2,-128
2893499,3,-128
2893499,4,-128
2893499,5,-128
2893499,6,-128
2893499,7,-128
2913520,0,-128
2913520,1,-128
2913520,2,-128
2913520,3,-128
2913520,4,-128
2913520,5,-128
2913520,6,-128
2913520,7,-128
2933541,0,-128
2933541,1,-128
2933541,2,-128
2933541,3,-128
2933541,4,-128
2933541,5,-128
2933541,6,-128
2933541,7,-128
2953562,0,-128
2953562,1,-128
2953562,2,-128
2953562,3,-128
2953562,4,-128
2953562,5,-128
2953562,6,-128
2953562,7,-128
2973583,0,-128
2973583,1,-128
2973583,2,-128
2973583,3,-128
2973583,4,-128
2973583,5,-94
2973583,6,-128
2973583,7,-128
2993604,0,-128
2993604,1,-128
2993604,2,-128
2993604,3,-128
2993604,4,-128
2993604,5,-128
2993604,6,-94
2993604,7,-128
235
3013659,0,-128
3013659,1,-128
3013659,2,-128
3013659,3,-128
3013659,4,-128
3013659,5,-128
3013659,6,-89
3013659,7,-128
3033680,0,-128
3033680,1,-128
3033680,2,-128
3033680,3,-128
3033680,4,-128
3033680,5,-128
3033680,6,-82
3033680,7,-128
3053701,0,-128
3053701,1,-128
3053701,2,-128
3053701,3,-128
3053701,4,-128
3053701,5,-128
3053701,6,-86
3053701,7,-128
3073722,0,-128
3073722,1,-128
3073722,2,-128
3073722,3,-128
3073722,4,-128
3073722,5,-128
3073722,6,-84
3073722,7,-128
3093743,0,-128
3093743,1,-128
3093743,2,-128
3093743,3,-128
3093743,4,-128
3093743,5,-128
3093743,6,-88
3093743,7,-128
3113764,0,-128
3113764,1,-128
3113764,2,-128
3113764,3,-128
3113764,4,-128
3113764,5,-128
3113764,6,-86
3113764,7,-128
3133785,0,-128
3133785,1,-128
3133785,2,-128
3133785,3,-128
3133785,4,-128
3133785,5,-128
3133785,6,-85
3133785,7,-128
3153806,0,-128
3153806,1,-128
3153806,2,-128
3153806,3,-128
3153806,4,-128
3153806,5,-128
3153806,6,-92
3153806,7,-128
3173827,0,-128
3173827,1,-128
3173827,2,-128
3173827,3,-128
3173827,4,-128
3173827,5,-128
3173827,6,-85
3173827,7,-128
3193848,0,-128
3193848,1,-128
3193848,2,-128
3193848,3,-128
3193848,4,-128
3193848,5,-128
3193848,6,-88
3193848,7,-128
234
3213903,0,-128
3213903,1,-128
3213903,2,-128
3213903,3,-128
3213903,4,-128
3213903,5,-128
3213903,6,-84
3213903,7,-128
3233924,0,-128
3233924,1,-94
3233924,2,-128
3233924,3,-128
3233924,4,-128
3233924,5,-128
3233924,6,-86
3233924,7,-128
3253945,0,-128
3253945,1,-94
3253945,2,-128
3253945,3,-128
3253945,4,-128
3253945,5,-128
3253945,6,-89
3253945,7,-128
3273966,0,-128
3273966,1,-93
3273966,2,-128
3273966,3,-128
3273966,4,-128
3273966,5,-128
3273966,6,-82
3273966,7,-128
3293987,0,-128
3293987,1,-94
3293987,2,-128
3293987,3,-128
3293987,4,-128
3293987,5,-128
3293987,6,-85
3293987,7,-86
3314008,0,-128
3314008,1,-92
3314008,2,-128
3314008,3,-128
3314008,4,-128
3314008,5,-128
3314008,6,-86
3314008,7,-128
3334029,0,-128
3334029,1,-94
3334029,2,-128
3334029,3,-128
3334029,4,-128
3334029,5,-128
3334029,6,-87
3334029,7,-128
3354050,0,-128
3354050,1,-94
3354050,2,-128
3354050,3,-128
3354050,4,-128
3354050,5,-128
3354050,6,-90
3354050,7,-128
3374071,0,-128
3374071,1,-93
3374071,2,-128
3374071,3,-128
3374071,4,-128
3374071,5,-128
3374071,6,-87
3374071,7,-128
3394092,0,-128
3394092,1,-93
3394092,2,-128
3394092,3,-128
3394092,4,-128
3394092,5,-128
3394092,6,-85
3394092,7,-128
233
3414147,0,-128
3414147,1,-93
3414147,2,-128
3414147,3,-128
3414147,4,-128
3414147,5,-128
3414147,6,-91
3414147,7,-128
3434168,0,-128
3434168,1,-94
3434168,2,-128
3434168,3,-128
3434168,4,-128
3434168,5,-128
3434168,6,-94
3434168,7,-128
3454189,0,-128
3454189,1,-94
3454189,2,-128
3454189,3,-128
3454189,4,-128
3454189,5,-128
3454189,6,-93
3454189,7,-128
3474210,0,-128
3474210,1,-94
3474210,2,-128
3474210,3,-128
3474210,4,-128
3474210,5,-128
3474210,6,-94
3474210,7,-128
3494231,0,-128
3494231,1,-93
3494231,2,-128
3494231,3,-128
3494231,4,-128
3494231,5,-128
3494231,6,-94
3494231,7,-128
3514252,0,-128
3514252,1,-94
3514252,2,-128
3514252,3,-128
3514252,4,-128
3514252,5,-128
3514252,6,-93
3514252,7,-128
3534273,0,-128
3534273,1,-94
3534273,2,-128
3534273,3,-128
3534273,4,-128
3534273,5,-128
3534273,6,-94
3534273,7,-128
3554294,0,-128
3554294,1,-94
3554294,2,-128
3554294,3,-128
3554294,4,-128
3554294,5,-128
3554294,6,-94
3554294,7,-128
3574315,0,-128
3574315,1,-94
3574315,2,-128
3574315,3,-128
3574315,4,-128
3574315,5,-128
3574315,6,-93
3574315,7,-128
3594336,0,-128
3594336,1,-94
3594336,2,-128
3594336,3,-128
3594336,4,-128
3594336,5,-128
3594336,6,-93
3594336,7,-128
232
3614391,0,-128
3614391,1,-94
3614391,2,-128
3614391,3,-128
3614391,4,-128
3614391,5,-128
3614391,6,-94
3614391,7,-128
3634412,0,-128
3634412,1,-94
3634412,2,-128
3634412,3,-128
3634412,4,-128
3634412,5,-128
3634412,6,-94
3634412,7,-128
3654433,0,-128
3654433,1,-94
3654433,2,-128
3654433,3,-128
3654433,4,-128
3654433,5,-128
3654433,6,-94
3654433,7,-128
3674454,0,-128
3674454,1,-93
3674454,2,-128
3674454,3,-128
3674454,4,-128
3674454,5,-128
3674454,6,-94
3674454,7,-128
3694475,0,-128
3694475,1,-91
3694475,2,-128
3694475,3,-128
3694475,4,-128
3694475,5,-128
3694475,6,-93
3694475,7,-128
3714496,0,-128
3714496,1,-128
3714496,2,-128
3714496,3,-128
3714496,4,-128
3714496,5,-128
3714496,6,-91
3714496,7,-128
3734517,0,-128
3734517,1,-80
3734517,2,-128
3734517,3,-128
3734517,4,-128
3734517,5,-128
3734517,6,-92
3734517,7,-128
3754538,0,-128
3754538,1,-94
3754538,2,-128
3754538,3,-128
3754538,4,-128
3754538,5,-128
3754538,6,-88
3754538,7,-128
3774559,0,-128
3774559,1,-94
3774559,2,-128
3774559,3,-128
3774559,4,-128
3774559,5,-128
3774559,6,-94
3774559,7,-128
3794580,0,-128
3794580,1,-83
3794580,2,-128
3794580,3,-128
3794580,4,-128
3794580,5,-128
3794580,6,-128
3794580,7,-128
231
3814635,0,-128
3814635,1,-93
3814635,2,-128
3814635,3,-128
3814635,4,-128
3814635,5,-128
3814635,6,-128
3814635,7,-128
3834656,0,-128
3834656,1,-94
3834656,2,-128
3834656,3,-128
3834656,4,-128
3834656,5,-128
3834656,6,-128
3834656,7,-128
3854677,0,-128
3854677,1,-94
3854677,2,-128
3854677,3,-128
3854677,4,-128
3854677,5,-128
3854677,6,-128
3854677,7,-128
3874698,0,-128
3874698,1,-86
3874698,2,-128
3874698,3,-128
3874698,4,-128
3874698,5,-128
3874698,6,-128
3874698,7,-128
3894719,0,-128
3894719,1,-86
3894719,2,-128
3894719,3,-128
3894719,4,-128
3894719,5,-128
3894719,6,-128
3894719,7,-128
3914740,0,-128
3914740,1,-94
3914740,2,-128
3914740,3,-128
3914740,4,-128
3914740,5,-128
3914740,6,-128
3914740,7,-128
3934761,0,-128
3934761,1,-90
3934761,2,-128
3934761,3,-128
3934761,4,-128
3934761,5,-128
3934761,6,-128
3934761,7,-128
3954782,0,-128
3954782,1,-93
3954782,2,-128
3954782,3,-128
3954782,4,-128
3954782,5,-128
3954782,6,-128
3954782,7,-128
3974803,0,-128
3974803,1,-86
3974803,2,-128
3974803,3,-128
3974803,4,-128
3974803,5,-128
3974803,6,-128
3974803,7,-128
3994824,0,-128
3994824,1,-79
3994824,2,-128
3994824,3,-128
3994824,4,-128
3994824,5,-128
3994824,6,-128
3994824,7,-128
230
4014879,0,-128
4014879,1,-93
4014879,2,-128
4014879,3,-128
4014879,4,-128
4014879,5,-128
4014879,6,-94
4014879,7,-128
4034900,0,-128
4034900,1,-86
4034900,2,-128
4034900,3,-128
4034900,4,-128
4034900,5,-128
4034900,6,-128
4034900,7,-128
4054921,0,-128
4054921,1,-93
4054921,2,-128
4054921,3,-128
4054921,4,-128
4054921,5,-128
4054921,6,-128
4054921,7,-128
4074942,0,-128
4074942,1,-93
4074942,2,-128
4074942,3,-128
4074942,4,-128
4074942,5,-128
4074942,6,-128
4074942,7,-128
4094963,0,-128
4094963,1,-128
4094963,2,-128
4094963,3,-128
4094963,4,-128
4094963,5,-128
4094963,6,-128
4094963,7,-128
4114984,0,-128
4114984,1,-94
4114984,2,-128
4114984,3,-128
4114984,4,-128
4114984,5,-128
4114984,6,-128
4114984,7,-128
4135005,0,-128
4135005,1,-92
4135005,2,-128
4135005,3,-128
4135005,4,-128
4135005,5,-128
4135005,6,-128
4135005,7,-128
4155026,0,-128
4155026,1,-94
4155026,2,-128
4155026,3,-128
4155026,4,-128
4155026,5,-128
4155026,6,-128
4155026,7,-128
4175047,0,-128
4175047,1,-82
4175047,2,-128
4175047,3,-128
4175047,4,-128
4175047,5,-128
4175047,6,-128
4175047,7,-128
4195068,0,-128
4195068,1,-88
4195068,2,-128
4195068,3,-94
4195068,4,-128
4195068,5,-128
4195068,6,-128
4195068,7,-128
229
4215123,0,-128
4215123,1,-128
4215123,2,-128
4215123,3,-94
4215123,4,-128
4215123,5,-128
4215123,6,-128
4215123,7,-93
4235144,0,-128
4235144,1,-128
4235144,2,-128
4235144,3,-94
4235144,4,-128
4235144,5,-128
4235144,6,-128
4235144,7,-128
4255165,0,-128
4255165,1,-128
4255165,2,-128
4255165,3,-94
4255165,4,-128
4255165,5,-128
4255165,6,-128
4255165,7,-93
4275186,0,-128
4275186,1,-128
4275186,2,-128
4275186,3,-94
4275186,4,-128
4275186,5,-128
4275186,6,-128
4275186,7,-128
4295207,0,-128
4295207,1,-128
4295207,2,-128
4295207,3,-128
4295207,4,-128
4295207,5,-128
4295207,6,-128
4295207,7,-128
4315228,0,-128
4315228,1,-128
4315228,2,-128
4315228,3,-128
4315228,4,-128
4315228,5,-128
4315228,6,-128
4315228,7,-128
4335249,0,-128
4335249,1,-128
4335249,2,-128
4335249,3,-94
4335249,4,-128
4335249,5,-128
4335249,6,-128
4335249,7,-128
4355270,0,-128
4355270,1,-94
4355270,2,-128
4355270,3,-94
4355270,4,-128
4355270,5,-128
4355270,6,-128
4355270,7,-128
4375291,0,-128
4375291,1,-128
4375291,2,-128
4375291,3,-94
4375291,4,-128
4375291,5,-128
4375291,6,-128
4375291,7,-128
4395312,0,-128
4395312,1,-128
4395312,2,-128
4395312,3,-128
4395312,4,-128
4395312,5,-128
4395312,6,-128
4395312,7,-128
228
4415367,0,-128
4415367,1,-128
4415367,2,-128
4415367,3,-94
4415367,4,-128
4415367,5,-128
4415367,6,-128
4415367,7,-128
4435388,0,-128
4435388,1,-128
4435388,2,-128
4435388,3,-128
4435388,4,-128
4435388,5,-128
4435388,6,-128
4435388,7,-128
4455409,0,-128
4455409,1,-94
4455409,2,-128
4455409,3,-94
4455409,4,-128
4455409,5,-128
4455409,6,-128
4455409,7,-128
4475430,0,-128
4475430,1,-128
4475430,2,-128
4475430,3,-128
4475430,4,-94
4475430,5,-128
4475430,6,-128
4475430,7,-128
4495451,0,-128
4495451,1,-128
4495451,2,-128
4495451,3,-128
4495451,4,-93
4495451,5,-128
4495451,6,-128
4495451,7,-128
4515472,0,-128
4515472,1,-128
4515472,2,-128
4515472,3,-128
4515472,4,-94
4515472,5,-128
4515472,6,-128
4515472,7,-128
4535493,0,-128
4535493,1,-128
4535493,2,-128
4535493,3,-128
4535493,4,-94
4535493,5,-94
4535493,6,-128
4535493,7,-128
4555514,0,-128
4555514,1,-128
4555514,2,-128
4555514,3,-128
4555514,4,-94
4555514,5,-128
4555514,6,-128
4555514,7,-128
4575535,0,-128
4575535,1,-128
4575535,2,-128
4575535,3,-128
4575535,4,-94
4575535,5,-128
4575535,6,-128
4575535,7,-128
4595556,0,-128
4595556,1,-128
4595556,2,-128
4595556,3,-128
4595556,4,-94
4595556,5,-128
4595556,6,-128
4595556,7,-128
227
4615611,0,-128
4615611,1,-128
4615611,2,-128
4615611,3,-128
4615611,4,-94
4615611,5,-94
4615611,6,-128
4615611,7,-128
4635632,0,-128
4635632,1,-94
4635632,2,-128
4635632,3,-128
4635632,4,-94
4635632,5,-94
4635632,6,-128
4635632,7,-128
4655653,0,-128
4655653,1,-94
4655653,2,-128
4655653,3,-94
4655653,4,-94
4655653,5,-94
4655653,6,-128
4655653,7,-128
4675674,0,-128
4675674,1,-128
4675674,2,-128
4675674,3,-91
4675674,4,-94
4675674,5,-89
4675674,6,-128
4675674,7,-128
4695695,0,-128
4695695,1,-94
4695695,2,-128
4695695,3,-90
4695695,4,-94
4695695,5,-93
4695695,6,-128
4695695,7,-128
4715716,0,-128
4715716,1,-94
4715716,2,-128
4715716,3,-94
4715716,4,-94
4715716,5,-83
4715716,6,-128
4715716,7,-128
4735737,0,-128
4735737,1,-128
4735737,2,-128
4735737,3,-128
4735737,4,-94
4735737,5,-128
4735737,6,-128
4735737,7,-128
4755758,0,-128
4755758,1,-94
4755758,2,-128
4755758,3,-128
4755758,4,-94
4755758,5,-128
4755758,6,-128
4755758,7,-128
4775779,0,-128
4775779,1,-128
4775779,2,-128
4775779,3,-128
4775779,4,-94
4775779,5,-94
4775779,6,-128
4775779,7,-128
4795800,0,-128
4795800,1,-128
4795800,2,-128
4795800,3,-128
4795800,4,-94
4795800,5,-128
4795800,6,-128
4795800,7,-128
226
4815855,0,-128
4815855,1,-128
4815855,2,-128
4815855,3,-128
4815855,4,-94
4815855,5,-93
4815855,6,-128
4815855,7,-128
4835876,0,-128
4835876,1,-128
4835876,2,-128
4835876,3,-128
4835876,4,-94
4835876,5,-128
4835876,6,-128
4835876,7,-128
4855897,0,-128
4855897,1,-128
4855897,2,-128
4855897,3,-128
4855897,4,-94
4855897,5,-128
4855897,6,-128
4855897,7,-128
4875918,0,-128
4875918,1,-128
4875918,2,-91
4875918,3,-128
4875918,4,-94
4875918,5,-128
4875918,6,-128
4875918,7,-93
4895939,0,-128
4895939,1,-128
4895939,2,-128
4895939,3,-128
4895939,4,-94
4895939,5,-128
4895939,6,-128
4895939,7,-128
4915960,0,-128
4915960,1,-128
4915960,2,-128
4915960,3,-128
4915960,4,-94
4915960,5,-128
4915960,6,-128
4915960,7,-128
4935981,0,-128
4935981,1,-128
4935981,2,-128
4935981,3,-128
4935981,4,-94
4935981,5,-128
4935981,6,-128
4935981,7,-128
4956002,0,-128
4956002,1,-128
4956002,2,-128
4956002,3,-128
4956002,4,-94
4956002,5,-128
4956002,6,-128
4956002,7,-94
4976023,0,-128
4976023,1,-128
4976023,2,-128
4976023,3,-128
4976023,4,-94
4976023,5,-93
4976023,6,-94
4976023,7,-85
4996044,0,-128
4996044,1,-128
4996044,2,-128
4996044,3,-128
4996044,4,-94
4996044,5,-128
4996044,6,-128
4996044,7,-128
225
5016099,0,-128
5016099,1,-128
5016099,2,-128
5016099,3,-128
5016099,4,-94
5016099,5,-94
5016099,6,-82
5016099,7,-128
5036120,0,-128
5036120,1,-128
5036120,2,-128
5036120,3,-128
5036120,4,-94
5036120,5,-94
5036120,6,-128
5036120,7,-128
5056141,0,-128
5056141,1,-128
5056141,2,-128
5056141,3,-128
5056141,4,-94
5056141,5,-94
5056141,6,-128
5056141,7,-128
5076162,0,-128
5076162,1,-128
5076162,2,-128
5076162,3,-128
5076162,4,-94
5076162,5,-94
5076162,6,-128
5076162,7,-128
5096183,0,-128
5096183,1,-128
5096183,2,-128
5096183,3,-128
5096183,4,-93
5096183,5,-94
5096183,6,-128
5096183,7,-128
5116204,0,-128
5116204,1,-128
5116204,2,-128
5116204,3,-128
5116204,4,-94
5116204,5,-94
5116204,6,-128
5116204,7,-128
5136225,0,-128
5136225,1,-128
5136225,2,-128
5136225,3,-128
5136225,4,-92
5136225,5,-94
5136225,6,-128
5136225,7,-128
5156246,0,-128
5156246,1,-128
5156246,2,-128
5156246,3,-128
5156246,4,-92
5156246,5,-94
5156246,6,-128
5156246,7,-128
5176267,0,-128
5176267,1,-128
5176267,2,-128
5176267,3,-128
5176267,4,-93
5176267,5,-94
5176267,6,-128
5176267,7,-128
5196288,0,-128
5196288,1,-128
5196288,2,-128
5196288,3,-128
5196288,4,-89
5196288,5,-94
5196288,6,-128
5196288,7,-128
224
5216343,0,-128
5216343,1,-128
5216343,2,-128
5216343,3,-128
5216343,4,-94
5216343,5,-94
5216343,6,-128
5216343,7,-128
5236364,0,-128
5236364,1,-128
5236364,2,-128
5236364,3,-128
5236364,4,-94
5236364,5,-94
5236364,6,-128
5236364,7,-128
5256385,0,-128
5256385,1,-128
5256385,2,-128
5256385,3,-128
5256385,4,-94
5256385,5,-94
5256385,6,-92
5256385,7,-128
5276406,0,-128
5276406,1,-128
5276406,2,-128
5276406,3,-128
5276406,4,-94
5276406,5,-94
5276406,6,-93
5276406,7,-128
5296427,0,-128
5296427,1,-128
5296427,2,-128
5296427,3,-128
5296427,4,-94
5296427,5,-93
5296427,6,-92
5296427,7,-128
5316449,0,-128
5316449,1,-128
5316449,2,-128
5316449,3,-128
5316449,4,-94
5316449,5,-93
5316449,6,-94
5316449,7,-128
5336470,0,-128
5336470,1,-128
5336470,2,-128
5336470,3,-128
5336470,4,-94
5336470,5,-94
5336470,6,-94
5336470,7,-128
5356491,0,-128
5356491,1,-128
5356491,2,-128
5356491,3,-128
5356491,4,-94
5356491,5,-128
5356491,6,-92
5356491,7,-128
5376512,0,-128
5376512,1,-128
5376512,2,-128
5376512,3,-128
5376512,4,-94
5376512,5,-128
5376512,6,-91
5376512,7,-128
5396533,0,-128
5396533,1,-128
5396533,2,-128
5396533,3,-128
5396533,4,-93
5396533,5,-94
5396533,6,-93
5396533,7,-128
223
5416588,0,-128
5416588,1,-128
5416588,2,-128
5416588,3,-128
5416588,4,-94
5416588,5,-128
5416588,6,-94
5416588,7,-128
5436609,0,-128
5436609,1,-128
5436609,2,-128
5436609,3,-128
5436609,4,-128
5436609,5,-128
5436609,6,-93
5436609,7,-128
5456630,0,-128
5456630,1,-128
5456630,2,-128
5456630,3,-128
5456630,4,-128
5456630,5,-128
5456630,6,-94
5456630,7,-128
5476651,0,-128
5476651,1,-128
5476651,2,-128
5476651,3,-128
5476651,4,-128
5476651,5,-128
5476651,6,-93
5476651,7,-128
5496672,0,-128
5496672,1,-128
5496672,2,-128
5496672,3,-128
5496672,4,-128
5496672,5,-128
5496672,6,-94
5496672,7,-128
5516693,0,-128
5516693,1,-128
5516693,2,-128
5516693,3,-128
5516693,4,-128
5516693,5,-128
5516693,6,-94
5516693,7,-128
5536714,0,-128
5536714,1,-128
5536714,2,-128
5536714,3,-128
5536714,4,-128
5536714,5,-128
5536714,6,-94
5536714,7,-128
5556735,0,-128
5556735,1,-128
5556735,2,-128
5556735,3,-128
5556735,4,-128
5556735,5,-128
5556735,6,-92
5556735,7,-128
5576756,0,-128
5576756,1,-128
5576756,2,-128
5576756,3,-128
5576756,4,-128
5576756,5,-128
5576756,6,-93
5576756,7,-93
5596777,0,-128
5596777,1,-128
5596777,2,-128
5596777,3,-128
5596777,4,-128
5596777,5,-128
5596777,6,-94
5596777,7,-94
222
5616832,0,-128
5616832,1,-128
5616832,2,-128
5616832,3,-128
5616832,4,-128
5616832,5,-128
5616832,6,-94
5616832,7,-128
5636853,0,-128
5636853,1,-128
5636853,2,-128
5636853,3,-128
5636853,4,-128
5636853,5,-128
5636853,6,-94
5636853,7,-128
5656874,0,-128
5656874,1,-128
5656874,2,-128
5656874,3,-128
5656874,4,-128
5656874,5,-128
5656874,6,-94
5656874,7,-94
5676895,0,-128
5676895,1,-128
5676895,2,-128
5676895,3,-128
5676895,4,-89
5676895,5,-128
5676895,6,-94
5676895,7,-93
5696916,0,-128
5696916,1,-128
5696916,2,-128
5696916,3,-128
5696916,4,-94
5696916,5,-128
5696916,6,-93
5696916,7,-93
5716937,0,-128
5716937,1,-128
5716937,2,-128
5716937,3,-128
5716937,4,-94
5716937,5,-128
5716937,6,-94
5716937,7,-128
5736958,0,-128
5736958,1,-128
5736958,2,-128
5736958,3,-128
5736958,4,-93
5736958,5,-128
5736958,6,-94
5736958,7,-128
5756979,0,-128
5756979,1,-128
5756979,2,-128
5756979,3,-128
5756979,4,-92
5756979,5,-128
5756979,6,-94
5756979,7,-128
5777000,0,-128
5777000,1,-128
5777000,2,-128
5777000,3,-128
5777000,4,-93
5777000,5,-128
5777000,6,-93
5777000,7,-128
5797021,0,-128
5797021,1,-128
5797021,2,-128
5797021,3,-128
5797021,4,-94
5797021,5,-128
5797021,6,-128
5797021,7,-128
221
5817076,0,-128
5817076,1,-128
5817076,2,-128
5817076,3,-128
5817076,4,-94
5817076,5,-128
5817076,6,-128
5817076,7,-128
5837097,0,-128
5837097,1,-128
5837097,2,-128
5837097,3,-128
5837097,4,-93
5837097,5,-128
5837097,6,-128
5837097,7,-128
5857118,0,-128
5857118,1,-128
5857118,2,-128
5857118,3,-128
5857118,4,-128
5857118,5,-128
5857118,6,-128
5857118,7,-128
5877139,0,-128
5877139,1,-128
5877139,2,-128
5877139,3,-128
5877139,4,-128
5877139,5,-128
5877139,6,-128
5877139,7,-128
5897160,0,-128
5897160,1,-128
5897160,2,-128
5897160,3,-128
5897160,4,-128
5897160,5,-128
5897160,6,-128
5897160,7,-128
5917181,0,-128
5917181,1,-128
5917181,2,-128
5917181,3,-128
5917181,4,-128
5917181,5,-128
5917181,6,-128
5917181,7,-128
5937202,0,-128
5937202,1,-128
5937202,2,-128
5937202,3,-128
5937202,4,-128
5937202,5,-128
5937202,6,-128
5937202,7,-128
5957223,0,-128
5957223,1,-128
5957223,2,-128
5957223,3,-128
5957223,4,-128
5957223,5,-128
5957223,6,-128
5957223,7,-128
5977244,0,-128
5977244,1,-128
5977244,2,-128
5977244,3,-128
5977244,4,-128
5977244,5,-128
5977244,6,-128
5977244,7,-128
5997265,0,-128
5997265,1,-128
5997265,2,-128
5997265,3,-128
5997265,4,-128
5997265,5,-128
5997265,6,-128
5997265,7,-128
220
6017320,0,-128
6017320,1,-128
6017320,2,-128
6017320,3,-128
6017320,4,-128
6017320,5,-128
6017320,6,-128
6017320,7,-128
6037341,0,-128
6037341,1,-128
6037341,2,-128
6037341,3,-128
6037341,4,-128
6037341,5,-128
6037341,6,-128
6037341,7,-128
6057362,0,-128
6057362,1,-128
6057362,2,-128
6057362,3,-128
6057362,4,-128
6057362,5,-128
6057362,6,-128
6057362,7,-128
6077383,0,-128
6077383,1,-128
6077383,2,-128
6077383,3,-128
6077383,4,-128
6077383,5,-128
6077383,6,-128
6077383,7,-128
6097404,0,-128
6097404,1,-128
6097404,2,-128
6097404,3,-128
6097404,4,-128
6097404,5,-128
6097404,6,-128
6097404,7,-128
6117425,0,-128
6117425,1,-128
6117425,2,-128
6117425,3,-128
6117425,4,-128
6117425,5,-128
6117425,6,-128
6117425,7,-128
6137446,0,-128
6137446,1,-128
6137446,2,-128
6137446,3,-128
6137446,4,-128
6137446,5,-128
6137446,6,-128
6137446,7,-128
6157467,0,-128
6157467,1,-128
6157467,2,-128
6157467,3,-128
6157467,4,-128
6157467,5,-128
6157467,6,-128
6157467,7,-128
6177488,0,-128
6177488,1,-128
6177488,2,-128
6177488,3,-128
6177488,4,-128
6177488,5,-128
6177488,6,-128
6177488,7,-128
6197509,0,-128
6197509,1,-128
6197509,2,-128
6197509,3,-128
6197509,4,-128
6197509,5,-128
6197509,6,-128
6197509,7,-128
219
6217564,0,-128
6217564,1,-128
6217564,2,-128
6217564,3,-128
6217564,4,-128
6217564,5,-128
6217564,6,-128
6217564,7,-128
6237585,0,-128
6237585,1,-128
6237585,2,-128
6237585,3,-128
6237585,4,-128
6237585,5,-128
6237585,6,-128
6237585,7,-128
6257606,0,-128
6257606,1,-128
6257606,2,-128
6257606,3,-128
6257606,4,-128
6257606,5,-128
6257606,6,-128
6257606,7,-128
6277627,0,-128
6277627,1,-128
6277627,2,-128
6277627,3,-128
6277627,4,-128
6277627,5,-128
6277627,6,-128
6277627,7,-128
6297648,0,-128
6297648,1,-128
6297648,2,-128
6297648,3,-128
6297648,4,-128
6297648,5,-128
6297648,6,-128
6297648,7,-128
6317669,0,-128
6317669,1,-128
6317669,2,-128
6317669,3,-128
6317669,4,-128
6317669,5,-128
6317669,6,-128
6317669,7,-128
6337690,0,-128
6337690,1,-128
6337690,2,-128
6337690,3,-128
6337690,4,-128
6337690,5,-128
6337690,6,-128
6337690,7,-128
6357711,0,-128
6357711,1,-128
6357711,2,-128
6357711,3,-128
6357711,4,-128
6357711,5,-128
6357711,6,-128
6357711,7,-128
6377732,0,-128
6377732,1,-128
6377732,2,-128
6377732,3,-128
6377732,4,-128
6377732,5,-128
6377732,6,-128
6377732,7,-128
6397753,0,-128
6397753,1,-128
6397753,2,-128
6397753,3,-128
6397753,4,-128
6397753,5,-128
6397753,6,-128
6397753,7,-128
218
6417808,0,-128
6417808,1,-128
6417808,2,-128
6417808,3,-128
6417808,4,-128
6417808,5,-128
6417808,6,-128
6417808,7,-128
6437829,0,-128
6437829,1,-128
6437829,2,-128
6437829,3,-128
6437829,4,-128
6437829,5,-128
6437829,6,-128
6437829,7,-128
6457850,0,-128
6457850,1,-128
6457850,2,-128
6457850,3,-128
6457850,4,-128
6457850,5,-128
6457850,6,-128
6457850,7,-128
6477871,0,-128
6477871,1,-128
6477871,2,-128
6477871,3,-128
6477871,4,-128
6477871,5,-128
6477871,6,-128
6477871,7,-128
6497892,0,-128
6497892,1,-128
6497892,2,-128
6497892,3,-128
6497892,4,-128
6497892,5,-128
6497892,6,-128
6497892,7,-128
6517913,0,-128
6517913,1,-128
6517913,2,-128
6517913,3,-128
6517913,4,-128
6517913,5,-128
6517913,6,-128
6517913,7,-128
6537934,0,-128
6537934,1,-128
6537934,2,-128
6537934,3,-128
6537934,4,-128
6537934,5,-128
6537934,6,-128
6537934,7,-128
6557955,0,-128
6557955,1,-128
6557955,2,-128
6557955,3,-128
6557955,4,-128
6557955,5,-128
6557955,6,-128
6557955,7,-128
6577976,0,-128
6577976,1,-128
6577976,2,-128
6577976,3,-128
6577976,4,-128
6577976,5,-128
6577976,6,-128
6577976,7,-128
6597997,0,-128
6597997,1,-128
6597997,2,-128
6597997,3,-128
6597997,4,-128
6597997,5,-128
6597997,6,-128
6597997,7,-128
217
6618052,0,-128
6618052,1,-128
6618052,2,-128
6618052,3,-128
6618052,4,-128
6618052,5,-128
6618052,6,-128
6618052,7,-128
6638073,0,-128
6638073,1,-128
6638073,2,-128
6638073,3,-128
6638073,4,-128
6638073,5,-128
6638073,6,-128
6638073,7,-128
6658094,0,-128
6658094,1,-128
6658094,2,-128
6658094,3,-128
6658094,4,-128
6658094,5,-128
6658094,6,-128
6658094,7,-128
6678115,0,-128
6678115,1,-128
6678115,2,-128
6678115,3,-128
6678115,4,-128
6678115,5,-128
6678115,6,-128
6678115,7,-128
6698136,0,-128
6698136,1,-128
6698136,2,-128
6698136,3,-128
6698136,4,-128
6698136,5,-128
6698136,6,-128
6698136,7,-128
6718157,0,-128
6718157,1,-128
6718157,2,-128
6718157,3,-128
6718157,4,-128
6718157,5,-128
6718157,6,-128
6718157,7,-128
6738178,0,-128
6738178,1,-128
6738178,2,-128
6738178,3,-128
6738178,4,-128
6738178,5,-128
6738178,6,-128
6738178,7,-128
6758199,0,-128
6758199,1,-128
6758199,2,-128
6758199,3,-128
6758199,4,-128
6758199,5,-128
6758199,6,-128
6758199,7,-128
6778220,0,-128
6778220,1,-128
6778220,2,-128
6778220,3,-128
6778220,4,-128
6778220,5,-128
6778220,6,-128
6778220,7,-128
6798241,0,-128
6798241,1,-128
6798241,2,-128
6798241,3,-128
6798241,4,-128
6798241,5,-128
6798241,6,-128
6798241,7,-128
216
6818296,0,-128
6818296,1,-128
6818296,2,-128
6818296,3,-128
6818296,4,-128
6818296,5,-128
6818296,6,-128
6818296,7,-128
6838317,0,-128
6838317,1,-128
6838317,2,-128
6838317,3,-128
6838317,4,-128
6838317,5,-128
6838317,6,-128
6838317,7,-128
6858338,0,-128
6858338,1,-128
6858338,2,-128
6858338,3,-128
6858338,4,-128
6858338,5,-128
6858338,6,-128
6858338,7,-128
6878359,0,-128
6878359,1,-128
6878359,2,-128
6878359,3,-128
6878359,4,-128
6878359,5,-128
6878359,6,-128
6878359,7,-128
6898380,0,-128
6898380,1,-128
6898380,2,-128
6898380,3,-128
6898380,4,-128
6898380,5,-128
6898380,6,-128
6898380,7,-128
6918401,0,-128
6918401,1,-128
6918401,2,-128
6918401,3,-128
6918401,4,-128
6918401,5,-128
6918401,6,-128
6918401,7,-128
6938422,0,-128
6938422,1,-128
6938422,2,-128
6938422,3,-128
6938422,4,-128
6938422,5,-128
6938422,6,-128
6938422,7,-128
6958443,0,-128
6958443,1,-128
6958443,2,-128
6958443,3,-128
6958443,4,-128
6958443,5,-128
6958443,6,-128
6958443,7,-128
6978464,0,-128
6978464,1,-128
6978464,2,-128
6978464,3,-128
6978464,4,-128
6978464,5,-128
6978464,6,-128
6978464,7,-128
6998486,0,-128
6998486,1,-128
6998486,2,-128
6998486,3,-128
6998486,4,-128
6998486,5,-128
6998486,6,-128
6998486,7,-128
215
7018540,0,-128
7018540,1,-128
7018540,2,-128
7018540,3,-128
7018540,4,-128
7018540,5,-128
7018540,6,-128
7018540,7,-128
7038561,0,-128
7038561,1,-128
7038561,2,-128
7038561,3,-128
7038561,4,-128
7038561,5,-128
7038561,6,-128
7038561,7,-128
7058582,0,-128
7058582,1,-128
7058582,2,-128
7058582,3,-128
7058582,4,-128
7058582,5,-128
7058582,6,-128
7058582,7,-128
7078603,0,-128
7078603,1,-128
7078603,2,-128
7078603,3,-128
7078603,4,-128
7078603,5,-128
7078603,6,-128
7078603,7,-128
7098624,0,-128
7098624,1,-128
7098624,2,-128
7098624,3,-128
7098624,4,-128
7098624,5,-128
7098624,6,-128
7098624,7,-128
7118645,0,-128
7118645,1,-128
7118645,2,-128
7118645,3,-128
7118645,4,-128
7118645,5,-128
7118645,6,-128
7118645,7,-128
7138666,0,-128
7138666,1,-128
7138666,2,-128
7138666,3,-128
7138666,4,-128
7138666,5,-128
7138666,6,-128
7138666,7,-128
7158687,0,-128
7158687,1,-128
7158687,2,-128
7158687,3,-128
7158687,4,-128
7158687,5,-128
7158687,6,-128
7158687,7,-128
7178708,0,-128
7178708,1,-128
7178708,2,-128
7178708,3,-128
7178708,4,-128
7178708,5,-128
7178708,6,-128
7178708,7,-128
7198729,0,-128
7198729,1,-128
7198729,2,-128
7198729,3,-128
7198729,4,-128
7198729,5,-128
7198729,6,-128
7198729,7,-128
214
7218784,0,-128
7218784,1,-128
7218784,2,-128
7218784,3,-128
7218784,4,-128
7218784,5,-128
7218784,6,-128
7218784,7,-128
7238805,0,-128
7238805,1,-128
7238805,2,-128
7238805,3,-128
7238805,4,-128
7238805,5,-128
7238805,6,-128
7238805,7,-128
7258826,0,-128
7258826,1,-128
7258826,2,-128
7258826,3,-128
7258826,4,-128
7258826,5,-128
7258826,6,-128
7258826,7,-128
7278847,0,-128
7278847,1,-128
7278847,2,-128
7278847,3,-128
7278847,4,-128
7278847,5,-128
7278847,6,-128
7278847,7,-128
7298868,0,-128
7298868,1,-128
7298868,2,-128
7298868,3,-128
7298868,4,-128
7298868,5,-128
7298868,6,-128
7298868,7,-128
7318889,0,-128
7318889,1,-128
7318889,2,-128
7318889,3,-128
7318889,4,-128
7318889,5,-128
7318889,6,-128
7318889,7,-128
7338910,0,-128
7338910,1,-128
7338910,2,-128
7338910,3,-128
7338910,4,-128
7338910,5,-128
7338910,6,-128
7338910,7,-128
7358931,0,-128
7358931,1,-128
7358931,2,-128
7358931,3,-128
7358931,4,-128
7358931,5,-128
7358931,6,-128
7358931,7,-128
7378952,0,-128
7378952,1,-128
7378952,2,-128
7378952,3,-128
7378952,4,-128
7378952,5,-128
7378952,6,-128
7378952,7,-128
7398973,0,-128
7398973,1,-128
7398973,2,-128
7398973,3,-128
7398973,4,-128
7398973,5,-128
7398973,6,-128
7398973,7,-128
213
7419028,0,-128
7419028,1,-128
7419028,2,-128
7419028,3,-128
7419028,4,-128
7419028,5,-128
7419028,6,-128
7419028,7,-128
7439049,0,-128
7439049,1,-128
7439049,2,-128
7439049,3,-128
7439049,4,-128
7439049,5,-128
7439049,6,-128
7439049,7,-128
7459070,0,-128
7459070,1,-128
7459070,2,-128
7459070,3,-128
7459070,4,-128
7459070,5,-128
7459070,6,-128
7459070,7,-128
7479091,0,-128
7479091,1,-128
7479091,2,-128
7479091,3,-128
7479091,4,-128
7479091,5,-128
7479091,6,-128
7479091,7,-128
7499112,0,-128
7499112,1,-128
7499112,2,-128
7499112,3,-128
7499112,4,-128
7499112,5,-128
7499112,6,-128
7499112,7,-128
7519133,0,-128
7519133,1,-128
7519133,2,-128
7519133,3,-128
7519133,4,-128
7519133,5,-128
7519133,6,-128
7519133,7,-128
7539154,0,-128
7539154,1,-128
7539154,2,-128
7539154,3,-128
7539154,4,-128
7539154,5,-128
7539154,6,-128
7539154,7,-128
7559175,0,-128
7559175,1,-128
7559175,2,-128
7559175,3,-128
7559175,4,-128
7559175,5,-128
7559175,6,-128
7559175,7,-128
7579196,0,-128
7579196,1,-128
7579196,2,-128
7579196,3,-128
7579196,4,-128
7579196,5,-128
7579196,6,-128
7579196,7,-128
7599217,0,-128
7599217,1,-128
7599217,2,-128
7599217,3,-128
7599217,4,-128
7599217,5,-128
7599217,6,-128
7599217,7,-128
212
7619272,0,-128
7619272,1,-128
7619272,2,-128
7619272,3,-128
7619272,4,-128
7619272,5,-128
7619272,6,-128
7619272,7,-128
7639293,0,-128
7639293,1,-128
7639293,2,-128
7639293,3,-128
7639293,4,-128
7639293,5,-128
7639293,6,-128
7639293,7,-128
7659314,0,-128
7659314,1,-128
7659314,2,-128
7659314,3,-128
7659314,4,-128
7659314,5,-128
7659314,6,-128
7659314,7,-128
7679335,0,-128
7679335,1,-128
7679335,2,-128
7679335,3,-128
7679335,4,-128
7679335,5,-128
7679335,6,-128
7679335,7,-128
7699356,0,-128
7699356,1,-128
7699356,2,-128
7699356,3,-128
7699356,4,-128
7699356,5,-128
7699356,6,-128
7699356,7,-128
7719377,0,-128
7719377,1,-128
7719377,2,-128
7719377,3,-128
7719377,4,-128
7719377,5,-128
7719377,6,-128
7719377,7,-128
7739398,0,-128
7739398,1,-128
7739398,2,-128
7739398,3,-128
7739398,4,-128
7739398,5,-128
7739398,6,-128
7739398,7,-128
7759419,0,-128
7759419,1,-128
7759419,2,-128
7759419,3,-128
7759419,4,-128
7759419,5,-128
7759419,6,-128
7759419,7,-128
7779440,0,-128
7779440,1,-128
7779440,2,-128
7779440,3,-128
7779440,4,-128
7779440,5,-128
7779440,6,-128
7779440,7,-128
7799461,0,-128
7799461,1,-128
7799461,2,-128
7799461,3,-128
7799461,4,-128
7799461,5,-128
7799461,6,-128
7799461,7,-128
211
7819516,0,-128
7819516,1,-128
7819516,2,-128
7819516,3,-128
7819516,4,-128
7819516,5,-128
7819516,6,-128
7819516,7,-128
7839537,0,-128
7839537,1,-128
7839537,2,-128
7839537,3,-128
7839537,4,-128
7839537,5,-128
7839537,6,-128
7839537,7,-128
7859558,0,-128
7859558,1,-128
7859558,2,-128
7859558,3,-128
7859558,4,-128
7859558,5,-128
7859558,6,-128
7859558,7,-128
7879579,0,-128
7879579,1,-128
7879579,2,-128
7879579,3,-128
7879579,4,-128
7879579,5,-128
7879579,6,-128
7879579,7,-128
7899600,0,-128
7899600,1,-128
7899600,2,-128
7899600,3,-128
7899600,4,-128
7899600,5,-128
7899600,6,-128
7899600,7,-128
7919621,0,-128
7919621,1,-128
7919621,2,-128
7919621,3,-128
7919621,4,-128
7919621,5,-128
7919621,6,-128
7919621,7,-128
7939642,0,-128
7939642,1,-128
7939642,2,-128
7939642,3,-128
7939642,4,-128
7939642,5,-128
7939642,6,-128
7939642,7,-128
7959663,0,-128
7959663,1,-128
7959663,2,-128
7959663,3,-128
7959663,4,-128
7959663,5,-128
7959663,6,-128
7959663,7,-128
7979684,0,-128
7979684,1,-128
7979684,2,-128
7979684,3,-128
7979684,4,-128
7979684,5,-128
7979684,6,-128
7979684,7,-128
7999705,0,-128
7999705,1,-128
7999705,2,-128
7999705,3,-128
7999705,4,-128
7999705,5,-128
7999705,6,-128
7999705,7,-128
210
8019760,0,-128
8019760,1,-128
8019760,2,-128
8019760,3,-128
8019760,4,-128
8019760,5,-128
8019760,6,-128
8019760,7,-128
8039781,0,-128
8039781,1,-128
8039781,2,-128
8039781,3,-128
8039781,4,-128
8039781,5,-128
8039781,6,-128
8039781,7,-128
8059802,0,-128
8059802,1,-128
8059802,2,-128
8059802,3,-128
8059802,4,-128
8059802,5,-128
8059802,6,-128
8059802,7,-128
8079823,0,-128
8079823,1,-128
8079823,2,-128
8079823,3,-128
8079823,4,-128
8079823,5,-128
8079823,6,-128
8079823,7,-128
8099844,0,-128
8099844,1,-128
8099844,2,-128
8099844,3,-128
8099844,4,-128
8099844,5,-128
8099844,6,-128
8099844,7,-128
8119865,0,-128
8119865,1,-128
8119865,2,-128
8119865,3,-128
8119865,4,-128
8119865,5,-128
8119865,6,-128
8119865,7,-128
8139886,0,-128
8139886,1,-128
8139886,2,-128
8139886,3,-128
8139886,4,-128
8139886,5,-128
8139886,6,-128
8139886,7,-128
8159907,0,-128
8159907,1,-128
8159907,2,-128
8159907,3,-128
8159907,4,-128
8159907,5,-128
8159907,6,-128
8159907,7,-128
8179928,0,-128
8179928,1,-128
8179928,2,-128
8179928,3,-128
8179928,4,-128
8179928,5,-128
8179928,6,-128
8179928,7,-128
8199949,0,-128
8199949,1,-128
8199949,2,-128
8199949,3,-128
8199949,4,-128
8199949,5,-128
8199949,6,-128
8199949,7,-128
209
8220004,0,-128
8220004,1,-128
8220004,2,-128
8220004,3,-128
8220004,4,-128
8220004,5,-128
8220004,6,-128
8220004,7,-128
8240025,0,-128
8240025,1,-128
8240025,2,-128
8240025,3,-128
8240025,4,-128
8240025,5,-128
8240025,6,-128
8240025,7,-128
8260046,0,-128
8260046,1,-128
8260046,2,-128
8260046,3,-128
8260046,4,-128
8260046,5,-128
8260046,6,-128
8260046,7,-128
8280067,0,-128
8280067,1,-94
8280067,2,-128
8280067,3,-128
8280067,4,-128
8280067,5,-128
8280067,6,-128
8280067,7,-128
8300088,0,-128
8300088,1,-128
8300088,2,-128
8300088,3,-128
8300088,4,-128
8300088,5,-128
8300088,6,-128
8300088,7,-128
8320109,0,-128
8320109,1,-128
8320109,2,-128
8320109,3,-128
8320109,4,-128
8320109,5,-128
8320109,6,-128
8320109,7,-128
8340130,0,-128
8340130,1,-128
8340130,2,-128
8340130,3,-128
8340130,4,-128
8340130,5,-128
8340130,6,-128
8340130,7,-128
8360151,0,-128
8360151,1,-128
8360151,2,-128
8360151,3,-128
8360151,4,-128
8360151,5,-128
8360151,6,-128
8360151,7,-128
8380172,0,-128
8380172,1,-128
8380172,2,-128
8380172,3,-128
8380172,4,-128
8380172,5,-128
8380172,6,-128
8380172,7,-128
8400193,0,-128
8400193,1,-128
8400193,2,-128
8400193,3,-128
8400193,4,-128
8400193,5,-128
8400193,6,-128
8400193,7,-128
208
8420248,0,-128
8420248,1,-128
8420248,2,-128
8420248,3,-128
8420248,4,-128
8420248,5,-128
8420248,6,-128
8420248,7,-128
8440269,0,-128
8440269,1,-92
8440269,2,-128
8440269,3,-128
8440269,4,-128
8440269,5,-94
8440269,6,-128
8440269,7,-128
8460290,0,-128
8460290,1,-128
8460290,2,-128
8460290,3,-128
8460290,4,-128
8460290,5,-128
8460290,6,-89
8460290,7,-128
8480311,0,-128
8480311,1,-94
8480311,2,-128
8480311,3,-128
8480311,4,-128
8480311,5,-128
8480311,6,-128
8480311,7,-128
8500332,0,-128
8500332,1,-128
8500332,2,-128
8500332,3,-128
8500332,4,-128
8500332,5,-128
8500332,6,-128
8500332,7,-128
8520353,0,-128
8520353,1,-128
8520353,2,-128
8520353,3,-128
8520353,4,-128
8520353,5,-128
8520353,6,-128
8520353,7,-128
8540374,0,-128
8540374,1,-94
8540374,2,-128
8540374,3,-94
8540374,4,-128
8540374,5,-128
8540374,6,-128
8540374,7,-128
8560395,0,-128
8560395,1,-94
8560395,2,-128
8560395,3,-128
8560395,4,-128
8560395,5,-128
8560395,6,-128
8560395,7,-128
8580416,0,-128
8580416,1,-128
8580416,2,-128
8580416,3,-128
8580416,4,-128
8580416,5,-128
8580416,6,-128
8580416,7,-128
8600437,0,-128
8600437,1,-128
8600437,2,-128
8600437,3,-128
8600437,4,-128
8600437,5,-128
8600437,6,-128
8600437,7,-128
207
8620492,0,-128
8620492,1,-128
8620492,2,-128
8620492,3,-128
8620492,4,-128
8620492,5,-128
8620492,6,-128
8620492,7,-128
8640513,0,-128
8640513,1,-128
8640513,2,-128
8640513,3,-128
8640513,4,-128
8640513,5,-94
8640513,6,-128
8640513,7,-128
8660534,0,-128
8660534,1,-128
8660534,2,-128
8660534,3,-128
8660534,4,-128
8660534,5,-128
8660534,6,-128
8660534,7,-128
8680555,0,-128
8680555,1,-128
8680555,2,-128
8680555,3,-128
8680555,4,-128
8680555,5,-128
8680555,6,-128
8680555,7,-128
8700576,0,-128
8700576,1,-128
8700576,2,-128
8700576,3,-128
8700576,4,-128
8700576,5,-128
8700576,6,-128
8700576,7,-128
8720597,0,-128
8720597,1,-128
8720597,2,-128
8720597,3,-128
8720597,4,-128
8720597,5,-128
8720597,6,-128
8720597,7,-128
8740618,0,-128
8740618,1,-128
8740618,2,-128
8740618,3,-128
8740618,4,-128
8740618,5,-128
8740618,6,-128
8740618,7,-128
8760639,0,-128
8760639,1,-128
8760639,2,-128
8760639,3,-128
8760639,4,-128
8760639,5,-128
8760639,6,-128
8760639,7,-128
8780660,0,-128
8780660,1,-128
8780660,2,-128
8780660,3,-128
8780660,4,-128
8780660,5,-128
8780660,6,-128
8780660,7,-128
8800681,0,-128
8800681,1,-94
8800681,2,-128
8800681,3,-128
8800681,4,-128
8800681,5,-128
8800681,6,-128
8800681,7,-128
206
8820736,0,-128
8820736,1,-94
8820736,2,-128
8820736,3,-128
8820736,4,-128
8820736,5,-128
8820736,6,-128
8820736,7,-128
8840757,0,-128
8840757,1,-89
8840757,2,-128
8840757,3,-128
8840757,4,-128
8840757,5,-89
8840757,6,-94
8840757,7,-128
8860778,0,-128
8860778,1,-93
8860778,2,-128
8860778,3,-128
8860778,4,-128
8860778,5,-128
8860778,6,-94
8860778,7,-128
8880799,0,-128
8880799,1,-90
8880799,2,-128
8880799,3,-128
8880799,4,-128
8880799,5,-93
8880799,6,-128
8880799,7,-128
8900820,0,-128
8900820,1,-93
8900820,2,-128
8900820,3,-128
8900820,4,-128
8900820,5,-89
8900820,6,-128
8900820,7,-128
8920841,0,-128
8920841,1,-92
8920841,2,-128
8920841,3,-128
8920841,4,-128
8920841,5,-128
8920841,6,-128
8920841,7,-128
8940862,0,-128
8940862,1,-93
8940862,2,-128
8940862,3,-128
8940862,4,-128
8940862,5,-128
8940862,6,-128
8940862,7,-128
8960883,0,-128
8960883,1,-128
8960883,2,-128
8960883,3,-128
8960883,4,-128
8960883,5,-128
8960883,6,-128
8960883,7,-128
8980904,0,-128
8980904,1,-128
8980904,2,-128
8980904,3,-128
8980904,4,-128
8980904,5,-128
8980904,6,-128
8980904,7,-128
9000925,0,-128
9000925,1,-88
9000925,2,-128
9000925,3,-128
9000925,4,-128
9000925,5,-128
9000925,6,-128
9000925,7,-128
205
9020980,0,-128
9020980,1,-128
9020980,2,-128
9020980,3,-128
9020980,4,-128
9020980,5,-128
9020980,6,-128
9020980,7,-128
9041002,0,-128
9041002,1,-128
9041002,2,-128
9041002,3,-128
9041002,4,-128
9041002,5,-128
9041002,6,-128
9041002,7,-128
9061023,0,-128
9061023,1,-128
9061023,2,-128
9061023,3,-128
9061023,4,-128
9061023,5,-128
9061023,6,-128
9061023,7,-128
9081044,0,-128
9081044,1,-91
9081044,2,-128
9081044,3,-128
9081044,4,-128
9081044,5,-128
9081044,6,-128
9081044,7,-128
9101065,0,-128
9101065,1,-94
9101065,2,-128
9101065,3,-128
9101065,4,-128
9101065,5,-128
9101065,6,-128
9101065,7,-128
9121086,0,-128
9121086,1,-94
9121086,2,-128
9121086,3,-128
9121086,4,-128
9121086,5,-128
9121086,6,-128
9121086,7,-128
9141107,0,-128
9141107,1,-94
9141107,2,-128
9141107,3,-128
9141107,4,-128
9141107,5,-128
9141107,6,-128
9141107,7,-128
9161128,0,-128
9161128,1,-128
9161128,2,-128
9161128,3,-128
9161128,4,-128
9161128,5,-128
9161128,6,-128
9161128,7,-128
9181149,0,-128
9181149,1,-128
9181149,2,-128
9181149,3,-94
9181149,4,-128
9181149,5,-128
9181149,6,-128
9181149,7,-128
9201170,0,-128
9201170,1,-94
9201170,2,-128
9201170,3,-128
9201170,4,-128
9201170,5,-128
9201170,6,-128
9201170,7,-128
204
9216000,0,-128
9216000,1,-128
9216000,2,-128
9216000,3,-128
9216000,4,-128
9216000,5,-128
9216000,6,-128
9216000,7,-128
9236021,0,-128
9236021,1,-128
9236021,2,-128
9236021,3,-128
9236021,4,-128
9236021,5,-128
9236021,6,-128
9236021,7,-128
9256042,0,-128
9256042,1,-128
9256042,2,-128
9256042,3,-128
9256042,4,-128
9256042,5,-128
9256042,6,-128
9256042,7,-128
9276063,0,-128
9276063,1,-93
9276063,2,-128
9276063,3,-128
9276063,4,-128
9276063,5,-128
9276063,6,-128
9276063,7,-128
9296084,0,-128
9296084,1,-94
9296084,2,-128
9296084,3,-128
9296084,4,-128
9296084,5,-128
9296084,6,-128
9296084,7,-128
9316105,0,-128
9316105,1,-92
9316105,2,-128
9316105,3,-128
9316105,4,-128
9316105,5,-128
9316105,6,-128
9316105,7,-128
9336126,0,-128
9336126,1,-93
9336126,2,-128
9336126,3,-128
9336126,4,-94
9336126,5,-128
9336126,6,-128
9336126,7,-128
9356147,0,-128
9356147,1,-94
9356147,2,-128
9356147,3,-128
9356147,4,-128
9356147,5,-128
9356147,6,-93
9356147,7,-128
9376168,0,-128
9376168,1,-94
9376168,2,-128
9376168,3,-128
9376168,4,-92
9376168,5,-128
9376168,6,-88
9376168,7,-89
9396189,0,-128
9396189,1,-128
9396189,2,-128
9396189,3,-128
9396189,4,-91
9396189,5,-128
9396189,6,-94
9396189,7,-92
203
9416244,0,-128
9416244,1,-128
9416244,2,-93
9416244,3,-128
9416244,4,-94
9416244,5,-128
9416244,6,-128
9416244,7,-93
9436265,0,-128
9436265,1,-128
9436265,2,-128
9436265,3,-128
9436265,4,-128
9436265,5,-128
9436265,6,-128
9436265,7,-90
9456286,0,-128
9456286,1,-128
9456286,2,-128
9456286,3,-128
9456286,4,-128
9456286,5,-128
9456286,6,-128
9456286,7,-128
9476307,0,-128
9476307,1,-128
9476307,2,-128
9476307,3,-128
9476307,4,-128
9476307,5,-128
9476307,6,-128
9476307,7,-128
9496328,0,-128
9496328,1,-128
9496328,2,-128
9496328,3,-128
9496328,4,-128
9496328,5,-128
9496328,6,-128
9496328,7,-128
9516349,0,-128
9516349,1,-128
9516349,2,-128
9516349,3,-128
9516349,4,-128
9516349,5,-128
9516349,6,-128
9516349,7,-128
9536370,0,-128
9536370,1,-128
9536370,2,-128
9536370,3,-128
9536370,4,-128
9536370,5,-128
9536370,6,-128
9536370,7,-128
9556391,0,-128
9556391,1,-128
9556391,2,-128
9556391,3,-128
9556391,4,-128
9556391,5,-128
9556391,6,-128
9556391,7,-128
9576412,0,-128
9576412,1,-128
9576412,2,-128
9576412,3,-128
9576412,4,-128
9576412,5,-128
9576412,6,-128
9576412,7,-128
9596433,0,-128
9596433,1,-128
9596433,2,-128
9596433,3,-128
9596433,4,-128
9596433,5,-128
9596433,6,-128
9596433,7,-128
202
9616488,0,-128
9616488,1,-128
9616488,2,-128
9616488,3,-128
9616488,4,-128
9616488,5,-128
9616488,6,-128
9616488,7,-128
9636509,0,-128
9636509,1,-128
9636509,2,-128
9636509,3,-128
9636509,4,-128
9636509,5,-128
9636509,6,-93
9636509,7,-128
9656530,0,-128
9656530,1,-128
9656530,2,-128
9656530,3,-128
9656530,4,-128
9656530,5,-128
9656530,6,-128
9656530,7,-128
9676551,0,-128
9676551,1,-128
9676551,2,-128
9676551,3,-128
9676551,4,-128
9676551,5,-128
9676551,6,-94
9676551,7,-128
9696572,0,-128
9696572,1,-128
9696572,2,-128
9696572,3,-128
9696572,4,-128
9696572,5,-128
9696572,6,-92
9696572,7,-128
9716593,0,-128
9716593,1,-128
9716593,2,-128
9716593,3,-128
9716593,4,-128
9716593,5,-128
9716593,6,-93
9716593,7,-128
9736614,0,-128
9736614,1,-128
9736614,2,-128
9736614,3,-94
9736614,4,-128
9736614,5,-128
9736614,6,-94
9736614,7,-128
9756635,0,-128
9756635,1,-128
9756635,2,-128
9756635,3,-128
9756635,4,-128
9756635,5,-128
9756635,6,-92
9756635,7,-128
9776656,0,-128
9776656,1,-128
9776656,2,-128
9776656,3,-128
9776656,4,-128
9776656,5,-128
9776656,6,-94
9776656,7,-128
9796677,0,-128
9796677,1,-128
9796677,2,-128
9796677,3,-128
9796677,4,-128
9796677,5,-128
9796677,6,-91
9796677,7,-128
201
9816731,0,-128
9816731,1,-128
9816731,2,-128
9816731,3,-128
9816731,4,-128
9816731,5,-128
9816731,6,-128
9816731,7,-128
9836752,0,-128
9836752,1,-128
9836752,2,-128
9836752,3,-128
9836752,4,-128
9836752,5,-128
9836752,6,-93
9836752,7,-128
9856773,0,-128
9856773,1,-128
9856773,2,-128
9856773,3,-128
9856773,4,-128
9856773,5,-128
9856773,6,-94
9856773,7,-128
9876794,0,-128
9876794,1,-128
9876794,2,-128
9876794,3,-128
9876794,4,-128
9876794,5,-128
9876794,6,-93
9876794,7,-128
9896815,0,-128
9896815,1,-128
9896815,2,-128
9896815,3,-128
9896815,4,-128
9896815,5,-128
9896815,6,-94
9896815,7,-128
9916836,0,-128
9916836,1,-128
9916836,2,-128
9916836,3,-128
9916836,4,-128
9916836,5,-128
9916836,6,-94
9916836,7,-128
9936857,0,-128
9936857,1,-128
9936857,2,-128
9936857,3,-128
9936857,4,-128
9936857,5,-128
9936857,6,-93
9936857,7,-128
9956878,0,-128
9956878,1,-128
9956878,2,-128
9956878,3,-128
9956878,4,-128
9956878,5,-128
9956878,6,-94
9956878,7,-128
9976899,0,-128
9976899,1,-128
9976899,2,-128
9976899,3,-128
9976899,4,-128
9976899,5,-128
9976899,6,-128
9976899,7,-128
9996920,0,-128
9996920,1,-128
9996920,2,-128
9996920,3,-128
9996920,4,-128
9996920,5,-128
9996920,6,-128
9996920,7,-128
200
10016974,0,-128
10016974,1,-128
10016974,2,-128
10016974,3,-128
10016974,4,-128
10016974,5,-128
10016974,6,-128
10016974,7,-128
10036995,0,-128
10036995,1,-128
10036995,2,-128
10036995,3,-128
10036995,4,-128
10036995,5,-128
10036995,6,-128
10036995,7,-128
10057016,0,-128
10057016,1,-128
10057016,2,-128
10057016,3,-128
10057016,4,-94
10057016,5,-128
10057016,6,-128
10057016,7,-128
10077037,0,-128
10077037,1,-128
10077037,2,-128
10077037,3,-128
10077037,4,-91
10077037,5,-128
10077037,6,-128
10077037,7,-128
10097058,0,-128
10097058,1,-128
10097058,2,-128
10097058,3,-128
10097058,4,-128
10097058,5,-128
10097058,6,-94
10097058,7,-128
10117079,0,-128
10117079,1,-128
10117079,2,-128
10117079,3,-128
10117079,4,-128
10117079,5,-128
10117079,6,-94
10117079,7,-128
10137100,0,-128
10137100,1,-128
10137100,2,-128
10137100,3,-128
10137100,4,-128
10137100,5,-128
10137100,6,-94
10137100,7,-128
10157121,0,-128
10157121,1,-128
10157121,2,-128
10157121,3,-128
10157121,4,-128
10157121,5,-128
10157121,6,-94
10157121,7,-128
10177142,0,-128
10177142,1,-128
10177142,2,-128
10177142,3,-128
10177142,4,-128
10177142,5,-128
10177142,6,-93
10177142,7,-128
10197163,0,-128
10197163,1,-128
10197163,2,-128
10197163,3,-128
10197163,4,-128
10197163,5,-128
10197163,6,-94
10197163,7,-128
199
10217217,0,-128
10217217,1,-128
10217217,2,-128
10217217,3,-128
10217217,4,-128
10217217,5,-128
10217217,6,-94
10217217,7,-128
10237238,0,-128
10237238,1,-128
10237238,2,-128
10237238,3,-128
10237238,4,-94
10237238,5,-128
10237238,6,-94
10237238,7,-128
10257259,0,-128
10257259,1,-128
10257259,2,-128
10257259,3,-128
10257259,4,-93
10257259,5,-128
10257259,6,-94
10257259,7,-128
10277280,0,-128
10277280,1,-128
10277280,2,-128
10277280,3,-128
10277280,4,-92
10277280,5,-128
10277280,6,-128
10277280,7,-128
10297301,0,-128
10297301,1,-128
10297301,2,-128
10297301,3,-128
10297301,4,-128
10297301,5,-128
10297301,6,-94
10297301,7,-128
10317322,0,-128
10317322,1,-128
10317322,2,-128
10317322,3,-128
10317322,4,-128
10317322,5,-128
10317322,6,-94
10317322,7,-128
10337343,0,-128
10337343,1,-128
10337343,2,-128
10337343,3,-128
10337343,4,-128
10337343,5,-128
10337343,6,-128
10337343,7,-128
10357364,0,-128
10357364,1,-128
10357364,2,-128
10357364,3,-128
10357364,4,-128
10357364,5,-128
10357364,6,-94
10357364,7,-128
10377385,0,-128
10377385,1,-128
10377385,2,-128
10377385,3,-128
10377385,4,-128
10377385,5,-128
10377385,6,-93
10377385,7,-128
10397406,0,-128
10397406,1,-128
10397406,2,-128
10397406,3,-128
10397406,4,-128
10397406,5,-128
10397406,6,-92
10397406,7,-128
198
10417460,0,-128
10417460,1,-128
10417460,2,-128
10417460,3,-128
10417460,4,-128
10417460,5,-128
10417460,6,-94
10417460,7,-128
10437481,0,-128
10437481,1,-128
10437481,2,-128
10437481,3,-128
10437481,4,-128
10437481,5,-128
10437481,6,-94
10437481,7,-128
10457502,0,-128
10457502,1,-128
10457502,2,-128
10457502,3,-128
10457502,4,-128
10457502,5,-128
10457502,6,-94
10457502,7,-128
10477523,0,-128
10477523,1,-128
10477523,2,-128
10477523,3,-128
10477523,4,-128
10477523,5,-128
10477523,6,-94
10477523,7,-128
10497544,0,-128
10497544,1,-128
10497544,2,-128
10497544,3,-128
10497544,4,-128
10497544,5,-128
10497544,6,-94
10497544,7,-128
10517565,0,-128
10517565,1,-128
10517565,2,-128
10517565,3,-128
10517565,4,-128
10517565,5,-128
10517565,6,-94
10517565,7,-128
10537586,0,-128
10537586,1,-128
10537586,2,-128
10537586,3,-128
10537586,4,-128
10537586,5,-128
10537586,6,-128
10537586,7,-128
10557607,0,-128
10557607,1,-128
10557607,2,-128
10557607,3,-128
10557607,4,-128
10557607,5,-128
10557607,6,-94
10557607,7,-128
10577628,0,-128
10577628,1,-128
10577628,2,-128
10577628,3,-128
10577628,4,-128
10577628,5,-128
10577628,6,-94
10577628,7,-128
10597649,0,-128
10597649,1,-128
10597649,2,-128
10597649,3,-128
10597649,4,-128
10597649,5,-128
10597649,6,-94
10597649,7,-128
197
10617704,0,-128
10617704,1,-128
10617704,2,-128
10617704,3,-128
10617704,4,-128
10617704,5,-128
10617704,6,-94
10617704,7,-128
10637725,0,-128
10637725,1,-128
10637725,2,-128
10637725,3,-128
10637725,4,-128
10637725,5,-128
10637725,6,-94
10637725,7,-128
10657746,0,-128
10657746,1,-128
10657746,2,-128
10657746,3,-128
10657746,4,-128
10657746,5,-128
10657746,6,-94
10657746,7,-128
10677767,0,-128
10677767,1,-128
10677767,2,-128
10677767,3,-128
10677767,4,-128
10677767,5,-128
10677767,6,-94
10677767,7,-128
10697788,0,-128
10697788,1,-128
10697788,2,-128
10697788,3,-128
10697788,4,-128
10697788,5,-128
10697788,6,-93
10697788,7,-128
10717809,0,-128
10717809,1,-128
10717809,2,-128
10717809,3,-94
10717809,4,-128
10717809,5,-128
10717809,6,-94
10717809,7,-128
10737830,0,-128
10737830,1,-128
10737830,2,-128
10737830,3,-91
10737830,4,-128
10737830,5,-128
10737830,6,-94
10737830,7,-128
10757851,0,-128
10757851,1,-128
10757851,2,-128
10757851,3,-128
10757851,4,-128
10757851,5,-128
10757851,6,-94
10757851,7,-128
10777872,0,-128
10777872,1,-128
10777872,2,-128
10777872,3,-128
10777872,4,-128
10777872,5,-128
10777872,6,-94
10777872,7,-128
10797893,0,-128
10797893,1,-128
10797893,2,-128
10797893,3,-128
10797893,4,-128
10797893,5,-128
10797893,6,-94
10797893,7,-128
196
10817948,0,-128
10817948,1,-128
10817948,2,-128
10817948,3,-128
10817948,4,-128
10817948,5,-128
10817948,6,-94
10817948,7,-128
10837969,0,-128
10837969,1,-128
10837969,2,-128
10837969,3,-128
10837969,4,-128
10837969,5,-128
10837969,6,-94
10837969,7,-128
10857990,0,-128
10857990,1,-128
10857990,2,-128
10857990,3,-94
10857990,4,-128
10857990,5,-128
10857990,6,-94
10857990,7,-128
10878011,0,-128
10878011,1,-128
10878011,2,-128
10878011,3,-128
10878011,4,-128
10878011,5,-128
10878011,6,-94
10878011,7,-128
10898032,0,-128
10898032,1,-128
10898032,2,-128
10898032,3,-128
10898032,4,-128
10898032,5,-128
10898032,6,-93
10898032,7,-128
10918053,0,-128
10918053,1,-128
10918053,2,-128
10918053,3,-128
10918053,4,-128
10918053,5,-128
10918053,6,-89
10918053,7,-128
10938074,0,-128
10938074,1,-128
10938074,2,-128
10938074,3,-128
10938074,4,-128
10938074,5,-128
10938074,6,-92
10938074,7,-128
10958095,0,-128
10958095,1,-128
10958095,2,-128
10958095,3,-128
10958095,4,-128
10958095,5,-128
10958095,6,-94
10958095,7,-128
10978116,0,-128
10978116,1,-128
10978116,2,-128
10978116,3,-128
10978116,4,-128
10978116,5,-128
10978116,6,-94
10978116,7,-128
10998137,0,-128
10998137,1,-128
10998137,2,-128
10998137,3,-128
10998137,4,-128
10998137,5,-128
10998137,6,-92
10998137,7,-128
195
11018192,0,-128
11018192,1,-128
11018192,2,-128
11018192,3,-128
11018192,4,-128
11018192,5,-128
11018192,6,-93
11018192,7,-128
11038213,0,-128
11038213,1,-128
11038213,2,-128
11038213,3,-128
11038213,4,-128
11038213,5,-128
11038213,6,-92
11038213,7,-128
11058234,0,-128
11058234,1,-128
11058234,2,-128
11058234,3,-128
11058234,4,-128
11058234,5,-128
11058234,6,-94
11058234,7,-128
11078255,0,-128
11078255,1,-128
11078255,2,-128
11078255,3,-128
11078255,4,-128
11078255,5,-128
11078255,6,-94
11078255,7,-128
11098276,0,-128
11098276,1,-128
11098276,2,-128
11098276,3,-128
11098276,4,-128
11098276,5,-128
11098276,6,-94
11098276,7,-128
11118297,0,-128
11118297,1,-128
11118297,2,-128
11118297,3,-128
11118297,4,-128
11118297,5,-128
11118297,6,-93
11118297,7,-128
11138318,0,-128
11138318,1,-128
11138318,2,-128
11138318,3,-128
11138318,4,-128
11138318,5,-128
11138318,6,-85
11138318,7,-128
11158339,0,-128
11158339,1,-128
11158339,2,-128
11158339,3,-128
11158339,4,-128
11158339,5,-128
11158339,6,-91
11158339,7,-128
11178360,0,-128
11178360,1,-128
11178360,2,-128
11178360,3,-128
11178360,4,-128
11178360,5,-128
11178360,6,-94
11178360,7,-128
11198381,0,-128
11198381,1,-128
11198381,2,-128
11198381,3,-128
11198381,4,-128
11198381,5,-128
11198381,6,-94
11198381,7,-128
194
11218436,0,-128
11218436,1,-128
11218436,2,-128
11218436,3,-128
11218436,4,-128
11218436,5,-128
11218436,6,-94
11218436,7,-128
11238457,0,-128
11238457,1,-128
11238457,2,-128
11238457,3,-128
11238457,4,-128
11238457,5,-128
11238457,6,-94
11238457,7,-128
11258478,0,-128
11258478,1,-128
11258478,2,-128
11258478,3,-128
11258478,4,-128
11258478,5,-128
11258478,6,-94
11258478,7,-128
11278499,0,-128
11278499,1,-128
11278499,2,-128
11278499,3,-128
11278499,4,-128
11278499,5,-128
11278499,6,-92
11278499,7,-128
11298520,0,-128
11298520,1,-128
11298520,2,-128
11298520,3,-128
11298520,4,-128
11298520,5,-128
11298520,6,-94
11298520,7,-128
11318541,0,-128
11318541,1,-128
11318541,2,-128
11318541,3,-128
11318541,4,-128
11318541,5,-128
11318541,6,-94
11318541,7,-128
11338562,0,-128
11338562,1,-128
11338562,2,-128
11338562,3,-128
11338562,4,-128
11338562,5,-128
11338562,6,-94
11338562,7,-128
11358583,0,-128
11358583,1,-128
11358583,2,-128
11358583,3,-128
11358583,4,-128
11358583,5,-128
11358583,6,-93
11358583,7,-128
11378604,0,-128
11378604,1,-128
11378604,2,-128
11378604,3,-128
11378604,4,-128
11378604,5,-128
11378604,6,-94
11378604,7,-128
11398625,0,-128
11398625,1,-128
11398625,2,-128
11398625,3,-128
11398625,4,-128
11398625,5,-128
11398625,6,-94
11398625,7,-128
193
11418680,0,-128
11418680,1,-128
11418680,2,-128
11418680,3,-128
11418680,4,-128
11418680,5,-128
11418680,6,-93
11418680,7,-128
11438701,0,-128
11438701,1,-128
11438701,2,-128
11438701,3,-128
11438701,4,-128
11438701,5,-128
11438701,6,-93
11438701,7,-128
11458722,0,-128
11458722,1,-128
11458722,2,-128
11458722,3,-128
11458722,4,-128
11458722,5,-128
11458722,6,-94
11458722,7,-128
11478743,0,-128
11478743,1,-128
11478743,2,-128
11478743,3,-94
11478743,4,-128
11478743,5,-93
11478743,6,-93
11478743,7,-128
11498764,0,-128
11498764,1,-128
11498764,2,-128
11498764,3,-128
11498764,4,-128
11498764,5,-94
11498764,6,-93
11498764,7,-128
11518785,0,-128
11518785,1,-128
11518785,2,-128
11518785,3,-128
11518785,4,-128
11518785,5,-128
11518785,6,-94
11518785,7,-128
11538806,0,-128
11538806,1,-94
11538806,2,-128
11538806,3,-128
11538806,4,-128
11538806,5,-128
11538806,6,-94
11538806,7,-128
11558827,0,-128
11558827,1,-89
11558827,2,-128
11558827,3,-128
11558827,4,-128
11558827,5,-128
11558827,6,-93
11558827,7,-128
11578848,0,-128
11578848,1,-82
11578848,2,-128
11578848,3,-128
11578848,4,-128
11578848,5,-128
11578848,6,-94
11578848,7,-128
11598869,0,-128
11598869,1,-91
11598869,2,-128
11598869,3,-94
11598869,4,-128
11598869,5,-128
11598869,6,-94
11598869,7,-128
192
11618924,0,-128
11618924,1,-128
11618924,2,-128
11618924,3,-128
11618924,4,-128
11618924,5,-128
11618924,6,-92
11618924,7,-128
11638945,0,-128
11638945,1,-128
11638945,2,-128
11638945,3,-128
11638945,4,-128
11638945,5,-128
11638945,6,-92
11638945,7,-128
11658966,0,-128
11658966,1,-128
11658966,2,-128
11658966,3,-128
11658966,4,-128
11658966,5,-128
11658966,6,-93
11658966,7,-128
11678987,0,-128
11678987,1,-128
11678987,2,-128
11678987,3,-128
11678987,4,-128
11678987,5,-128
11678987,6,-93
11678987,7,-128
11699008,0,-128
11699008,1,-128
11699008,2,-128
11699008,3,-128
11699008,4,-128
11699008,5,-128
11699008,6,-91
11699008,7,-128
11719029,0,-128
11719029,1,-128
11719029,2,-128
11719029,3,-128
11719029,4,-128
11719029,5,-128
11719029,6,-93
11719029,7,-128
11739050,0,-128
11739050,1,-128
11739050,2,-128
11739050,3,-128
11739050,4,-128
11739050,5,-128
11739050,6,-94
11739050,7,-128
11759071,0,-128
11759071,1,-128
11759071,2,-128
11759071,3,-128
11759071,4,-128
11759071,5,-128
11759071,6,-93
11759071,7,-128
11779092,0,-128
11779092,1,-128
11779092,2,-128
11779092,3,-128
11779092,4,-128
11779092,5,-128
11779092,6,-94
11779092,7,-128
11799113,0,-128
11799113,1,-128
11799113,2,-128
11799113,3,-94
11799113,4,-128
11799113,5,-128
11799113,6,-94
11799113,7,-128
191
11819168,0,-128
11819168,1,-128
11819168,2,-128
11819168,3,-128
11819168,4,-128
11819168,5,-128
11819168,6,-94
11819168,7,-128
11839189,0,-128
11839189,1,-128
11839189,2,-128
11839189,3,-128
11839189,4,-128
11839189,5,-128
11839189,6,-94
11839189,7,-128
11859210,0,-128
11859210,1,-128
11859210,2,-128
11859210,3,-128
11859210,4,-128
11859210,5,-128
11859210,6,-93
11859210,7,-128
11879231,0,-128
11879231,1,-128
11879231,2,-128
11879231,3,-128
11879231,4,-128
11879231,5,-128
11879231,6,-90
11879231,7,-128
11899252,0,-128
11899252,1,-128
11899252,2,-128
11899252,3,-128
11899252,4,-128
11899252,5,-128
11899252,6,-83
11899252,7,-128
11919273,0,-128
11919273,1,-128
11919273,2,-128
11919273,3,-128
11919273,4,-128
11919273,5,-128
11919273,6,-93
11919273,7,-128
11939294,0,-128
11939294,1,-128
11939294,2,-128
11939294,3,-128
11939294,4,-128
11939294,5,-128
11939294,6,-94
11939294,7,-128
11959315,0,-128
11959315,1,-128
11959315,2,-128
11959315,3,-128
11959315,4,-128
11959315,5,-128
11959315,6,-90
11959315,7,-128
11979336,0,-128
11979336,1,-128
11979336,2,-128
11979336,3,-128
11979336,4,-128
11979336,5,-128
11979336,6,-92
11979336,7,-128
11999357,0,-128
11999357,1,-128
11999357,2,-128
11999357,3,-128
11999357,4,-128
11999357,5,-128
11999357,6,-93
11999357,7,-128
190
12019412,0,-128
12019412,1,-128
12019412,2,-128
12019412,3,-128
12019412,4,-128
12019412,5,-128
12019412,6,-94
12019412,7,-128
12039433,0,-128
12039433,1,-128
12039433,2,-128
12039433,3,-128
12039433,4,-128
12039433,5,-128
12039433,6,-92
12039433,7,-128
12059454,0,-128
12059454,1,-128
12059454,2,-128
12059454,3,-128
12059454,4,-128
12059454,5,-128
12059454,6,-93
12059454,7,-94
12079475,0,-128
12079475,1,-128
12079475,2,-128
12079475,3,-128
12079475,4,-128
12079475,5,-128
12079475,6,-89
12079475,7,-128
12099496,0,-128
12099496,1,-128
12099496,2,-128
12099496,3,-128
12099496,4,-128
12099496,5,-128
12099496,6,-94
12099496,7,-128
12119517,0,-128
12119517,1,-128
12119517,2,-128
12119517,3,-128
12119517,4,-128
12119517,5,-128
12119517,6,-94
12119517,7,-128
12139538,0,-128
12139538,1,-128
12139538,2,-128
12139538,3,-128
12139538,4,-128
12139538,5,-128
12139538,6,-92
12139538,7,-94
12159559,0,-128
12159559,1,-128
12159559,2,-128
12159559,3,-128
12159559,4,-128
12159559,5,-128
12159559,6,-88
12159559,7,-128
12179580,0,-128
12179580,1,-128
12179580,2,-128
12179580,3,-128
12179580,4,-128
12179580,5,-128
12179580,6,-91
12179580,7,-128
12199601,0,-128
12199601,1,-128
12199601,2,-128
12199601,3,-128
12199601,4,-128
12199601,5,-128
12199601,6,-94
12199601,7,-128
189
12219656,0,-128
12219656,1,-128
12219656,2,-128
12219656,3,-128
12219656,4,-128
12219656,5,-128
12219656,6,-128
12219656,7,-128
12239677,0,-128
12239677,1,-128
12239677,2,-128
12239677,3,-128
12239677,4,-128
12239677,5,-128
12239677,6,-128
12239677,7,-128
12259698,0,-128
12259698,1,-128
12259698,2,-128
12259698,3,-128
12259698,4,-128
12259698,5,-128
12259698,6,-128
12259698,7,-128
12279719,0,-128
12279719,1,-128
12279719,2,-128
12279719,3,-128
12279719,4,-128
12279719,5,-128
12279719,6,-128
12279719,7,-128
12299740,0,-128
12299740,1,-128
12299740,2,-128
12299740,3,-128
12299740,4,-128
12299740,5,-128
12299740,6,-128
12299740,7,-128
12319761,0,-128
12319761,1,-128
12319761,2,-128
12319761,3,-128
12319761,4,-128
12319761,5,-128
12319761,6,-128
12319761,7,-128
12339782,0,-128
12339782,1,-128
12339782,2,-128
12339782,3,-128
12339782,4,-128
12339782,5,-128
12339782,6,-128
12339782,7,-128
12359803,0,-128
12359803,1,-128
12359803,2,-128
12359803,3,-128
12359803,4,-128
12359803,5,-128
12359803,6,-128
12359803,7,-128
12379824,0,-128
12379824,1,-128
12379824,2,-128
12379824,3,-128
12379824,4,-128
12379824,5,-128
12379824,6,-92
12379824,7,-128
12399845,0,-128
12399845,1,-128
12399845,2,-128
12399845,3,-128
12399845,4,-128
12399845,5,-128
12399845,6,-94
12399845,7,-128
188
12419899,0,-128
12419899,1,-128
12419899,2,-128
12419899,3,-128
12419899,4,-128
12419899,5,-128
12419899,6,-94
12419899,7,-128
12439920,0,-128
12439920,1,-128
12439920,2,-128
12439920,3,-128
12439920,4,-128
12439920,5,-128
12439920,6,-94
12439920,7,-128
12459941,0,-128
12459941,1,-128
12459941,2,-128
12459941,3,-128
12459941,4,-128
12459941,5,-128
12459941,6,-128
12459941,7,-128
12479962,0,-128
12479962,1,-128
12479962,2,-128
12479962,3,-128
12479962,4,-128
12479962,5,-128
12479962,6,-128
12479962,7,-128
12499983,0,-128
12499983,1,-128
12499983,2,-128
12499983,3,-128
12499983,4,-128
12499983,5,-128
12499983,6,-128
12499983,7,-128
12520004,0,-128
12520004,1,-128
12520004,2,-128
12520004,3,-128
12520004,4,-128
12520004,5,-128
12520004,6,-128
12520004,7,-128
12540025,0,-128
12540025,1,-128
12540025,2,-128
12540025,3,-128
12540025,4,-128
12540025,5,-128
12540025,6,-128
12540025,7,-128
12560046,0,-128
12560046,1,-128
12560046,2,-128
12560046,3,-128
12560046,4,-128
12560046,5,-128
12560046,6,-128
12560046,7,-128
12580067,0,-128
12580067,1,-128
12580067,2,-128
12580067,3,-128
12580067,4,-128
12580067,5,-128
12580067,6,-128
12580067,7,-128
12600088,0,-128
12600088,1,-128
12600088,2,-128
12600088,3,-128
12600088,4,-128
12600088,5,-128
12600088,6,-128
12600088,7,-128
187
12620142,0,-128
12620142,1,-128
12620142,2,-128
12620142,3,-128
12620142,4,-128
12620142,5,-128
12620142,6,-128
12620142,7,-128
12640163,0,-128
12640163,1,-128
12640163,2,-128
12640163,3,-128
12640163,4,-128
12640163,5,-128
12640163,6,-128
12640163,7,-128
12660184,0,-128
12660184,1,-128
12660184,2,-128
12660184,3,-128
12660184,4,-128
12660184,5,-128
12660184,6,-128
12660184,7,-128
12680205,0,-128
12680205,1,-128
12680205,2,-128
12680205,3,-128
12680205,4,-128
12680205,5,-128
12680205,6,-128
12680205,7,-128
12700226,0,-128
12700226,1,-128
12700226,2,-128
12700226,3,-128
12700226,4,-128
12700226,5,-128
12700226,6,-128
12700226,7,-128
12720247,0,-128
12720247,1,-128
12720247,2,-128
12720247,3,-128
12720247,4,-128
12720247,5,-128
12720247,6,-128
12720247,7,-128
12740268,0,-128
12740268,1,-128
12740268,2,-128
12740268,3,-128
12740268,4,-128
12740268,5,-128
12740268,6,-128
12740268,7,-128
12760289,0,-128
12760289,1,-128
12760289,2,-128
12760289,3,-128
12760289,4,-128
12760289,5,-128
12760289,6,-128
12760289,7,-128
12780310,0,-128
12780310,1,-128
12780310,2,-128
12780310,3,-128
12780310,4,-128
12780310,5,-128
12780310,6,-128
12780310,7,-128
12800000,0,-128
12800000,1,-128
12800000,2,-128
12800000,3,-128
12800000,4,-128
12800000,5,-128
12800000,6,-128
12800000,7,-128
186
12820055,0,-128
12820055,1,-128
12820055,2,-128
12820055,3,-128
12820055,4,-128
12820055,5,-128
12820055,6,-128
12820055,7,-128
12840076,0,-128
12840076,1,-128
12840076,2,-128
12840076,3,-128
12840076,4,-128
12840076,5,-128
12840076,6,-128
12840076,7,-128
12860097,0,-128
12860097,1,-128
12860097,2,-128
12860097,3,-128
12860097,4,-128
12860097,5,-128
12860097,6,-128
12860097,7,-128
12880118,0,-128
12880118,1,-128
12880118,2,-128
12880118,3,-128
12880118,4,-128
12880118,5,-128
12880118,6,-128
12880118,7,-128
12900139,0,-128
12900139,1,-128
12900139,2,-128
12900139,3,-128
12900139,4,-128
12900139,5,-128
12900139,6,-128
12900139,7,-128
12920160,0,-128
12920160,1,-128
12920160,2,-128
12920160,3,-128
12920160,4,-128
12920160,5,-128
12920160,6,-128
12920160,7,-128
12940181,0,-128
12940181,1,-128
12940181,2,-128
12940181,3,-128
12940181,4,-128
12940181,5,-128
12940181,6,-128
12940181,7,-128
12960202,0,-128
12960202,1,-128
12960202,2,-128
12960202,3,-128
12960202,4,-128
12960202,5,-128
12960202,6,-128
12960202,7,-128
12980223,0,-128
12980223,1,-128
12980223,2,-128
12980223,3,-128
12980223,4,-128
12980223,5,-128
12980223,6,-128
12980223,7,-128
13000244,0,-128
13000244,1,-128
13000244,2,-128
13000244,3,-128
13000244,4,-128
13000244,5,-128
13000244,6,-128
13000244,7,-128
185
13020299,0,-128
13020299,1,-128
13020299,2,-128
13020299,3,-128
13020299,4,-128
13020299,5,-128
13020299,6,-128
13020299,7,-128
13040320,0,-128
13040320,1,-128
13040320,2,-128
13040320,3,-128
13040320,4,-128
13040320,5,-128
13040320,6,-128
13040320,7,-128
13060341,0,-128
13060341,1,-128
13060341,2,-128
13060341,3,-128
13060341,4,-128
13060341,5,-128
13060341,6,-128
13060341,7,-128
13080362,0,-128
13080362,1,-128
13080362,2,-128
13080362,3,-128
13080362,4,-128
13080362,5,-128
13080362,6,-128
13080362,7,-128
13100383,0,-128
13100383,1,-128
13100383,2,-128
13100383,3,-128
13100383,4,-128
13100383,5,-128
13100383,6,-128
13100383,7,-128
13120404,0,-128
13120404,1,-128
13120404,2,-128
13120404,3,-128
13120404,4,-128
13120404,5,-128
13120404,6,-128
13120404,7,-128
13140425,0,-128
13140425,1,-128
13140425,2,-128
13140425,3,-128
13140425,4,-128
13140425,5,-128
13140425,6,-128
13140425,7,-128
13160446,0,-128
13160446,1,-128
13160446,2,-128
13160446,3,-128
13160446,4,-128
13160446,5,-128
13160446,6,-128
13160446,7,-128
13180467,0,-128
13180467,1,-128
13180467,2,-128
13180467,3,-128
13180467,4,-128
13180467,5,-128
13180467,6,-128
13180467,7,-128
13200488,0,-128
13200488,1,-128
13200488,2,-128
13200488,3,-128
13200488,4,-128
13200488,5,-128
13200488,6,-128
13200488,7,-128
184
13220543,0,-128
13220543,1,-128
13220543,2,-128
13220543,3,-128
13220543,4,-128
13220543,5,-128
13220543,6,-128
13220543,7,-128
13240564,0,-128
13240564,1,-128
13240564,2,-128
13240564,3,-128
13240564,4,-128
13240564,5,-128
13240564,6,-128
13240564,7,-128
13260585,0,-128
13260585,1,-128
13260585,2,-128
13260585,3,-128
13260585,4,-128
13260585,5,-128
13260585,6,-128
13260585,7,-128
13280606,0,-128
13280606,1,-128
13280606,2,-128
13280606,3,-128
13280606,4,-128
13280606,5,-128
13280606,6,-128
13280606,7,-128
13300627,0,-128
13300627,1,-128
13300627,2,-128
13300627,3,-128
13300627,4,-128
13300627,5,-128
13300627,6,-128
13300627,7,-128
13320648,0,-128
13320648,1,-128
13320648,2,-128
13320648,3,-128
13320648,4,-128
13320648,5,-128
13320648,6,-128
13320648,7,-128
13340669,0,-128
13340669,1,-128
13340669,2,-128
13340669,3,-128
13340669,4,-128
13340669,5,-128
13340669,6,-128
13340669,7,-128
13360691,0,-128
13360691,1,-128
13360691,2,-128
13360691,3,-128
13360691,4,-128
13360691,5,-128
13360691,6,-128
13360691,7,-128
13380712,0,-128
13380712,1,-128
13380712,2,-128
13380712,3,-128
13380712,4,-128
13380712,5,-128
13380712,6,-128
13380712,7,-128
13400733,0,-128
13400733,1,-128
13400733,2,-128
13400733,3,-92
13400733,4,-128
13400733,5,-128
13400733,6,-128
13400733,7,-128
183
13420788,0,-128
13420788,1,-128
13420788,2,-128
13420788,3,-94
13420788,4,-128
13420788,5,-128
13420788,6,-128
13420788,7,-128
13440809,0,-128
13440809,1,-128
13440809,2,-128
13440809,3,-92
13440809,4,-128
13440809,5,-128
13440809,6,-128
13440809,7,-128
13460830,0,-128
13460830,1,-128
13460830,2,-128
13460830,3,-93
13460830,4,-128
13460830,5,-128
13460830,6,-128
13460830,7,-128
13480851,0,-128
13480851,1,-128
13480851,2,-128
13480851,3,-94
13480851,4,-128
13480851,5,-128
13480851,6,-128
13480851,7,-128
13500872,0,-128
13500872,1,-128
13500872,2,-128
13500872,3,-94
13500872,4,-128
13500872,5,-128
13500872,6,-128
13500872,7,-128
13520893,0,-128
13520893,1,-128
13520893,2,-128
13520893,3,-94
13520893,4,-128
13520893,5,-128
13520893,6,-128
13520893,7,-128
13540914,0,-128
13540914,1,-128
13540914,2,-128
13540914,3,-94
13540914,4,-128
13540914,5,-128
13540914,6,-128
13540914,7,-128
13560935,0,-128
13560935,1,-128
13560935,2,-128
13560935,3,-94
13560935,4,-128
13560935,5,-128
13560935,6,-128
13560935,7,-128
13580956,0,-128
13580956,1,-128
13580956,2,-128
13580956,3,-94
13580956,4,-128
13580956,5,-128
13580956,6,-128
13580956,7,-128
13600977,0,-128
13600977,1,-128
13600977,2,-128
13600977,3,-94
13600977,4,-128
13600977,5,-128
13600977,6,-128
13600977,7,-128
182
13621032,0,-128
13621032,1,-128
13621032,2,-128
13621032,3,-128
13621032,4,-128
13621032,5,-128
13621032,6,-128
13621032,7,-128
13641053,0,-128
13641053,1,-128
13641053,2,-128
13641053,3,-94
13641053,4,-128
13641053,5,-128
13641053,6,-128
13641053,7,-128
13661074,0,-128
13661074,1,-128
13661074,2,-128
13661074,3,-94
13661074,4,-128
13661074,5,-128
13661074,6,-128
13661074,7,-128
13681095,0,-128
13681095,1,-128
13681095,2,-128
13681095,3,-91
13681095,4,-128
13681095,5,-128
13681095,6,-128
13681095,7,-128
13701116,0,-128
13701116,1,-128
13701116,2,-128
13701116,3,-128
13701116,4,-128
13701116,5,-128
13701116,6,-128
13701116,7,-128
13721137,0,-128
13721137,1,-128
13721137,2,-128
13721137,3,-94
13721137,4,-128
13721137,5,-128
13721137,6,-128
13721137,7,-128
13741158,0,-128
13741158,1,-128
13741158,2,-128
13741158,3,-94
13741158,4,-128
13741158,5,-128
13741158,6,-128
13741158,7,-128
13761179,0,-128
13761179,1,-128
13761179,2,-128
13761179,3,-94
13761179,4,-128
13761179,5,-128
13761179,6,-128
13761179,7,-128
13781200,0,-128
13781200,1,-128
13781200,2,-128
13781200,3,-93
13781200,4,-128
13781200,5,-128
13781200,6,-128
13781200,7,-128
13801221,0,-128
13801221,1,-128
13801221,2,-128
13801221,3,-94
13801221,4,-128
13801221,5,-128
13801221,6,-128
13801221,7,-128
181
13821276,0,-128
13821276,1,-128
13821276,2,-128
13821276,3,-87
13821276,4,-128
13821276,5,-128
13821276,6,-128
13821276,7,-128
13841297,0,-128
13841297,1,-128
13841297,2,-128
13841297,3,-94
13841297,4,-128
13841297,5,-128
13841297,6,-128
13841297,7,-128
13861318,0,-128
13861318,1,-128
13861318,2,-128
13861318,3,-128
13861318,4,-128
13861318,5,-128
13861318,6,-128
13861318,7,-128
13881339,0,-128
13881339,1,-128
13881339,2,-128
13881339,3,-128
13881339,4,-128
13881339,5,-128
13881339,6,-128
13881339,7,-128
13901360,0,-128
13901360,1,-128
13901360,2,-128
13901360,3,-128
13901360,4,-128
13901360,5,-128
13901360,6,-128
13901360,7,-128
13921381,0,-128
13921381,1,-128
13921381,2,-128
13921381,3,-128
13921381,4,-128
13921381,5,-128
13921381,6,-128
13921381,7,-128
13941402,0,-128
13941402,1,-128
13941402,2,-128
13941402,3,-128
13941402,4,-128
13941402,5,-128
13941402,6,-128
13941402,7,-128
13961423,0,-128
13961423,1,-128
13961423,2,-128
13961423,3,-128
13961423,4,-128
13961423,5,-128
13961423,6,-128
13961423,7,-128
13981444,0,-128
13981444,1,-128
13981444,2,-128
13981444,3,-128
13981444,4,-128
13981444,5,-128
13981444,6,-128
13981444,7,-128
14001465,0,-128
14001465,1,-128
14001465,2,-128
14001465,3,-128
14001465,4,-128
14001465,5,-128
14001465,6,-128
14001465,7,-128
