250
175342
175344
-1
180006
180006
246000391
48000415
251000415
180032
246000417
48000441
251000441
180058
246000443
48000467
251000467
180124
246000469
48000493
251000493
180150
246000495
48000519
251000519
180216
197000521
246000521
250000545
180242
246000547
147000571
250000571
180308
246000573
47000597
250000597
180334
246000599
47000623
250000623
180400
246000625
147000649
250000649
180426
246000651
48000675
251000675
180452
246000677
147000701
250000701
180518
246000703
47000727
250000727
180544
246000729
148000753
251000753
180610
246000755
48000779
251000779
180636
246000781
48000805
251000805
180702
246000807
47000831
250000831
180728
246000833
47000857
250000857
180754
246000859
250000883
180820
246000885
147000909
250000909
180846
246000911
250000935
180912
246000937
48000961
251000961
180938
246000963
47000987
250000987
181004
246000989
147001013
250001013
181030
246001015
251001039
181056
246001041
47001065
250001065
181122
246001067
250001091
181148
246001093
249001117
181214
246001119
47001143
247001143
181240
246001145
48001169
251001169
181306
246001171
47001195
248001195
181332
246001197
147001221
248001221
181358
246001223
147001247
250001247
181424
246001249
250001273
181450
246001275
147001299
250001299
181516
246001301
147001325
250001325
181542
246001327
47001351
250001351
181608
246001353
249001377
351001377
181634
246001379
47001403
250001403
181700
246001405
47001429
250001429
181726
246001431
47001455
250001455
181752
246001457
250001481
181818
246001483
147001507
250001507
181844
246001509
147001533
250001533
181910
246001535
147001559
250001559
181936
246001561
47001585
250001585
182002
246001587
47001611
250001611
182028
246001613
47001637
250001637
182054
246001639
47001663
250001663
182120
246001665
250001689
182146
246001691
147001715
250001715
182212
246001717
250001741
182238
246001743
250001767
182304
246001769
47001793
250001793
182330
246001795
47001819
250001819
182356
246001821
147001845
250001845
182422
246001847
47001871
250001871
182448
246001873
250001897
182514
246001899
250001923
182540
246001925
250001949
182606
246001951
47001975
250001975
182632
246001977
249002001
182658
246002003
249
250002027
182724
246002029
47002053
250002053
182750
246002055
248002079
182816
246002081
248002105
182842
246002107
47002131
250002131
182908
246002133
147002157
250002157
182934
246002159
250002183
183000
246002185
47002209
250002209
183026
246002211
250002235
183052
246002237
250002261
183118
246002263
249002287
183144
246002289
47002313
248002313
183210
246002315
47002339
247002339
183236
246002341
47002365
250002365
183302
246002367
147002391
250002391
183328
246002393
247002417
183354
246002419
47002443
250002443
183420
246002445
47002469
250002469
183446
246002471
250002495
183512
246002497
47002521
250002521
183538
246002523
247002547
183604
246002549
146002573
247002573
183630
246002575
247002599
183656
246002601
46002625
247002625
183722
246002627
46002651
247002651
183748
246002653
47002677
250002677
183814
246002679
46002701
246002703
183840
246002705
46002727
147002727
246002729
183906
246002731
46002753
246002755
183932
246002757
47002781
250002781
183958
246002783
47002807
250002807
184024
246002809
250002833
184050
246002835
46002857
248002857
248002859
184116
246002861
146002885
247002885
184142
246002887
247002911
184208
246002913
46002935
247002935
246002937
184234
246002939
146002961
247002961
246002963
184300
246002965
46002987
247002987
246002989
184326
246002991
146003013
247003013
246003015
184352
246003017
146003039
247003039
248003041
184418
246003043
247003065
248003067
184444
246003069
46003091
247003091
248003093
184510
246003095
246003117
247003119
184536
246003121
246003143
247003145
184602
246003147
51003169
246003169
247003171
184628
246003173
151003195
246003195
247003197
184654
247003199
246003221
247003223
184720
247003225
246003247
247003249
184746
247003251
151003273
246003273
247003275
184812
247003277
152003299
246003299
247003301
184838
246003303
246003325
247003327
184904
246003329
146003351
247003351
248003353
184930
247003355
46003377
247003377
248003379
184956
247003381
247003403
248003405
185022
247003407
247003429
248003431
185048
247003433
51003455
246003455
247003457
185114
247003459
246003481
247003483
185140
247003485
51003507
246003507
247003509
185206
247003511
51003533
246003533
247003535
185232
247003537
248
46003559
247003559
248003561
185258
247003563
247003585
248003587
185324
247003589
51003611
246003611
247003613
185350
247003615
51003637
246003637
247003639
185416
247003641
151003663
246003663
247003665
185442
247003667
46003689
247003689
248003691
185508
247003693
46003715
247003715
248003717
185534
247003719
146003741
247003741
248003743
185600
247003745
46003767
247003767
248003769
185626
247003771
151003793
246003793
247003795
185652
247003797
46003819
247003819
248003821
185718
247003823
151003845
246003845
247003847
185744
247003849
51003871
246003871
247003873
185810
247003875
51003897
246003897
247003899
185836
247003901
51003923
246003923
247003925
185902
247003927
51003949
246003949
247003951
185928
247003953
51003975
246003975
247003977
185954
247003979
51004001
246004001
247004003
190020
247004005
51004027
246004027
247004029
190046
247004031
51004053
246004053
247004055
190112
247004057
246004079
247004081
190138
247004083
246004105
247004107
190204
247004109
51004131
246004131
247004133
190230
247004135
46004157
247004157
248004159
190256
247004161
51004183
246004183
247004185
190322
247004187
46004209
247004209
248004211
190348
247004213
46004235
247004235
248004237
190414
247004239
46004261
247004261
248004263
190440
247004265
247004287
248004289
190506
247004291
51004313
246004313
247004315
190532
247004317
51004339
246004339
247004341
190558
247004343
246004365
247004367
190624
247004369
246004391
247004393
190650
247004395
247004417
248004419
190716
247004421
46004443
247004443
248004445
190742
247004447
46004469
247004469
248004471
190808
247004473
52004495
246004495
247004497
190834
247004499
51004521
246004521
247004523
190900
247004525
151004547
246004547
247004549
190926
247004551
51004573
246004573
247004575
190952
247004577
51004599
246004599
247004601
191018
248004603
246004625
247004627
191044
248004629
151004651
246004651
247004653
191110
248004655
51004677
246004677
247004679
191136
250004681
51004703
246004703
247004705
191202
249004707
46004729
247004729
248004731
191228
248004733
52004755
246004755
247004757
191254
247004759
46004781
247004781
248004783
191320
247004785
51004807
246004807
247004809
191346
247004811
51004833
246004833
247004835
247
191412
247004837
51004859
246004859
247004861
191438
247004863
46004885
247004885
248004887
191504
247004889
247004911
248004913
191530
247004915
51004937
246004937
247004939
191556
247004941
246004963
247004965
191622
247004967
151004989
246004989
247004991
191648
248004993
246005015
247005017
191714
247005019
51005041
246005041
247005043
191740
247005045
46005067
247005067
248005069
191806
247005071
51005093
246005093
247005095
191832
247005097
246005119
247005121
191858
247005123
46005145
247005145
248005147
191924
247005149
151005171
246005171
247005173
191950
247005175
151005197
246005197
247005199
192016
247005201
246005223
247005225
192042
248005227
51005249
246005249
247005251
192108
247005253
46005275
247005275
248005277
192134
247005279
246005301
247005303
192200
247005305
51005327
246005327
247005329
192226
249005331
246005353
247005355
192252
247005357
51005379
246005379
247005381
192318
247005383
51005405
246005405
247005407
192344
247005409
51005431
246005431
247005433
192410
248005435
246005457
247005459
192436
247005461
51005483
246005483
247005485
192502
247005487
51005509
246005509
247005511
192528
247005513
51005535
246005535
247005537
192554
247005539
51005561
246005561
247005563
192620
247005565
246005587
247005589
192646
248005591
151005613
246005613
247005615
192712
247005617
51005639
247005639
248005641
192738
247005643
51005665
246005665
247005667
192804
247005669
246005691
247005693
192830
247005695
697005695
46005717
247005717
248005719
192856
247005721
246005743
247005745
192922
247005747
51005769
246005769
247005771
192948
247005773
248005775
51005795
246005795
247005797
193014
247005799
248005801
51005821
246005821
247005823
193040
247005825
248005827
46005847
247005847
248005849
193106
247005851
248005853
246005873
247005875
193132
247005877
151005899
246005899
247005901
193158
247005903
51005925
249005925
246005927
193224
248005929
51005951
246005951
247005953
193250
247005955
150005977
247005977
246005979
193316
247005981
247006003
246006005
193342
247006007
797006007
150006029
247006029
246006031
193408
247006033
50006055
247006055
246006057
193434
247006059
247006081
246006083
193500
251006085
247006107
246006109
193526
250006111
50006133
247006133
246
246006135
193552
250006137
50006159
247006159
246006161
193618
250006163
50006185
247006185
246006187
193644
250006189
50006211
247006211
246006213
193710
251006215
247006237
246006239
193736
250006241
50006263
247006263
246006265
193802
250006267
150006289
247006289
246006291
193828
250006293
50006315
247006315
246006317
193854
250006319
247006341
246006343
193920
250006345
247006367
246006369
193946
250006371
50006393
247006393
246006395
194012
250006397
247006419
246006421
194038
250006423
150006445
247006445
246006447
194104
250006449
50006471
247006471
246006473
194130
250006475
797006475
50006497
247006497
246006499
194156
250006501
247006523
246006525
194222
250006527
50006549
247006549
246006551
194248
250006553
50006575
247006575
246006577
194314
250006579
50006601
247006601
246006603
194340
250006605
797006605
50006627
247006627
246006629
194406
250006631
50006653
247006653
246006655
194432
250006657
50006679
247006679
246006681
194458
250006683
247006705
246006707
194524
250006709
247006731
246006733
194550
250006735
150006757
247006757
246006759
194616
250006761
150006783
247006783
246006785
194642
250006787
50006809
247006809
246006811
194708
250006813
50006835
247006835
246006837
194734
251006839
50006861
247006861
246006863
194800
251006865
247006887
246006889
194826
250006891
50006913
247006913
246006915
194852
250006917
150006939
247006939
246006941
194918
250006943
247006965
246006967
194944
250006969
697006969
150006991
247006991
246006993
195010
250006995
50007017
247007017
246007019
195036
250007021
50007043
247007043
246007045
195102
250007047
50007069
247007069
246007071
195128
250007073
97007083
48007095
251007095
251007097
195154
251007099
150007121
247007121
246007123
195220
250007125
249007147
247007149
195246
250007151
150007173
247007173
247007175
195312
250007177
247007199
246007201
195338
250007203
50007225
247007225
246007227
195404
250007229
50007251
247007251
246007253
195430
250007255
50007277
247007277
246007279
195456
250007281
150007303
247007303
246007305
195522
250007307
50007329
247007329
246007331
195548
250007333
50007355
247007355
246007357
195614
250007359
697007359
150007381
247007381
246007383
195640
251007385
50007407
247007407
246007409
245
195706
250007411
50007433
247007433
246007435
195732
251007437
50007459
247007459
246007461
195758
250007463
247007485
246007487
195824
251007489
797007489
50007511
247007511
246007513
195850
250007515
48007537
250007537
251007539
195916
250007541
150007563
248007563
247007565
195942
250007567
150007589
247007589
246007591
200008
250007593
50007615
247007615
246007617
200034
250007619
247007641
246007643
200100
250007645
247007667
246007669
200126
250007671
251007693
251007695
200152
246007697
50007719
247007719
246007721
200218
250007723
150007745
247007745
246007747
200244
250007749
50007771
247007771
246007773
200310
250007775
50007797
247007797
246007799
200336
250007801
247007823
246007825
200402
250007827
50007849
247007849
246007851
200428
250007853
50007875
247007875
247007877
200454
246007879
50007901
247007901
246007903
200520
250007905
50007927
247007927
246007929
200546
250007931
50007953
247007953
246007955
200612
250007957
247007979
246007981
200638
250007983
50008005
247008005
246008007
200704
250008009
148008031
251008031
251008033
200730
250008035
797008035
48008057
250008057
251008059
200756
250008061
797008061
50008083
247008083
246008085
200822
250008087
50008109
247008109
246008111
200848
250008113
150008135
247008135
246008137
200914
250008139
247008161
246008163
200940
250008165
250008187
251008189
201006
250008191
50008213
247008213
246008215
201032
250008217
50008239
247008239
246008241
201058
250008243
50008265
247008265
246008267
201124
250008269
250008291
251008293
201150
250008295
250008317
251008319
201216
250008321
50008343
247008343
246008345
201242
250008347
50008369
247008369
246008371
201308
250008373
247008395
246008397
201334
250008399
148008421
250008421
251008423
201400
250008425
48008447
248008447
250008449
201426
250008451
797008451
48008473
249008473
250008475
201452
250008477
797008477
250008499
251008501
201518
250008503
797008503
48008525
251008525
251008527
201544
250008529
147008551
249008551
250008553
201610
250008555
47008577
249008577
250008579
201636
250008581
250008603
251008605
201702
250008607
48008629
250008629
251008631
201728
250008633
47008655
249008655
250008657
201754
246008659
47008681
249008681
250008683
201820
246008685
244
697008685
797008685
250008707
251008709
201846
246008711
48008733
250008733
251008735
201912
246008737
47008759
249008759
250008761
201938
246008763
47008785
249008785
250008787
202004
246008789
147008811
249008811
250008813
202030
246008815
48008837
250008837
251008839
202056
246008841
48008863
250008863
251008865
202122
246008867
47008889
249008889
250008891
202148
246008893
249008915
250008917
202214
246008919
797008919
147008941
249008941
250008943
202240
246008945
250008967
251008969
202306
246008971
48008993
250008993
251008995
202332
246008997
147009019
249009019
249009021
202358
246009023
47009045
249009045
250009047
202424
246009049
47009071
249009071
247009073
202450
246009075
47009097
250009097
251009099
202516
246009101
47009123
249009123
250009125
202542
246009127
147009149
249009149
250009151
202608
246009153
249009175
250009177
202634
246009179
47009201
249009201
250009203
202700
246009205
47009227
249009227
250009229
202726
246009231
249009253
250009255
202752
246009257
797009257
147009279
249009279
246009281
202818
246009283
48009305
250009305
251009307
202844
246009309
249009331
250009333
202910
246009335
249009357
250009359
202936
246009361
797009361
47009383
249009383
250009385
203002
246009387
47009409
249009409
250009411
203028
246009413
147009435
249009435
250009437
203054
246009439
249009461
250009463
203120
246009465
47009487
249009487
250009489
203146
246009491
147009513
249009513
250009515
203212
246009517
249009539
250009541
203238
246009543
47009565
249009565
250009567
203304
246009569
47009591
249009591
250009593
203330
246009595
47009617
249009617
250009619
203356
246009621
147009643
249009643
250009645
203422
246009647
248009669
246009671
203448
246009673
47009695
249009695
250009697
203514
246009699
797009699
249009721
250009723
203540
246009725
47009747
249009747
250009749
203606
246009751
147009773
249009773
250009775
203632
246009777
47009799
249009799
250009801
203658
246009803
249009825
250009827
203724
246009829
147009851
249009851
250009853
203750
246009855
249009877
248009879
203816
246009881
47009903
249009903
250009905
203842
246009907
47009929
249009929
250009931
203908
246009933
47009955
249009955
250009957
203934
246009959
47009981
249009981
243
250009983
204000
246009985
249010007
249010009
204026
246010011
47010033
249010033
250010035
204052
246010037
797010037
249010059
250010061
204118
246010063
47010085
249010085
250010087
204144
246010089
249010111
250010113
204210
246010115
47010137
249010137
250010139
204236
246010141
249010163
250010165
204302
246010167
47010189
249010189
250010191
204328
246010193
47010215
249010215
250010217
204354
246010219
147010241
249010241
250010243
204420
246010245
146010267
247010267
248010269
204446
246010271
247010293
248010295
204512
246010297
797010297
249010319
250010321
204538
246010323
47010345
249010345
250010347
204604
246010349
249010371
250010373
204630
246010375
147010397
249010397
248010399
204656
246010401
47010423
249010423
250010425
204722
246010427
247010449
248010451
204748
246010453
697010453
146010475
247010475
248010477
204814
246010479
249010501
250010503
204840
246010505
48010527
249010527
250010529
204906
246010531
47010553
249010553
250010555
204932
246010557
48010579
250010579
347010579
250010581
204958
246010583
247010605
248010607
205024
246010609
248010631
346010631
248010633
205050
246010635
248010657
346010657
248010659
205116
246010661
248010683
346010683
248010685
205142
246010687
247010709
248010711
205208
246010713
248010735
346010735
248010737
205234
246010739
248010761
346010761
248010763
205300
246010765
248010787
346010787
248010789
205326
246010791
248010813
346010813
248010815
205352
246010817
248010839
346010839
248010841
205418
246010843
248010865
346010865
248010867
205444
246010869
248010891
346010891
248010893
205510
246010895
248010917
346010917
248010919
205536
246010921
248010943
346010943
248010945
205602
246010947
248010969
346010969
248010971
205628
246010973
248010995
346010995
248010997
205654
246010999
248011021
346011021
248011023
205720
246011025
248011047
346011047
248011049
205746
246011051
248011073
346011073
248011075
205812
246011077
697011077
248011099
346011099
248011101
205838
246011103
248011125
346011125
248011127
205904
246011129
247011151
351011151
247011153
205930
246011155
248011177
346011177
248011179
205956
246011181
248011203
346011203
248011205
210022
246011207
248011229
346011229
248011231
210048
246011233
248011255
346011255
248011257
242
210114
246011259
248011281
346011281
248011283
210140
246011285
248011307
346011307
248011309
210206
246011311
247011333
351011333
247011335
210232
246011337
47011359
248011359
346011359
248011361
210258
247011363
248011385
346011385
248011387
210324
246011389
247011411
351011411
247011413
210350
246011415
247011437
348011437
247011439
210416
246011441
247011463
351011463
247011465
210442
246011467
697011467
247011489
351011489
247011491
210508
246011493
246011515
247011517
210534
246011519
51011541
246011541
247011543
210600
246011545
151011567
246011567
247011569
210626
246011571
51011593
246011593
247011595
210652
246011597
51011619
246011619
247011621
210718
246011623
697011623
246011645
247011647
210744
246011649
51011671
246011671
247011673
210810
246011675
51011697
246011697
247011699
210836
246011701
51011723
246011723
246011725
210902
246011727
51011749
246011749
247011751
210928
246011753
51011775
246011775
247011777
210954
246011779
246011801
247011803
211020
246011805
51011827
246011827
247011829
211046
246011831
697011831
51011853
246011853
247011855
211112
246011857
246011879
247011881
211138
246011883
51011905
246011905
247011907
211204
246011909
51011931
246011931
247011933
211230
246011935
51011957
246011957
247011959
211256
246011961
51011983
247011983
246011985
211322
246011987
50012009
247012009
246012011
211348
246012013
50012035
247012035
246012037
211414
246012039
50012061
247012061
246012063
211440
246012065
50012087
247012087
246012089
211506
246012091
50012113
247012113
246012115
211532
246012117
148012139
250012139
251012141
211558
246012143
48012165
250012165
251012167
211624
246012169
697012169
48012191
250012191
251012193
211650
246012195
50012217
250012217
251012219
211716
246012221
251012243
348012243
251012245
211742
246012247
251012269
348012269
251012271
211808
246012273
251012295
348012295
251012297
211834
246012299
251012321
348012321
251012323
211900
246012325
251012347
348012347
251012349
211926
246012351
251012373
349012373
251012375
211952
246012377
250012399
350012399
251012401
212018
246012403
251012425
349012425
251012427
212044
246012429
48012451
251012451
251012453
212110
246012455
47012477
250012477
250012479
352012479
212136
246012481
147012503
241
249012503
251012505
212202
246012507
47012529
250012529
246012531
212228
246012533
250012555
251012557
212254
246012559
247012581
248012583
212320
246012585
146012607
247012607
248012609
212346
246012611
46012633
247012633
248012635
212412
246012637
146012659
247012659
248012661
212438
246012663
51012685
246012685
247012687
212504
246012689
51012711
246012711
247012713
212530
246012715
51012737
246012737
247012739
212556
246012741
247012763
246012765
212622
246012767
50012789
247012789
246012791
212648
246012793
51012815
247012815
246012817
212714
246012819
251012841
252012843
212740
246012845
148012867
251012867
252012869
212806
246012871
148012893
251012893
252012895
212832
246012897
48012919
251012919
252012921
212858
246012923
251012945
252012947
212924
246012949
47012971
250012971
251012973
212950
246012975
250012997
251012999
213016
246013001
147013023
250013023
251013025
213042
246013027
46013049
248013049
249013051
213108
246013053
146013075
248013075
249013077
213134
246013079
248013101
249013103
213200
246013105
248013127
249013129
213226
246013131
247013153
247013155
213252
246013157
52013179
247013179
247013181
213318
246013183
52013205
247013205
247013207
213344
246013209
51013231
248013231
247013233
213410
246013235
248013257
247013259
213436
246013261
48013283
251013283
252013285
213502
246013287
49013309
251013309
252013311
213528
246013313
47013335
250013335
251013337
213554
246013339
47013361
250013361
251013363
213620
246013365
250013387
251013389
213646
246013391
47013413
248013413
249013415
213712
246013417
247013439
248013441
213738
246013443
151013465
251013465
252013467
213804
246013469
51013491
248013491
247013493
213830
246013495
48013517
247013517
247013519
213856
246013521
251013543
252013545
213922
246013547
47013569
251013569
252013571
213948
246013573
-1
-1
-1
-1
-1
-1
-1
-1
-1
-1
-1
-1
-1
-1
-1
-1
-1
-1
-1
-1
-1
-1
-1
-1
-1
-1
-1
-1
-1
-1
-1
-1
-1
-1
-1
-1
-1
-1
-1
-1
-1
-1
-1
-1
240
-1
-1
-1
-1
-1
-1
-1
-1
-1
-1
-1
-1
-1
-1
-1
-1
-1
-1
-1
-1
-1
-1
-1
-1
-1
-1
-1
-1
-1
-1
-1
-1
-1
-1
-1
-1
-1
-1
-1
-1
-1
-1
-1
-1
-1
-1
-1
-1
-1
-1
-1
-1
-1
-1
-1
-1
-1
-1
-1
-1
-1
-1
-1
-1
-1
-1
-1
-1
-1
-1
-1
-1
-1
-1
-1
-1
-1
-1
-1
-1
-1
-1
-1
-1
-1
-1
-1
-1
-1
-1
-1
-1
-1
-1
-1
-1
-1
-1
-1
-1
-1
-1
-1
-1
-1
-1
-1
-1
-1
-1
-1
-1
-1
-1
-1
-1
-1
-1
-1
-1
-1
-1
-1
-1
-1
-1
-1
-1
-1
-1
-1
-1
-1
-1
-1
-1
-1
-1
-1
-1
-1
-1
-1
-1
-1
-1
-1
-1
-1
-1
-1
-1
-1
-1
-1
-1
-1
-1
-1
-1
-1
-1
-1
-1
-1
-1
-1
-1
-1
-1
-1
-1
-1
-1
-1
-1
-1
-1
-1
-1
-1
-1
-1
-1
-1
-1
-1
-1
-1
-1
-1
-1
-1
-1
-1
-1
-1
-1
-1
-1
-1
-1
-1
-1
-1
-1
-1
-1
-1
-1
-1
-1
-1
-1
-1
-1
-1
-1
-1
-1
-1
-1
-1
-1
-1
-1
-1
-1
-1
-1
-1
-1
-1
-1
-1
-1
-1
-1
-1
-1
239
-1
-1
-1
-1
-1
-1
-1
-1
-1
-1
-1
-1
-1
-1
-1
-1
-1
-1
-1
-1
-1
-1
-1
-1
-1
-1
-1
-1
-1
-1
-1
-1
-1
-1
-1
-1
-1
-1
-1
-1
-1
-1
-1
-1
-1
-1
-1
-1
-1
-1
-1
-1
-1
-1
-1
-1
-1
-1
-1
-1
-1
-1
-1
-1
-1
-1
-1
-1
-1
-1
-1
-1
-1
-1
-1
-1
-1
-1
-1
-1
-1
-1
-1
-1
-1
-1
-1
-1
-1
-1
-1
-1
-1
-1
-1
-1
-1
-1
-1
-1
-1
-1
-1
-1
-1
-1
-1
-1
-1
-1
-1
-1
-1
-1
-1
-1
-1
-1
-1
-1
-1
-1
-1
-1
-1
-1
-1
-1
-1
-1
-1
-1
-1
-1
-1
-1
-1
-1
-1
-1
-1
-1
-1
-1
-1
-1
-1
-1
-1
-1
-1
-1
-1
-1
-1
-1
-1
-1
-1
-1
-1
-1
-1
-1
-1
-1
-1
-1
-1
-1
-1
-1
-1
-1
-1
-1
-1
-1
-1
-1
-1
-1
-1
-1
-1
-1
-1
-1
-1
-1
-1
-1
-1
-1
-1
-1
-1
-1
-1
-1
-1
-1
-1
-1
-1
-1
-1
-1
-1
-1
-1
-1
-1
-1
-1
-1
-1
-1
-1
-1
-1
-1
-1
-1
-1
-1
-1
-1
-1
-1
-1
-1
-1
-1
-1
-1
-1
-1
-1
-1
238
-1
-1
-1
-1
-1
-1
-1
-1
-1
-1
-1
-1
-1
-1
-1
-1
-1
-1
-1
-1
-1
-1
-1
-1
-1
-1
-1
-1
-1
-1
-1
-1
-1
-1
-1
-1
-1
-1
-1
-1
-1
-1
-1
-1
-1
-1
-1
-1
-1
-1
-1
-1
-1
-1
-1
-1
-1
-1
-1
-1
-1
-1
-1
-1
-1
-1
-1
-1
-1
-1
-1
-1
-1
-1
-1
-1
-1
-1
-1
-1
-1
-1
-1
-1
-1
-1
-1
-1
-1
-1
-1
-1
-1
-1
-1
-1
-1
-1
-1
-1
-1
-1
-1
-1
-1
-1
-1
-1
-1
-1
-1
-1
-1
-1
-1
-1
-1
-1
-1
-1
-1
-1
-1
-1
-1
-1
-1
-1
-1
-1
-1
-1
-1
-1
-1
-1
-1
-1
-1
-1
-1
-1
-1
-1
-1
-1
-1
-1
-1
-1
-1
-1
-1
-1
-1
-1
-1
-1
-1
-1
-1
-1
-1
-1
-1
-1
-1
-1
-1
-1
-1
-1
-1
-1
-1
-1
-1
-1
-1
-1
-1
-1
-1
-1
-1
-1
-1
-1
-1
-1
-1
-1
-1
-1
-1
-1
-1
-1
-1
-1
-1
-1
-1
-1
-1
-1
-1
-1
-1
-1
-1
-1
-1
-1
-1
-1
-1
-1
-1
-1
-1
-1
-1
-1
-1
-1
-1
-1
-1
-1
-1
-1
-1
-1
-1
-1
-1
-1
-1
-1
237
-1
-1
-1
-1
-1
-1
-1
-1
-1
-1
-1
-1
-1
-1
-1
-1
-1
-1
-1
-1
-1
-1
-1
-1
-1
-1
-1
-1
-1
-1
-1
-1
-1
-1
-1
-1
-1
-1
-1
-1
-1
-1
-1
-1
-1
-1
-1
-1
-1
-1
-1
-1
-1
-1
-1
-1
-1
-1
-1
-1
-1
-1
-1
-1
-1
-1
-1
-1
-1
-1
-1
-1
-1
-1
-1
-1
-1
-1
-1
-1
-1
-1
-1
-1
-1
-1
-1
-1
-1
-1
-1
-1
-1
-1
-1
-1
-1
-1
-1
-1
-1
-1
-1
-1
-1
-1
-1
-1
-1
-1
-1
-1
-1
-1
-1
-1
-1
-1
-1
-1
-1
-1
-1
-1
-1
-1
-1
-1
-1
-1
-1
-1
-1
-1
-1
-1
-1
-1
-1
-1
-1
-1
-1
-1
-1
-1
-1
-1
-1
-1
-1
-1
-1
-1
-1
-1
-1
-1
-1
-1
-1
-1
-1
-1
-1
-1
-1
-1
-1
-1
-1
-1
-1
-1
-1
-1
-1
-1
-1
-1
-1
-1
-1
-1
-1
-1
-1
-1
-1
-1
-1
-1
-1
-1
-1
-1
-1
-1
-1
-1
-1
-1
-1
-1
-1
-1
-1
-1
-1
-1
-1
-1
-1
-1
-1
-1
-1
-1
-1
-1
-1
-1
-1
-1
-1
-1
-1
-1
-1
-1
-1
-1
-1
-1
-1
-1
-1
-1
-1
-1
236
-1
-1
-1
-1
-1
-1
-1
-1
-1
-1
-1
-1
-1
-1
-1
-1
-1
-1
-1
-1
-1
-1
-1
-1
-1
-1
-1
-1
-1
-1
-1
-1
-1
-1
-1
-1
-1
-1
-1
-1
-1
-1
-1
-1
-1
-1
-1
-1
-1
-1
-1
-1
-1
-1
-1
-1
-1
-1
-1
-1
-1
-1
-1
-1
-1
-1
-1
-1
-1
-1
-1
-1
-1
-1
-1
-1
-1
-1
-1
-1
-1
-1
-1
-1
-1
-1
-1
-1
-1
-1
-1
-1
-1
-1
-1
-1
-1
-1
-1
-1
-1
-1
-1
-1
-1
-1
-1
-1
-1
-1
-1
-1
-1
-1
-1
-1
-1
-1
-1
-1
-1
-1
-1
-1
-1
-1
-1
-1
-1
-1
-1
-1
-1
-1
-1
-1
-1
-1
-1
-1
-1
-1
-1
-1
-1
-1
-1
-1
-1
-1
-1
-1
-1
-1
-1
-1
-1
-1
-1
-1
-1
-1
-1
-1
-1
-1
-1
-1
-1
-1
-1
-1
-1
-1
-1
-1
-1
-1
-1
-1
-1
-1
-1
-1
-1
-1
-1
-1
-1
-1
-1
-1
-1
-1
-1
-1
-1
-1
-1
-1
-1
-1
-1
-1
-1
-1
-1
-1
-1
-1
-1
-1
-1
-1
-1
-1
-1
-1
-1
-1
-1
-1
-1
-1
-1
-1
-1
-1
-1
-1
-1
-1
-1
-1
-1
-1
-1
-1
-1
-1
Reading ROM complete
