250
554361,0,-59
554361,1,-77
554361,2,-38
554361,3,-128
554361,4,-128
554361,5,-128
554361,6,-128
554361,7,-128
554361,8,-128
554361,9,-128
554361,10,-128
554361,11,-128
554361,12,-128
554361,13,-128
554361,14,-128
630013,0,-68
630013,1,-85
630013,2,-38
630013,3,-128
630013,4,-81
630013,5,-78
630013,6,-51
630013,7,-50
630013,8,-63
630013,9,-89
630013,10,-60
630013,11,-66
630013,12,-63
630013,13,-88
630013,14,-68
705637,0,-58
705637,1,-78
705637,2,-38
705637,3,-128
705637,4,-79
705637,5,-79
705637,6,-45
705637,7,-59
705637,8,-64
705637,9,-85
705637,10,-66
705637,11,-70
705637,12,-63
705637,13,-88
705637,14,-70
781250,0,-75
781250,1,-84
781250,2,-38
781250,3,-128
781250,4,-82
781250,5,-86
781250,6,-48
781250,7,-56
781250,8,-60
781250,9,-87
781250,10,-56
781250,11,-66
781250,12,-66
781250,13,-91
781250,14,-69
856855,0,-70
856855,1,-70
856855,2,-128
856855,3,-67
856855,4,-81
856855,5,-76
856855,6,-74
856855,7,-72
856855,8,-75
856855,9,-73
856855,10,-85
856855,11,-87
856855,12,-78
856855,13,-67
856855,14,-81
0,0,0
0,0,0
0,0,0
0,0,0
0,0,0
249
932502,0,-66
932502,1,-73
932502,2,-56
932502,3,-128
932502,4,-75
932502,5,-88
932502,6,-88
932502,7,-84
932502,8,-75
932502,9,-71
932502,10,-72
932502,11,-74
932502,12,-82
932502,13,-67
932502,14,-76
1008073,0,-64
1008073,1,-75
1008073,2,-61
1008073,3,-128
1008073,4,-85
1008073,5,-78
1008073,6,-85
1008073,7,-83
1008073,8,-69
1008073,9,-83
1008073,10,-63
1008073,11,-55
1008073,12,-84
1008073,13,-80
1008073,14,-73
1083647,0,-68
1083647,1,-75
1083647,2,-60
1083647,3,-128
1083647,4,-82
1083647,5,-83
1083647,6,-84
1083647,7,-78
1083647,8,-79
1083647,9,-86
1083647,10,-60
1083647,11,-60
1083647,12,-93
1083647,13,-128
1083647,14,-68
1159173,0,-75
1159173,1,-65
1159173,2,-63
1159173,3,-128
1159173,4,-93
1159173,5,-87
1159173,6,-93
1159173,7,-93
1159173,8,-91
1159173,9,-92
1159173,10,-77
1159173,11,-61
1159173,12,-128
1159173,13,-128
1159174,14,-92
1234681,0,-69
1234681,1,-81
1234681,2,-84
1234681,3,-128
1234681,4,-72
1234681,5,-86
1234681,6,-89
1234681,7,-70
1234681,8,-68
1234681,9,-82
1234681,10,-82
1234681,11,-85
1234681,12,-128
1234681,13,-128
1234681,14,-87
0,0,0
0,0,0
0,0,0
0,0,0
0,0,0
248
1310263,0,-68
1310263,1,-81
1310263,2,-90
1310263,3,-128
1310263,4,-72
1310263,5,-77
1310263,6,-86
1310263,7,-70
1310263,8,-67
1310263,9,-84
1310263,10,-82
1310263,11,-89
1310263,12,-128
1310263,13,-128
1310263,14,-82
1385781,0,-69
1385781,1,-83
1385781,2,-91
1385781,3,-128
1385781,4,-73
1385781,5,-82
1385781,6,-85
1385781,7,-70
1385781,8,-71
1385781,9,-83
1385781,10,-85
1385781,11,-89
1385781,12,-128
1385781,13,-128
1385781,14,-128
1461299,0,-73
1461299,1,-81
1461299,2,-88
1461299,3,-128
1461299,4,-72
1461299,5,-79
1461299,6,-83
1461299,7,-68
1461299,8,-67
1461299,9,-79
1461299,10,-74
1461299,11,-87
1461299,12,-128
1461299,13,-128
1461299,14,-128
1536817,0,-69
1536817,1,-85
1536817,2,-90
1536817,3,-128
1536817,4,-71
1536817,5,-79
1536817,6,-85
1536817,7,-68
1536817,8,-68
1536817,9,-85
1536817,10,-73
1536817,11,-86
1536817,12,-128
1536817,13,-128
1536817,14,-128
1612336,0,-73
1612336,1,-81
1612336,2,-88
1612336,3,-128
1612336,4,-74
1612336,5,-76
1612336,6,-85
1612336,7,-70
1612336,8,-68
1612336,9,-84
1612336,10,-78
1612336,11,-88
1612336,12,-128
1612336,13,-128
1612336,14,-128
0,0,0
0,0,0
0,0,0
0,0,0
0,0,0
247
1687919,0,-68
1687919,1,-81
1687919,2,-89
1687919,3,-128
1687919,4,-72
1687919,5,-78
1687919,6,-83
1687919,7,-70
1687919,8,-68
1687919,9,-78
1687919,10,-76
1687919,11,-88
1687919,12,-128
1687919,13,-128
1687919,14,-128
1763434,0,-68
1763434,1,-81
1763434,2,-89
1763434,3,-128
1763434,4,-72
1763434,5,-76
1763434,6,-84
1763434,7,-68
1763434,8,-68
1763434,9,-83
1763434,10,-85
1763434,11,-89
1763434,12,-128
1763434,13,-128
1763434,14,-128
1838947,0,-72
1838947,1,-81
1838947,2,-92
1838947,3,-128
1838947,4,-72
1838947,5,-79
1838947,6,-84
1838947,7,-68
1838947,8,-68
1838947,9,-90
1838947,10,-74
1838947,11,-88
1838947,12,-128
1838947,13,-128
1838947,14,-128
1914457,0,-68
1914457,1,-82
1914457,2,-90
1914457,3,-128
1914457,4,-72
1914457,5,-80
1914457,6,-83
1914457,7,-68
1914457,8,-69
1914457,9,-79
1914457,10,-74
1914457,11,-88
1914457,12,-128
1914457,13,-128
1914457,14,-128
1989971,0,-68
1989971,1,-128
1989971,2,-93
1989971,3,-128
1989971,4,-72
1989971,5,-82
1989971,6,-86
1989971,7,-72
1989971,8,-68
1989971,9,-83
1989971,10,-84
1989971,11,-85
1989971,12,-128
1989971,13,-128
1989971,14,-128
0,0,0
0,0,0
0,0,0
0,0,0
0,0,0
246
2065553,0,-70
2065553,1,-128
2065553,2,-91
2065553,3,-128
2065553,4,-72
2065553,5,-84
2065553,6,-87
2065553,7,-68
2065553,8,-69
2065553,9,-81
2065553,10,-77
2065553,11,-84
2065553,12,-128
2065553,13,-128
2065553,14,-128
2141070,0,-71
2141070,1,-89
2141070,2,-90
2141070,3,-128
2141070,4,-81
2141070,5,-77
2141070,6,-85
2141070,7,-75
2141070,8,-68
2141070,9,-81
2141070,10,-74
2141070,11,-92
2141070,12,-128
2141070,13,-128
2141070,14,-128
2216589,0,-78
2216589,1,-84
2216589,2,-89
2216589,3,-128
2216589,4,-82
2216589,5,-86
2216589,6,-89
2216589,7,-75
2216589,8,-68
2216589,9,-79
2216589,10,-77
2216589,11,-88
2216589,12,-128
2216589,13,-128
2216589,14,-128
2292115,0,-80
2292115,1,-86
2292115,2,-82
2292115,3,-128
2292115,4,-73
2292115,5,-85
2292115,6,-89
2292115,7,-70
2292115,8,-72
2292115,9,-79
2292115,10,-74
2292115,11,-86
2292115,12,-128
2292115,13,-128
2292115,14,-128
2367643,0,-75
2367643,1,-85
2367643,2,-85
2367643,3,-128
2367643,4,-72
2367643,5,-80
2367643,6,-91
2367643,7,-73
2367643,8,-69
2367643,9,-87
2367643,10,-84
2367643,11,-84
2367643,12,-128
2367643,13,-128
2367643,14,-128
0,0,0
0,0,0
0,0,0
0,0,0
0,0,0
245
2443241,0,-68
2443241,1,-81
2443241,2,-84
2443241,3,-128
2443241,4,-72
2443241,5,-82
2443241,6,-89
2443241,7,-68
2443241,8,-71
2443241,9,-83
2443241,10,-74
2443241,11,-86
2443241,12,-128
2443241,13,-128
2443241,14,-128
2518776,0,-84
2518776,1,-87
2518776,2,-83
2518776,3,-128
2518776,4,-72
2518776,5,-82
2518776,6,-84
2518776,7,-74
2518776,8,-72
2518776,9,-78
2518776,10,-80
2518776,11,-85
2518776,12,-128
2518776,13,-128
2518776,14,-128
2594310,0,-81
2594310,1,-87
2594310,2,-90
2594310,3,-128
2594310,4,-72
2594310,5,-75
2594310,6,-84
2594310,7,-69
2594310,8,-69
2594310,9,-86
2594310,10,-82
2594310,11,-91
2594310,12,-93
2594310,13,-128
2594310,14,-128
2669850,0,-80
2669850,1,-82
2669850,2,-83
2669850,3,-128
2669850,4,-82
2669850,5,-78
2669850,6,-91
2669850,7,-70
2669850,8,-68
2669850,9,-81
2669850,10,-75
2669850,11,-85
2669850,12,-92
2669850,13,-128
2669850,14,-128
2745387,0,-89
2745387,1,-87
2745387,2,-84
2745387,3,-128
2745387,4,-77
2745387,5,-82
2745387,6,-89
2745387,7,-72
2745387,8,-68
2745387,9,-78
2745387,10,-74
2745387,11,-88
2745387,12,-128
2745387,13,-128
2745387,14,-128
0,0,0
0,0,0
0,0,0
0,0,0
0,0,0
244
2820951,0,-92
2820951,1,-85
2820951,2,-82
2820951,3,-128
2820951,4,-78
2820951,5,-80
2820951,6,-85
2820951,7,-70
2820951,8,-69
2820951,9,-79
2820951,10,-79
2820951,11,-89
2820951,12,-93
2820951,13,-93
2820951,14,-128
2896445,0,-92
2896445,1,-87
2896445,2,-85
2896445,3,-128
2896445,4,-93
2896445,5,-78
2896445,6,-89
2896445,7,-69
2896445,8,-67
2896445,9,-82
2896445,10,-75
2896445,11,-90
2896445,12,-93
2896445,13,-128
2896445,14,-128
2971934,0,-93
2971934,1,-85
2971934,2,-85
2971934,3,-128
2971934,4,-128
2971934,5,-83
2971934,6,-90
2971934,7,-73
2971934,8,-68
2971934,9,-92
2971934,10,-78
2971934,11,-90
2971934,12,-93
2971934,13,-128
2971934,14,-128
3047425,0,-93
3047425,1,-91
3047425,2,-81
3047425,3,-128
3047425,4,-128
3047425,5,-78
3047425,6,-86
3047425,7,-70
3047425,8,-71
3047425,9,-78
3047425,10,-83
3047425,11,-89
3047425,12,-93
3047425,13,-128
3047425,14,-128
3122916,0,-128
3122916,1,-85
3122916,2,-80
3122916,3,-128
3122916,4,-128
3122916,5,-76
3122916,6,-88
3122916,7,-71
3122916,8,-73
3122916,9,-88
3122916,10,-76
3122916,11,-86
3122916,12,-128
3122916,13,-128
3122916,14,-128
0,0,0
0,0,0
0,0,0
0,0,0
0,0,0
243
3198487,0,-88
3198487,1,-85
3198487,2,-87
3198487,3,-128
3198487,4,-128
3198487,5,-81
3198487,6,-89
3198487,7,-68
3198487,8,-67
3198487,9,-88
3198487,10,-84
3198487,11,-89
3198487,12,-93
3198487,13,-128
3198487,14,-128
3273961,0,-128
3273961,1,-84
3273961,2,-83
3273961,3,-128
3273961,4,-128
3273961,5,-83
3273961,6,-89
3273961,7,-74
3273961,8,-69
3273961,9,-88
3273961,10,-77
3273961,11,-86
3273961,12,-93
3273961,13,-128
3273961,14,-128
3349440,0,-128
3349440,1,-88
3349440,2,-83
3349440,3,-128
3349440,4,-91
3349440,5,-76
3349440,6,-87
3349440,7,-91
3349440,8,-87
3349440,9,-91
3349440,10,-89
3349440,11,-81
3349440,12,-128
3349440,13,-128
3349440,14,-128
3424911,0,-93
3424911,1,-90
3424911,2,-85
3424911,3,-128
3424911,4,-128
3424911,5,-80
3424911,6,-86
3424911,7,-88
3424911,8,-93
3424911,9,-85
3424911,10,-93
3424911,11,-88
3424911,12,-93
3424911,13,-128
3424911,14,-128
3500365,0,-93
3500365,1,-87
3500365,2,-89
3500365,3,-128
3500365,4,-128
3500365,5,-81
3500365,6,-87
3500365,7,-128
3500365,8,-93
3500365,9,-87
3500365,10,-128
3500365,11,-85
3500365,12,-93
3500365,13,-128
3500365,14,-128
0,0,0
0,0,0
0,0,0
0,0,0
0,0,0
242
3575911,0,-93
3575911,1,-90
3575911,2,-82
3575911,3,-128
3575911,4,-128
3575911,5,-80
3575911,6,-85
3575911,7,-92
3575911,8,-92
3575911,9,-90
3575911,10,-128
3575911,11,-89
3575911,12,-93
3575911,13,-128
3575911,14,-128
3651360,0,-128
3651360,1,-88
3651360,2,-87
3651360,3,-128
3651360,4,-92
3651360,5,-89
3651360,6,-86
3651360,7,-128
3651360,8,-128
3651360,9,-83
3651360,10,-128
3651360,11,-90
3651360,12,-92
3651360,13,-128
3651360,14,-128
3726786,0,-128
3726786,1,-83
3726786,2,-88
3726786,3,-128
3726786,4,-93
3726786,5,-128
3726786,6,-84
3726786,7,-128
3726786,8,-93
3726786,9,-90
3726786,10,-128
3726786,11,-84
3726786,12,-86
3726786,13,-128
3726786,14,-128
3802181,0,-128
3802181,1,-88
3802181,2,-85
3802181,3,-128
3802181,4,-128
3802181,5,-128
3802181,6,-128
3802181,7,-128
3802181,8,-128
3802181,9,-93
3802181,10,-128
3802181,11,-88
3802181,12,-128
3802181,13,-128
3802181,14,-128
3877572,0,-128
3877572,1,-128
3877572,2,-89
3877572,3,-128
3877572,4,-86
3877572,5,-91
3877572,6,-128
3877572,7,-128
3877572,8,-128
3877572,9,-128
3877572,10,-128
3877572,11,-85
3877572,12,-128
3877572,13,-128
3877572,14,-128
0,0,0
0,0,0
0,0,0
0,0,0
0,0,0
241
3953029,0,-93
3953029,1,-93
3953029,2,-85
3953029,3,-128
3953029,4,-128
3953029,5,-93
3953029,6,-128
3953029,7,-70
3953029,8,-128
3953029,9,-93
3953029,10,-128
3953029,11,-86
3953029,12,-128
3953029,13,-93
3953029,14,-128
4028450,0,-92
4028450,1,-93
4028450,2,-89
4028450,3,-128
4028450,4,-93
4028450,5,-92
4028450,6,-128
4028450,7,-128
4028450,8,-128
4028450,9,-92
4028450,10,-128
4028450,11,-82
4028450,12,-87
4028450,13,-93
4028450,14,-128
4103681,0,-93
4103681,1,-93
4103681,2,-86
4103681,3,-128
4103681,4,-128
4103681,5,-92
4103681,6,-128
4103681,7,-128
4103681,8,-128
4103681,9,-93
4103681,10,-128
4103681,11,-87
4103681,12,-128
4103681,13,-93
4103681,14,-128
4179068,0,-92
4179068,1,-93
4179068,2,-91
4179068,3,-128
4179068,4,-128
4179068,5,-92
4179068,6,-128
4179068,7,-128
4179068,8,-128
4179068,9,-128
4179068,10,-87
4179068,11,-85
4179068,12,-128
4179068,13,-92
4179068,14,-128
4254416,0,-93
4254416,1,-93
4254416,2,-128
4254416,3,-128
4254416,4,-128
4254416,5,-92
4254416,6,-128
4254416,7,-128
4254416,8,-128
4254416,9,-93
4254416,10,-93
4254416,11,-90
4254416,12,-128
4254416,13,-128
4254416,14,-128
0,0,0
0,0,0
0,0,0
0,0,0
0,0,0
240
4329830,0,-93
4329830,1,-89
4329830,2,-85
4329830,3,-128
4329830,4,-128
4329830,5,-92
4329830,6,-128
4329830,7,-128
4329830,8,-128
4329830,9,-93
4329830,10,-88
4329830,11,-91
4329830,12,-128
4329830,13,-128
4329830,14,-128
4405202,0,-93
4405202,1,-90
4405202,2,-92
4405202,3,-128
4405202,4,-128
4405202,5,-83
4405202,6,-128
4405202,7,-93
4405202,8,-128
4405202,9,-128
4405202,10,-91
4405202,11,-87
4405202,12,-128
4405202,13,-93
4405202,14,-128
4480544,0,-93
4480544,1,-93
4480544,2,-128
4480544,3,-128
4480544,4,-128
4480544,5,-93
4480544,6,-128
4480544,7,-93
4480544,8,-128
4480544,9,-92
4480544,10,-128
4480544,11,-90
4480544,12,-93
4480544,13,-93
4480544,14,-128
4555903,0,-93
4555903,1,-72
4555903,2,-128
4555903,3,-128
4555903,4,-128
4555903,5,-77
4555903,6,-128
4555903,7,-93
4555903,8,-128
4555903,9,-93
4555903,10,-128
4555903,11,-90
4555903,12,-93
4555903,13,-93
4555903,14,-128
4631291,0,-128
4631291,1,-76
4631291,2,-128
4631291,3,-128
4631291,4,-93
4631291,5,-91
4631291,6,-128
4631291,7,-93
4631291,8,-128
4631291,9,-93
4631291,10,-128
4631291,11,-89
4631291,12,-128
4631291,13,-128
4631291,14,-128
0,0,0
0,0,0
0,0,0
0,0,0
0,0,0
239
4706744,0,-93
4706744,1,-76
4706744,2,-128
4706744,3,-128
4706744,4,-93
4706744,5,-83
4706744,6,-128
4706744,7,-128
4706744,8,-128
4706744,9,-93
4706744,10,-128
4706744,11,-90
4706744,12,-93
4706744,13,-93
4706744,14,-128
4782137,0,-93
4782137,1,-81
4782137,2,-93
4782137,3,-128
4782137,4,-92
4782137,5,-76
4782137,6,-128
4782137,7,-93
4782137,8,-128
4782137,9,-92
4782137,10,-128
4782137,11,-90
4782137,12,-128
4782137,13,-128
4782137,14,-128
4857536,0,-93
4857536,1,-85
4857536,2,-91
4857536,3,-128
4857536,4,-92
4857536,5,-81
4857536,6,-128
4857536,7,-93
4857536,8,-128
4857536,9,-91
4857536,10,-128
4857536,11,-90
4857536,12,-128
4857536,13,-93
4857536,14,-128
4932897,0,-93
4932897,1,-77
4932897,2,-128
4932897,3,-128
4932897,4,-128
4932897,5,-92
4932897,6,-128
4932897,7,-93
4932897,8,-128
4932897,9,-128
4932897,10,-128
4932897,11,-91
4932897,12,-128
4932897,13,-128
4932897,14,-128
5008262,0,-93
5008262,1,-93
5008262,2,-128
5008262,3,-128
5008262,4,-128
5008262,5,-83
5008262,6,-128
5008262,7,-128
5008262,8,-128
5008262,9,-128
5008262,10,-128
5008262,11,-128
5008262,12,-128
5008262,13,-128
5008262,14,-128
0,0,0
0,0,0
0,0,0
0,0,0
0,0,0
238
5083694,0,-93
5083694,1,-92
5083694,2,-93
5083694,3,-128
5083694,4,-128
5083694,5,-81
5083694,6,-128
5083694,7,-128
5083694,8,-128
5083694,9,-128
5083694,10,-128
5083694,11,-93
5083694,12,-128
5083694,13,-128
5083694,14,-128
5159055,0,-93
5159055,1,-74
5159055,2,-85
5159055,3,-128
5159055,4,-128
5159055,5,-81
5159055,6,-128
5159055,7,-128
5159055,8,-128
5159055,9,-93
5159055,10,-91
5159055,11,-128
5159055,12,-128
5159055,13,-128
5159055,14,-128
5234422,0,-93
5234422,1,-93
5234422,2,-91
5234422,3,-128
5234422,4,-93
5234422,5,-85
5234422,6,-128
5234422,7,-93
5234422,8,-128
5234422,9,-93
5234422,10,-93
5234422,11,-128
5234422,12,-128
5234422,13,-128
5234422,14,-128
5309785,0,-128
5309785,1,-85
5309785,2,-92
5309785,3,-128
5309785,4,-128
5309785,5,-86
5309785,6,-128
5309785,7,-128
5309785,8,-128
5309785,9,-93
5309785,10,-128
5309785,11,-128
5309785,12,-128
5309785,13,-128
5309785,14,-128
5385157,0,-93
5385157,1,-87
5385157,2,-93
5385157,3,-128
5385157,4,-128
5385157,5,-83
5385157,6,-128
5385157,7,-93
5385157,8,-128
5385157,9,-128
5385157,10,-128
5385157,11,-128
5385157,12,-128
5385157,13,-128
5385157,14,-128
0,0,0
0,0,0
0,0,0
0,0,0
0,0,0
237
5460617,0,-128
5460617,1,-78
5460617,2,-92
5460617,3,-128
5460617,4,-128
5460617,5,-86
5460617,6,-128
5460617,7,-128
5460617,8,-128
5460617,9,-93
5460617,10,-128
5460617,11,-128
5460617,12,-128
5460617,13,-128
5460617,14,-128
5536005,0,-128
5536005,1,-83
5536005,2,-92
5536005,3,-128
5536005,4,-128
5536005,5,-80
5536005,6,-128
5536005,7,-128
5536005,8,-128
5536005,9,-93
5536005,10,-128
5536005,11,-128
5536005,12,-128
5536005,13,-128
5536005,14,-128
5611387,0,-93
5611387,1,-84
5611387,2,-92
5611387,3,-128
5611387,4,-128
5611387,5,-75
5611387,6,-128
5611387,7,-128
5611387,8,-128
5611387,9,-92
5611387,10,-128
5611387,11,-128
5611387,12,-128
5611387,13,-128
5611387,14,-128
5686774,0,-128
5686774,1,-86
5686774,2,-79
5686774,3,-128
5686774,4,-128
5686774,5,-86
5686774,6,-128
5686774,7,-128
5686774,8,-128
5686774,9,-93
5686774,10,-128
5686774,11,-128
5686774,12,-128
5686774,13,-128
5686774,14,-128
5762156,0,-128
5762156,1,-76
5762156,2,-85
5762156,3,-128
5762156,4,-128
5762156,5,-87
5762156,6,-128
5762156,7,-128
5762156,8,-128
5762156,9,-93
5762156,10,-128
5762156,11,-128
5762156,12,-128
5762156,13,-128
5762156,14,-128
0,0,0
0,0,0
0,0,0
0,0,0
0,0,0
236
5837609,0,-93
5837609,1,-74
5837609,2,-93
5837609,3,-128
5837609,4,-128
5837609,5,-84
5837609,6,-128
5837609,7,-128
5837609,8,-128
5837609,9,-128
5837609,10,-93
5837609,11,-128
5837609,12,-128
5837609,13,-128
5837609,14,-128
5912973,0,-128
5912973,1,-77
5912973,2,-128
5912973,3,-128
5912973,4,-128
5912973,5,-88
5912973,6,-128
5912973,7,-128
5912973,8,-128
5912973,9,-128
5912973,10,-128
5912973,11,-128
5912973,12,-128
5912973,13,-128
5912973,14,-128
5988355,0,-92
5988355,1,-92
5988355,2,-128
5988355,3,-128
5988355,4,-128
5988355,5,-88
5988355,6,-128
5988355,7,-128
5988355,8,-128
5988355,9,-128
5988355,10,-128
5988355,11,-128
5988355,12,-128
5988355,13,-128
5988355,14,-128
6063768,0,-82
6063768,1,-93
6063768,2,-84
6063768,3,-128
6063768,4,-87
6063768,5,-93
6063768,6,-93
6063768,7,-128
6063768,8,-128
6063768,9,-93
6063768,10,-93
6063768,11,-128
6063768,12,-128
6063768,13,-128
6063768,14,-128
6139126,0,-85
6139126,1,-90
6139126,2,-89
6139126,3,-128
6139126,4,-128
6139126,5,-93
6139126,6,-93
6139126,7,-128
6139126,8,-128
6139126,9,-91
6139126,10,-93
6139126,11,-128
6139126,12,-93
6139126,13,-93
6139126,14,-128
0,0,0
0,0,0
0,0,0
0,0,0
0,0,0
235
6214545,0,-128
6214545,1,-91
6214545,2,-128
6214545,3,-128
6214545,4,-128
6214545,5,-92
6214545,6,-128
6214545,7,-128
6214545,8,-128
6214545,9,-128
6214545,10,-93
6214545,11,-93
6214545,12,-93
6214545,13,-128
6214545,14,-128
6289890,0,-128
6289890,1,-82
6289890,2,-128
6289890,3,-128
6289890,4,-128
6289890,5,-92
6289890,6,-93
6289890,7,-128
6289890,8,-128
6289890,9,-128
6289890,10,-92
6289890,11,-92
6289890,12,-128
6289890,13,-128
6289890,14,-128
6365242,0,-91
6365242,1,-128
6365242,2,-128
6365242,3,-128
6365242,4,-128
6365242,5,-128
6365242,6,-128
6365242,7,-128
6365242,8,-128
6365242,9,-93
6365242,10,-128
6365242,11,-93
6365242,12,-93
6365242,13,-128
6365242,14,-128
6440584,0,-92
6440584,1,-93
6440584,2,-128
6440584,3,-128
6440584,4,-128
6440584,5,-93
6440584,6,-128
6440584,7,-128
6440584,8,-128
6440584,9,-128
6440584,10,-128
6440584,11,-92
6440584,12,-128
6440584,13,-128
6440584,14,-128
6515926,0,-93
6515926,1,-92
6515926,2,-128
6515926,3,-128
6515926,4,-128
6515926,5,-93
6515926,6,-128
6515926,7,-128
6515926,8,-128
6515926,9,-128
6515926,10,-128
6515926,11,-91
6515926,12,-93
6515926,13,-128
6515926,14,-128
0,0,0
0,0,0
0,0,0
0,0,0
0,0,0
234
6591350,0,-93
6591350,1,-128
6591350,2,-128
6591350,3,-128
6591350,4,-128
6591350,5,-128
6591350,6,-128
6591350,7,-128
6591350,8,-128
6591350,9,-128
6591350,10,-128
6591350,11,-93
6591350,12,-128
6591350,13,-128
6591350,14,-128
6666653,0,-93
6666653,1,-81
6666653,2,-128
6666653,3,-128
6666653,4,-128
6666653,5,-93
6666653,6,-93
6666653,7,-128
6666653,8,-128
6666653,9,-93
6666653,10,-128
6666653,11,-93
6666653,12,-128
6666653,13,-128
6666653,14,-128
6741988,0,-93
6741988,1,-85
6741988,2,-128
6741988,3,-128
6741988,4,-128
6741988,5,-93
6741988,6,-93
6741988,7,-128
6741988,8,-128
6741988,9,-93
6741988,10,-128
6741988,11,-93
6741988,12,-128
6741988,13,-128
6741988,14,-128
6817320,0,-93
6817320,1,-85
6817320,2,-128
6817320,3,-128
6817320,4,-93
6817320,5,-128
6817320,6,-93
6817320,7,-128
6817320,8,-128
6817320,9,-128
6817320,10,-89
6817320,11,-128
6817320,12,-128
6817320,13,-128
6817320,14,-128
6892663,0,-128
6892663,1,-88
6892663,2,-128
6892663,3,-128
6892663,4,-92
6892663,5,-128
6892663,6,-128
6892663,7,-128
6892663,8,-128
6892663,9,-93
6892663,10,-93
6892663,11,-128
6892663,12,-128
6892663,13,-128
6892663,14,-128
0,0,0
0,0,0
0,0,0
0,0,0
0,0,0
233
6968086,0,-93
6968086,1,-86
6968086,2,-128
6968086,3,-128
6968086,4,-93
6968086,5,-88
6968086,6,-93
6968086,7,-128
6968086,8,-128
6968086,9,-93
6968086,10,-93
6968086,11,-128
6968086,12,-128
6968086,13,-93
6968086,14,-128
7043446,0,-128
7043446,1,-88
7043446,2,-128
7043446,3,-128
7043446,4,-128
7043446,5,-91
7043446,6,-128
7043446,7,-128
7043446,8,-128
7043446,9,-93
7043446,10,-128
7043446,11,-93
7043446,12,-128
7043446,13,-93
7043446,14,-128
7118804,0,-128
7118804,1,-86
7118804,2,-128
7118804,3,-128
7118804,4,-128
7118804,5,-91
7118804,6,-93
7118804,7,-128
7118804,8,-128
7118804,9,-128
7118804,10,-91
7118804,11,-128
7118804,12,-128
7118804,13,-128
7118804,14,-128
7194168,0,-128
7194168,1,-91
7194168,2,-128
7194168,3,-128
7194168,4,-93
7194168,5,-82
7194168,6,-93
7194168,7,-128
7194168,8,-128
7194168,9,-93
7194168,10,-128
7194168,11,-128
7194168,12,-128
7194168,13,-128
7194168,14,-128
7269550,0,-128
7269550,1,-93
7269550,2,-93
7269550,3,-128
7269550,4,-93
7269550,5,-93
7269550,6,-128
7269550,7,-128
7269550,8,-128
7269550,9,-93
7269550,10,-128
7269550,11,-128
7269550,12,-128
7269550,13,-128
7269550,14,-128
0,0,0
0,0,0
0,0,0
0,0,0
0,0,0
232
7344950,0,-128
7344950,1,-86
7344950,2,-128
7344950,3,-128
7344950,4,-93
7344950,5,-75
7344950,6,-92
7344950,7,-128
7344950,8,-128
7344950,9,-128
7344950,10,-128
7344950,11,-128
7344950,12,-128
7344950,13,-128
7344950,14,-128
7420316,0,-128
7420316,1,-91
7420316,2,-93
7420316,3,-128
7420316,4,-128
7420316,5,-86
7420316,6,-93
7420316,7,-128
7420316,8,-128
7420316,9,-93
7420316,10,-128
7420316,11,-128
7420316,12,-93
7420316,13,-128
7420316,14,-128
7495692,0,-128
7495692,1,-87
7495692,2,-128
7495692,3,-128
7495692,4,-128
7495692,5,-128
7495692,6,-93
7495692,7,-128
7495692,8,-128
7495692,9,-93
7495692,10,-128
7495692,11,-128
7495692,12,-93
7495692,13,-128
7495692,14,-128
7571042,0,-128
7571042,1,-92
7571042,2,-128
7571042,3,-128
7571042,4,-128
7571042,5,-72
7571042,6,-93
7571042,7,-128
7571042,8,-128
7571042,9,-92
7571042,10,-128
7571042,11,-128
7571042,12,-128
7571042,13,-128
7571042,14,-128
7646415,0,-128
7646415,1,-83
7646415,2,-92
7646415,3,-128
7646415,4,-92
7646415,5,-76
7646415,6,-93
7646415,7,-128
7646415,8,-128
7646415,9,-128
7646415,10,-128
7646415,11,-93
7646415,12,-93
7646415,13,-128
7646415,14,-128
0,0,0
0,0,0
0,0,0
0,0,0
0,0,0
231
7721871,0,-128
7721871,1,-89
7721871,2,-92
7721871,3,-128
7721871,4,-93
7721871,5,-86
7721871,6,-93
7721871,7,-128
7721871,8,-128
7721871,9,-93
7721871,10,-128
7721871,11,-128
7721871,12,-93
7721871,13,-128
7721871,14,-128
7797254,0,-128
7797254,1,-91
7797254,2,-128
7797254,3,-128
7797254,4,-93
7797254,5,-92
7797254,6,-93
7797254,7,-128
7797254,8,-128
7797254,9,-93
7797254,10,-128
7797254,11,-93
7797254,12,-128
7797254,13,-93
7797254,14,-128
7872613,0,-128
7872613,1,-87
7872613,2,-128
7872613,3,-128
7872613,4,-93
7872613,5,-72
7872613,6,-92
7872613,7,-128
7872613,8,-128
7872613,9,-93
7872613,10,-128
7872613,11,-93
7872613,12,-128
7872613,13,-93
7872613,14,-128
7947981,0,-128
7947981,1,-82
7947981,2,-92
7947981,3,-128
7947981,4,-93
7947981,5,-79
7947981,6,-93
7947981,7,-128
7947981,8,-128
7947981,9,-128
7947981,10,-128
7947981,11,-93
7947981,12,-128
7947981,13,-128
7947981,14,-128
8023339,0,-128
8023339,1,-93
8023339,2,-93
8023339,3,-93
8023339,4,-93
8023339,5,-84
8023339,6,-92
8023339,7,-128
8023339,8,-128
8023339,9,-128
8023339,10,-128
8023339,11,-93
8023339,12,-128
8023339,13,-93
8023339,14,-128
0,0,0
0,0,0
0,0,0
0,0,0
0,0,0
230
8098814,0,-128
8098814,1,-93
8098814,2,-93
8098814,3,-128
8098814,4,-93
8098814,5,-75
8098814,6,-128
8098814,7,-128
8098814,8,-128
8098814,9,-91
8098814,10,-128
8098814,11,-93
8098814,12,-128
8098814,13,-128
8098814,14,-128
8174155,0,-128
8174155,1,-128
8174155,2,-91
8174155,3,-128
8174155,4,-128
8174155,5,-80
8174155,6,-93
8174155,7,-128
8174155,8,-128
8174155,9,-93
8174155,10,-92
8174155,11,-93
8174155,12,-128
8174155,13,-93
8174155,14,-128
8249556,0,-128
8249556,1,-128
8249556,2,-92
8249556,3,-128
8249556,4,-128
8249556,5,-81
8249556,6,-93
8249556,7,-128
8249556,8,-128
8249556,9,-93
8249556,10,-86
8249556,11,-92
8249556,12,-128
8249556,13,-91
8249556,14,-128
8324910,0,-128
8324910,1,-128
8324910,2,-92
8324910,3,-128
8324910,4,-93
8324910,5,-78
8324910,6,-92
8324910,7,-128
8324910,8,-128
8324910,9,-93
8324910,10,-93
8324910,11,-128
8324910,12,-128
8324910,13,-128
8324910,14,-128
8400261,0,-128
8400261,1,-93
8400261,2,-128
8400261,3,-128
8400261,4,-128
8400261,5,-82
8400261,6,-92
8400261,7,-128
8400261,8,-128
8400261,9,-128
8400261,10,-128
8400261,11,-93
8400261,12,-128
8400261,13,-128
8400261,14,-128
0,0,0
0,0,0
0,0,0
0,0,0
0,0,0
229
8475691,0,-128
8475691,1,-92
8475691,2,-93
8475691,3,-128
8475691,4,-93
8475691,5,-77
8475691,6,-93
8475691,7,-128
8475691,8,-128
8475691,9,-128
8475691,10,-128
8475691,11,-93
8475691,12,-128
8475691,13,-128
8475691,14,-128
8551034,0,-128
8551034,1,-128
8551034,2,-92
8551034,3,-128
8551034,4,-128
8551034,5,-92
8551034,6,-128
8551034,7,-128
8551034,8,-128
8551034,9,-128
8551034,10,-128
8551034,11,-93
8551034,12,-93
8551034,13,-128
8551034,14,-128
8626376,0,-128
8626376,1,-128
8626376,2,-90
8626376,3,-128
8626376,4,-92
8626376,5,-92
8626376,6,-128
8626376,7,-128
8626376,8,-128
8626376,9,-128
8626376,10,-128
8626376,11,-93
8626376,12,-93
8626376,13,-128
8626376,14,-128
8701738,0,-128
8701738,1,-93
8701738,2,-93
8701738,3,-128
8701738,4,-93
8701738,5,-93
8701738,6,-128
8701738,7,-128
8701738,8,-128
8701738,9,-128
8701738,10,-128
8701738,11,-93
8701738,12,-93
8701738,13,-128
8701738,14,-128
8776918,0,-128
8776918,1,-93
8776918,2,-128
8776918,3,-128
8776918,4,-93
8776918,5,-88
8776918,6,-128
8776918,7,-128
8776918,8,-128
8776918,9,-128
8776918,10,-128
8776918,11,-128
8776918,12,-128
8776918,13,-128
8776918,14,-128
0,0,0
0,0,0
0,0,0
0,0,0
0,0,0
228
8852352,0,-128
8852352,1,-82
8852352,2,-91
8852352,3,-128
8852352,4,-93
8852352,5,-80
8852352,6,-93
8852352,7,-128
8852352,8,-128
8852352,9,-128
8852352,10,-128
8852352,11,-93
8852352,12,-93
8852352,13,-128
8852352,14,-128
8927688,0,-128
8927688,1,-81
8927688,2,-93
8927688,3,-128
8927688,4,-128
8927688,5,-128
8927688,6,-93
8927688,7,-128
8927688,8,-128
8927688,9,-128
8927688,10,-128
8927688,11,-93
8927688,12,-91
8927688,13,-128
8927688,14,-128
9003081,0,-128
9003081,1,-84
9003081,2,-93
9003081,3,-128
9003081,4,-93
9003081,5,-92
9003081,6,-128
9003081,7,-128
9003081,8,-128
9003081,9,-128
9003081,10,-93
9003081,11,-93
9003081,12,-92
9003081,13,-128
9003081,14,-128
9078470,0,-128
9078470,1,-79
9078470,2,-93
9078470,3,-128
9078470,4,-93
9078470,5,-89
9078470,6,-128
9078470,7,-128
9078470,8,-128
9078470,9,-128
9078470,10,-92
9078470,11,-93
9078470,12,-91
9078470,13,-93
9078470,14,-128
9153888,0,-128
9153888,1,-93
9153888,2,-92
9153888,3,-128
9153888,4,-93
9153888,5,-93
9153888,6,-128
9153888,7,-128
9153888,8,-128
9153888,9,-128
9153888,10,-93
9153888,11,-92
9153888,12,-92
9153888,13,-128
9153888,14,-128
0,0,0
0,0,0
0,0,0
0,0,0
0,0,0
227
9229266,0,-128
9229266,1,-93
9229266,2,-128
9229266,3,-128
9229266,4,-93
9229266,5,-92
9229266,6,-128
9229266,7,-128
9229266,8,-128
9229266,9,-128
9229266,10,-93
9229266,11,-128
9229266,12,-93
9229266,13,-128
9229266,14,-128
9304623,0,-128
9304623,1,-82
9304623,2,-89
9304623,3,-128
9304623,4,-93
9304623,5,-74
9304623,6,-128
9304623,7,-128
9304623,8,-128
9304623,9,-128
9304623,10,-93
9304623,11,-93
9304623,12,-128
9304623,13,-128
9304623,14,-128
9380039,0,-128
9380039,1,-85
9380039,2,-91
9380039,3,-128
9380039,4,-93
9380039,5,-85
9380039,6,-92
9380039,7,-128
9380039,8,-128
9380039,9,-93
9380039,10,-93
9380039,11,-89
9380039,12,-128
9380039,13,-92
9380039,14,-128
9455349,0,-128
9455349,1,-93
9455349,2,-92
9455349,3,-128
9455349,4,-128
9455349,5,-128
9455349,6,-128
9455349,7,-128
9455349,8,-128
9455349,9,-128
9455349,10,-128
9455349,11,-128
9455349,12,-93
9455349,13,-128
9455349,14,-128
9530658,0,-128
9530658,1,-93
9530658,2,-128
9530658,3,-128
9530658,4,-128
9530658,5,-128
9530658,6,-128
9530658,7,-128
9530658,8,-128
9530658,9,-128
9530658,10,-128
9530658,11,-128
9530658,12,-93
9530658,13,-93
9530658,14,-128
0,0,0
0,0,0
0,0,0
0,0,0
0,0,0
226
9606039,0,-128
9606039,1,-128
9606039,2,-91
9606039,3,-128
9606039,4,-128
9606039,5,-128
9606039,6,-128
9606039,7,-128
9606039,8,-128
9606039,9,-128
9606039,10,-128
9606039,11,-128
9606039,12,-128
9606039,13,-128
9606039,14,-128
9681371,0,-128
9681371,1,-128
9681371,2,-93
9681371,3,-128
9681371,4,-128
9681371,5,-128
9681371,6,-128
9681371,7,-128
9681371,8,-128
9681371,9,-128
9681371,10,-128
9681371,11,-128
9681371,12,-128
9681371,13,-128
9681371,14,-128
9756694,0,-128
9756694,1,-128
9756694,2,-93
9756694,3,-128
9756694,4,-128
9756694,5,-128
9756694,6,-128
9756694,7,-128
9756694,8,-128
9756694,9,-93
9756694,10,-128
9756694,11,-128
9756694,12,-128
9756694,13,-128
9756694,14,-128
9831998,0,-128
9831998,1,-93
9831998,2,-93
9831998,3,-128
9831998,4,-128
9831998,5,-128
9831998,6,-128
9831998,7,-128
9831998,8,-128
9831998,9,-93
9831998,10,-128
9831998,11,-128
9831998,12,-93
9831998,13,-128
9831998,14,-128
9907302,0,-128
9907302,1,-93
9907302,2,-93
9907302,3,-128
9907302,4,-128
9907302,5,-128
9907302,6,-93
9907302,7,-128
9907302,8,-128
9907302,9,-128
9907302,10,-128
9907302,11,-128
9907302,12,-128
9907302,13,-93
9907302,14,-128
0,0,0
0,0,0
0,0,0
0,0,0
0,0,0
225
9982687,0,-128
9982687,1,-93
9982687,2,-93
9982687,3,-128
9982687,4,-93
9982687,5,-93
9982687,6,-93
9982687,7,-128
9982687,8,-128
9982687,9,-93
9982687,10,-128
9982687,11,-128
9982687,12,-93
9982687,13,-128
9982687,14,-128
10058057,0,-128
10058057,1,-128
10058057,2,-92
10058057,3,-128
10058057,4,-93
10058057,5,-93
10058057,6,-93
10058057,7,-128
10058057,8,-128
10058057,9,-93
10058057,10,-91
10058057,11,-128
10058057,12,-128
10058057,13,-128
10058057,14,-128
10133424,0,-128
10133424,1,-128
10133424,2,-93
10133424,3,-128
10133424,4,-128
10133424,5,-93
10133424,6,-93
10133424,7,-128
10133424,8,-128
10133424,9,-93
10133424,10,-93
10133424,11,-128
10133424,12,-93
10133424,13,-128
10133424,14,-128
10208734,0,-128
10208734,1,-93
10208734,2,-92
10208734,3,-128
10208734,4,-93
10208734,5,-90
10208734,6,-93
10208734,7,-128
10208734,8,-128
10208734,9,-93
10208734,10,-93
10208734,11,-128
10208734,12,-93
10208734,13,-128
10208734,14,-128
10284086,0,-128
10284086,1,-128
10284086,2,-128
10284086,3,-128
10284086,4,-93
10284086,5,-93
10284086,6,-93
10284086,7,-128
10284086,8,-128
10284086,9,-93
10284086,10,-128
10284086,11,-128
10284086,12,-92
10284086,13,-128
10284086,14,-128
0,0,0
0,0,0
0,0,0
0,0,0
0,0,0
224
10359477,0,-128
10359477,1,-128
10359477,2,-128
10359477,3,-128
10359477,4,-128
10359477,5,-128
10359477,6,-128
10359477,7,-128
10359477,8,-128
10359477,9,-128
10359477,10,-93
10359477,11,-128
10359477,12,-128
10359477,13,-93
10359477,14,-128
10434788,0,-128
10434788,1,-128
10434788,2,-93
10434788,3,-128
10434788,4,-128
10434788,5,-128
10434788,6,-128
10434788,7,-128
10434788,8,-128
10434788,9,-128
10434788,10,-91
10434788,11,-128
10434788,12,-93
10434788,13,-128
10434788,14,-128
10510140,0,-128
10510140,1,-92
10510140,2,-93
10510140,3,-128
10510140,4,-93
10510140,5,-128
10510140,6,-92
10510140,7,-128
10510140,8,-128
10510140,9,-93
10510140,10,-93
10510140,11,-128
10510140,12,-128
10510140,13,-128
10510140,14,-128
10585469,0,-128
10585469,1,-93
10585469,2,-128
10585469,3,-128
10585469,4,-128
10585469,5,-93
10585469,6,-128
10585469,7,-128
10585469,8,-128
10585469,9,-128
10585469,10,-128
10585469,11,-128
10585469,12,-128
10585469,13,-93
10585469,14,-128
10660799,0,-128
10660799,1,-128
10660799,2,-93
10660799,3,-128
10660799,4,-128
10660799,5,-93
10660799,6,-128
10660799,7,-128
10660799,8,-128
10660799,9,-128
10660799,10,-128
10660799,11,-128
10660799,12,-128
10660799,13,-93
10660799,14,-128
0,0,0
0,0,0
0,0,0
0,0,0
0,0,0
223
10736172,0,-128
10736172,1,-93
10736172,2,-128
10736172,3,-128
10736172,4,-128
10736172,5,-93
10736172,6,-128
10736172,7,-128
10736172,8,-128
10736172,9,-128
10736172,10,-128
10736172,11,-128
10736172,12,-93
10736172,13,-128
10736172,14,-128
10811477,0,-128
10811477,1,-93
10811477,2,-128
10811477,3,-128
10811477,4,-128
10811477,5,-93
10811477,6,-128
10811477,7,-128
10811477,8,-128
10811477,9,-128
10811477,10,-128
10811477,11,-128
10811477,12,-128
10811477,13,-93
10811477,14,-128
10886808,0,-128
10886808,1,-93
10886808,2,-93
10886808,3,-128
10886808,4,-128
10886808,5,-93
10886808,6,-128
10886808,7,-128
10886808,8,-128
10886808,9,-128
10886808,10,-128
10886808,11,-128
10886808,12,-93
10886808,13,-128
10886808,14,-128
10962145,0,-128
10962145,1,-91
10962145,2,-128
10962145,3,-128
10962145,4,-128
10962145,5,-93
10962145,6,-128
10962145,7,-128
10962145,8,-128
10962145,9,-128
10962145,10,-128
10962145,11,-128
10962145,12,-93
10962145,13,-128
10962145,14,-128
11037474,0,-128
11037474,1,-93
11037474,2,-128
11037474,3,-128
11037474,4,-93
11037474,5,-93
11037474,6,-128
11037474,7,-128
11037474,8,-128
11037474,9,-128
11037474,10,-128
11037474,11,-128
11037474,12,-128
11037474,13,-128
11037474,14,-128
0,0,0
0,0,0
0,0,0
0,0,0
0,0,0
222
11112863,0,-128
11112863,1,-93
11112863,2,-128
11112863,3,-128
11112863,4,-93
11112863,5,-92
11112863,6,-128
11112863,7,-128
11112863,8,-128
11112863,9,-128
11112863,10,-128
11112863,11,-128
11112863,12,-93
11112863,13,-128
11112863,14,-128
11188183,0,-128
11188183,1,-93
11188183,2,-128
11188183,3,-128
11188183,4,-93
11188183,5,-92
11188183,6,-128
11188183,7,-128
11188183,8,-128
11188183,9,-128
11188183,10,-128
11188183,11,-128
11188183,12,-93
11188183,13,-93
11188183,14,-128
11263536,0,-128
11263536,1,-92
11263536,2,-128
11263536,3,-128
11263536,4,-128
11263536,5,-93
11263536,6,-93
11263536,7,-128
11263536,8,-128
11263536,9,-128
11263536,10,-128
11263536,11,-128
11263536,12,-93
11263536,13,-128
11263536,14,-128
11338869,0,-128
11338869,1,-93
11338869,2,-93
11338869,3,-128
11338869,4,-128
11338869,5,-93
11338869,6,-128
11338869,7,-128
11338869,8,-128
11338869,9,-128
11338869,10,-128
11338869,11,-128
11338869,12,-128
11338869,13,-128
11338869,14,-128
11414176,0,-128
11414176,1,-128
11414176,2,-93
11414176,3,-128
11414176,4,-128
11414176,5,-128
11414176,6,-128
11414176,7,-128
11414176,8,-128
11414176,9,-128
11414176,10,-128
11414176,11,-128
11414176,12,-128
11414176,13,-128
11414176,14,-128
0,0,0
0,0,0
0,0,0
0,0,0
0,0,0
221
11489573,0,-128
11489573,1,-128
11489573,2,-93
11489573,3,-128
11489573,4,-128
11489573,5,-93
11489573,6,-128
11489573,7,-128
11489573,8,-128
11489573,9,-128
11489573,10,-128
11489573,11,-128
11489573,12,-128
11489573,13,-128
11489573,14,-128
11564892,0,-128
11564892,1,-128
11564892,2,-92
11564892,3,-128
11564892,4,-93
11564892,5,-93
11564892,6,-128
11564892,7,-128
11564892,8,-128
11564892,9,-128
11564892,10,-128
11564892,11,-128
11564892,12,-128
11564892,13,-128
11564892,14,-128
11640227,0,-128
11640227,1,-128
11640227,2,-92
11640227,3,-128
11640227,4,-93
11640227,5,-92
11640227,6,-128
11640227,7,-128
11640227,8,-128
11640227,9,-128
11640227,10,-128
11640227,11,-128
11640227,12,-92
11640227,13,-92
11640227,14,-128
11715555,0,-128
11715555,1,-128
11715555,2,-87
11715555,3,-128
11715555,4,-93
11715555,5,-128
11715555,6,-93
11715555,7,-128
11715555,8,-128
11715555,9,-128
11715555,10,-128
11715555,11,-128
11715555,12,-128
11715555,13,-128
11715555,14,-128
11790891,0,-128
11790891,1,-128
11790891,2,-92
11790891,3,-128
11790891,4,-128
11790891,5,-128
11790891,6,-128
11790891,7,-128
11790891,8,-128
11790891,9,-128
11790891,10,-128
11790891,11,-128
11790891,12,-128
11790891,13,-128
11790891,14,-128
0,0,0
0,0,0
0,0,0
0,0,0
0,0,0
220
11866271,0,-128
11866271,1,-128
11866271,2,-93
11866271,3,-128
11866271,4,-128
11866271,5,-128
11866271,6,-128
11866271,7,-128
11866271,8,-128
11866271,9,-128
11866271,10,-128
11866271,11,-128
11866271,12,-128
11866271,13,-128
11866271,14,-128
11941613,0,-128
11941613,1,-128
11941613,2,-85
11941613,3,-128
11941613,4,-128
11941613,5,-128
11941613,6,-93
11941613,7,-128
11941613,8,-128
11941613,9,-128
11941613,10,-128
11941613,11,-128
11941613,12,-128
11941613,13,-128
11941613,14,-128
12016927,0,-128
12016927,1,-128
12016927,2,-128
12016927,3,-128
12016927,4,-93
12016927,5,-128
12016927,6,-128
12016927,7,-128
12016927,8,-128
12016927,9,-128
12016927,10,-128
12016927,11,-128
12016927,12,-128
12016927,13,-128
12016927,14,-128
12092235,0,-128
12092235,1,-128
12092235,2,-128
12092235,3,-128
12092235,4,-128
12092235,5,-128
12092235,6,-128
12092235,7,-128
12092235,8,-128
12092235,9,-128
12092235,10,-128
12092235,11,-128
12092235,12,-128
12092235,13,-128
12092235,14,-128
12167542,0,-128
12167542,1,-128
12167542,2,-128
12167542,3,-128
12167542,4,-93
12167542,5,-128
12167542,6,-93
12167542,7,-128
12167542,8,-128
12167542,9,-128
12167542,10,-128
12167542,11,-128
12167542,12,-128
12167542,13,-128
12167542,14,-128
0,0,0
0,0,0
0,0,0
0,0,0
0,0,0
219
12242923,0,-128
12242923,1,-128
12242923,2,-128
12242923,3,-128
12242923,4,-128
12242923,5,-128
12242923,6,-92
12242923,7,-128
12242923,8,-128
12242923,9,-128
12242923,10,-128
12242923,11,-128
12242923,12,-128
12242923,13,-128
12242923,14,-128
12318083,0,-128
12318083,1,-93
12318083,2,-128
12318083,3,-128
12318083,4,-93
12318083,5,-128
12318083,6,-92
12318083,7,-128
12318083,8,-128
12318083,9,-128
12318083,10,-128
12318083,11,-128
12318083,12,-128
12318083,13,-128
12318083,14,-128
12393400,0,-128
12393400,1,-128
12393400,2,-128
12393400,3,-128
12393400,4,-128
12393400,5,-128
12393400,6,-90
12393400,7,-128
12393400,8,-128
12393400,9,-128
12393400,10,-128
12393400,11,-128
12393400,12,-128
12393400,13,-128
12393400,14,-128
12468714,0,-128
12468714,1,-93
12468714,2,-128
12468714,3,-128
12468714,4,-93
12468714,5,-128
12468714,6,-93
12468714,7,-128
12468714,8,-128
12468714,9,-128
12468714,10,-128
12468714,11,-128
12468714,12,-128
12468714,13,-128
12468714,14,-128
12544048,0,-128
12544048,1,-93
12544048,2,-128
12544048,3,-128
12544048,4,-93
12544048,5,-128
12544048,6,-128
12544048,7,-128
12544048,8,-128
12544048,9,-128
12544048,10,-128
12544048,11,-128
12544048,12,-128
12544048,13,-128
12544048,14,-128
0,0,0
0,0,0
0,0,0
0,0,0
0,0,0
218
12619421,0,-128
12619421,1,-128
12619421,2,-128
12619421,3,-128
12619421,4,-128
12619421,5,-128
12619421,6,-93
12619421,7,-128
12619421,8,-128
12619421,9,-128
12619421,10,-128
12619421,11,-128
12619421,12,-128
12619421,13,-128
12619421,14,-128
12694731,0,-128
12694731,1,-128
12694731,2,-128
12694731,3,-128
12694731,4,-128
12694731,5,-93
12694731,6,-128
12694731,7,-128
12694731,8,-128
12694731,9,-128
12694731,10,-128
12694731,11,-128
12694731,12,-128
12694731,13,-128
12694731,14,-128
12770040,0,-128
12770040,1,-128
12770040,2,-128
12770040,3,-128
12770040,4,-128
12770040,5,-128
12770040,6,-128
12770040,7,-128
12770040,8,-128
12770040,9,-128
12770040,10,-128
12770040,11,-128
12770040,12,-128
12770040,13,-128
12770040,14,-128
12845347,0,-128
12845347,1,-128
12845347,2,-128
12845347,3,-128
12845347,4,-128
12845347,5,-93
12845347,6,-128
12845347,7,-128
12845347,8,-128
12845347,9,-128
12845347,10,-128
12845347,11,-128
12845347,12,-128
12845347,13,-128
12845347,14,-128
12920655,0,-128
12920655,1,-128
12920655,2,-128
12920655,3,-128
12920655,4,-128
12920655,5,-128
12920655,6,-128
12920655,7,-128
12920655,8,-128
12920655,9,-128
12920655,10,-128
12920655,11,-128
12920655,12,-128
12920655,13,-128
12920655,14,-128
0,0,0
0,0,0
0,0,0
0,0,0
0,0,0
217
12996029,0,-128
12996029,1,-128
12996029,2,-128
12996029,3,-128
12996029,4,-128
12996029,5,-128
12996029,6,-128
12996029,7,-128
12996029,8,-128
12996029,9,-128
12996029,10,-128
12996029,11,-128
12996029,12,-128
12996029,13,-128
12996029,14,-128
13071336,0,-128
13071336,1,-128
13071336,2,-93
13071336,3,-128
13071336,4,-128
13071336,5,-93
13071336,6,-128
13071336,7,-128
13071336,8,-128
13071336,9,-128
13071336,10,-128
13071336,11,-128
13071336,12,-128
13071336,13,-128
13071336,14,-128
13146649,0,-128
13146649,1,-128
13146649,2,-128
13146649,3,-128
13146649,4,-128
13146649,5,-128
13146649,6,-128
13146649,7,-128
13146649,8,-128
13146649,9,-128
13146649,10,-128
13146649,11,-128
13146649,12,-128
13146649,13,-128
13146649,14,-128
13221969,0,-128
13221969,1,-128
13221969,2,-128
13221969,3,-128
13221969,4,-128
13221969,5,-93
13221969,6,-128
13221969,7,-128
13221969,8,-128
13221969,9,-128
13221969,10,-128
13221969,11,-128
13221969,12,-128
13221969,13,-128
13221969,14,-128
13297277,0,-128
13297277,1,-128
13297277,2,-93
13297277,3,-128
13297277,4,-128
13297277,5,-128
13297277,6,-128
13297277,7,-128
13297277,8,-128
13297277,9,-128
13297277,10,-128
13297277,11,-128
13297277,12,-128
13297277,13,-128
13297277,14,-128
0,0,0
0,0,0
0,0,0
0,0,0
0,0,0
216
13372667,0,-128
13372667,1,-128
13372667,2,-93
13372667,3,-128
13372667,4,-128
13372667,5,-128
13372667,6,-128
13372667,7,-128
13372667,8,-128
13372667,9,-128
13372667,10,-128
13372667,11,-128
13372667,12,-128
13372667,13,-128
13372667,14,-128
13448001,0,-128
13448001,1,-128
13448001,2,-93
13448001,3,-128
13448001,4,-128
13448001,5,-128
13448001,6,-128
13448001,7,-128
13448001,8,-128
13448001,9,-128
13448001,10,-128
13448001,11,-128
13448001,12,-128
13448001,13,-128
13448001,14,-128
13523322,0,-128
13523322,1,-128
13523322,2,-93
13523322,3,-128
13523322,4,-128
13523322,5,-128
13523322,6,-128
13523322,7,-128
13523322,8,-128
13523322,9,-128
13523322,10,-128
13523322,11,-128
13523322,12,-128
13523322,13,-128
13523322,14,-128
13598654,0,-128
13598654,1,-128
13598654,2,-93
13598654,3,-128
13598654,4,-128
13598654,5,-128
13598654,6,-128
13598654,7,-128
13598654,8,-128
13598654,9,-128
13598654,10,-128
13598654,11,-128
13598654,12,-128
13598654,13,-128
13598654,14,-128
13673981,0,-128
13673981,1,-128
13673981,2,-93
13673981,3,-128
13673981,4,-128
13673981,5,-128
13673981,6,-128
13673981,7,-128
13673981,8,-128
13673981,9,-128
13673981,10,-128
13673981,11,-128
13673981,12,-128
13673981,13,-128
13673981,14,-128
0,0,0
0,0,0
0,0,0
0,0,0
0,0,0
215
13749381,0,-128
13749381,1,-128
13749381,2,-93
13749381,3,-128
13749381,4,-128
13749381,5,-128
13749381,6,-128
13749381,7,-128
13749381,8,-128
13749381,9,-128
13749381,10,-128
13749381,11,-128
13749381,12,-128
13749381,13,-128
13749381,14,-128
13824695,0,-128
13824695,1,-128
13824695,2,-93
13824695,3,-128
13824695,4,-128
13824695,5,-93
13824695,6,-128
13824695,7,-128
13824695,8,-128
13824695,9,-128
13824695,10,-128
13824695,11,-128
13824695,12,-128
13824695,13,-128
13824695,14,-128
13900004,0,-128
13900004,1,-128
13900004,2,-128
13900004,3,-128
13900004,4,-128
13900004,5,-93
13900004,6,-128
13900004,7,-128
13900004,8,-128
13900004,9,-128
13900004,10,-128
13900004,11,-128
13900004,12,-128
13900004,13,-128
13900004,14,-128
13975326,0,-128
13975326,1,-93
13975326,2,-93
13975326,3,-128
13975326,4,-128
13975326,5,-128
13975326,6,-128
13975326,7,-128
13975326,8,-128
13975326,9,-128
13975326,10,-128
13975326,11,-128
13975326,12,-128
13975326,13,-128
13975326,14,-128
14050635,0,-128
14050635,1,-93
14050635,2,-128
14050635,3,-128
14050635,4,-128
14050635,5,-93
14050635,6,-128
14050635,7,-128
14050635,8,-128
14050635,9,-128
14050635,10,-128
14050635,11,-128
14050635,12,-128
14050635,13,-128
14050635,14,-128
0,0,0
0,0,0
0,0,0
0,0,0
0,0,0
214
14126007,0,-128
14126007,1,-93
14126007,2,-93
14126007,3,-128
14126007,4,-128
14126007,5,-128
14126007,6,-128
14126007,7,-128
14126007,8,-128
14126007,9,-128
14126007,10,-128
14126007,11,-128
14126007,12,-128
14126007,13,-128
14126007,14,-128
14201314,0,-128
14201314,1,-128
14201314,2,-93
14201314,3,-128
14201314,4,-128
14201314,5,-93
14201314,6,-128
14201314,7,-128
14201314,8,-128
14201314,9,-128
14201314,10,-128
14201314,11,-128
14201314,12,-128
14201314,13,-128
14201314,14,-128
14276635,0,-128
14276635,1,-93
14276635,2,-82
14276635,3,-128
14276635,4,-128
14276635,5,-93
14276635,6,-128
14276635,7,-128
14276635,8,-128
14276635,9,-128
14276635,10,-128
14276635,11,-128
14276635,12,-128
14276635,13,-128
14276635,14,-128
14351969,0,-128
14351969,1,-128
14351969,2,-92
14351969,3,-128
14351969,4,-128
14351969,5,-92
14351969,6,-128
14351969,7,-128
14351969,8,-128
14351969,9,-128
14351969,10,-128
14351969,11,-128
14351969,12,-128
14351969,13,-128
14351969,14,-128
14427294,0,-128
14427294,1,-93
14427294,2,-92
14427294,3,-128
14427294,4,-128
14427294,5,-93
14427294,6,-128
14427294,7,-128
14427294,8,-128
14427294,9,-128
14427294,10,-128
14427294,11,-128
14427294,12,-128
14427294,13,-128
14427294,14,-128
0,0,0
0,0,0
0,0,0
0,0,0
0,0,0
213