250
585330,0,-77
585330,1,-128
585330,2,-128
585330,3,-128
585330,4,-128
585330,5,-128
585330,6,-128
585330,7,-128
585330,8,-128
585330,9,-128
585330,10,-128
585330,11,-128
585330,12,-128
585330,13,-128
585330,14,-128
660984,0,-79
660984,1,-128
660984,2,-80
660984,3,-82
660984,4,-55
660984,5,-59
660984,6,-83
660984,7,-96
660984,8,-74
660984,9,-59
660984,10,-71
660984,11,-75
660984,12,-71
660984,13,-62
660984,14,-77
736627,0,-78
736627,1,-128
736627,2,-79
736627,3,-81
736627,4,-54
736627,5,-55
736627,6,-81
736627,7,-96
736627,8,-73
736627,9,-61
736627,10,-72
736627,11,-74
736627,12,-73
736627,13,-63
736627,14,-75
812247,0,-81
812247,1,-128
812247,2,-75
812247,3,-77
812247,4,-55
812247,5,-55
812247,6,-86
812247,7,-92
812247,8,-72
812247,9,-62
812247,10,-71
812247,11,-74
812247,12,-72
812247,13,-59
812247,14,-73
887854,0,-54
887854,1,-128
887854,2,-54
887854,3,-72
887854,4,-77
887854,5,-75
887854,6,-77
887854,7,-78
887854,8,-75
887854,9,-83
887854,10,-74
887854,11,-74
887854,12,-79
887854,13,-78
887854,14,-70
0,0,0
0,0,0
0,0,0
0,0,0
0,0,0
249
963513,0,-55
963513,1,-128
963513,2,-55
963513,3,-77
963513,4,-84
963513,5,-77
963513,6,-85
963513,7,-82
963513,8,-77
963513,9,-77
963513,10,-73
963513,11,-82
963513,12,-74
963513,13,-75
963513,14,-77
1039085,0,-61
1039085,1,-128
1039085,2,-51
1039085,3,-70
1039085,4,-95
1039085,5,-95
1039085,6,-84
1039085,7,-88
1039085,8,-70
1039085,9,-84
1039085,10,-59
1039085,11,-71
1039085,12,-81
1039085,13,-85
1039085,14,-73
1114659,0,-54
1114659,1,-128
1114659,2,-50
1114659,3,-75
1114659,4,-91
1114659,5,-91
1114659,6,-85
1114659,7,-76
1114659,8,-78
1114659,9,-83
1114659,10,-58
1114659,11,-72
1114659,12,-86
1114659,13,-91
1114659,14,-67
1190181,0,-73
1190181,1,-128
1190181,2,-53
1190181,3,-66
1190181,4,-96
1190181,5,-91
1190181,6,-97
1190181,7,-94
1190181,8,-94
1190181,9,-95
1190181,10,-80
1190181,11,-72
1190181,12,-128
1190181,13,-128
1190181,14,-92
1265662,0,-89
1265662,1,-128
1265662,2,-86
1265662,3,-87
1265662,4,-91
1265662,5,-89
1265662,6,-87
1265662,7,-88
1265662,8,-85
1265662,9,-94
1265662,10,-77
1265662,11,-69
1265662,12,-128
1265662,13,-128
1265662,14,-85
0,0,0
0,0,0
0,0,0
0,0,0
0,0,0
248
1341247,0,-87
1341247,1,-128
1341247,2,-82
1341247,3,-84
1341247,4,-91
1341247,5,-85
1341247,6,-94
1341247,7,-88
1341247,8,-88
1341247,9,-94
1341247,10,-78
1341247,11,-68
1341247,12,-128
1341247,13,-128
1341247,14,-88
1416765,0,-90
1416765,1,-128
1416765,2,-85
1416765,3,-84
1416765,4,-90
1416765,5,-84
1416765,6,-86
1416765,7,-89
1416765,8,-92
1416765,9,-93
1416765,10,-78
1416765,11,-69
1416765,12,-128
1416765,13,-128
1416765,14,-128
1492284,0,-90
1492284,1,-128
1492284,2,-84
1492284,3,-80
1492284,4,-89
1492284,5,-89
1492284,6,-84
1492284,7,-88
1492284,8,-92
1492284,9,-93
1492285,10,-75
1492285,11,-71
1492285,12,-128
1492285,13,-128
1492285,14,-128
1567806,0,-92
1567806,1,-128
1567806,2,-88
1567806,3,-88
1567806,4,-90
1567806,5,-85
1567806,6,-85
1567806,7,-89
1567806,8,-93
1567806,9,-92
1567806,10,-74
1567806,11,-70
1567806,12,-128
1567806,13,-128
1567806,14,-128
1643318,0,-90
1643318,1,-128
1643318,2,-87
1643318,3,-85
1643318,4,-89
1643318,5,-86
1643318,6,-86
1643318,7,-92
1643318,8,-88
1643318,9,-91
1643318,10,-75
1643318,11,-69
1643318,12,-128
1643318,13,-128
1643318,14,-128
0,0,0
0,0,0
0,0,0
0,0,0
0,0,0
247
1718903,0,-91
1718903,1,-128
1718903,2,-83
1718903,3,-87
1718903,4,-91
1718903,5,-88
1718903,6,-84
1718903,7,-89
1718903,8,-86
1718903,9,-91
1718903,10,-75
1718903,11,-68
1718903,12,-128
1718903,13,-128
1718903,14,-128
1794419,0,-89
1794419,1,-128
1794419,2,-83
1794419,3,-83
1794419,4,-91
1794419,5,-86
1794419,6,-85
1794419,7,-90
1794419,8,-90
1794419,9,-90
1794419,10,-81
1794419,11,-69
1794419,12,-128
1794419,13,-128
1794419,14,-128
1869930,0,-90
1869930,1,-128
1869930,2,-87
1869930,3,-83
1869930,4,-89
1869930,5,-87
1869930,6,-86
1869930,7,-89
1869930,8,-89
1869930,9,-93
1869930,10,-74
1869930,11,-68
1869930,12,-128
1869930,13,-128
1869930,14,-128
1945440,0,-88
1945440,1,-128
1945440,2,-83
1945440,3,-84
1945440,4,-90
1945440,5,-90
1945440,6,-86
1945440,7,-87
1945440,8,-91
1945440,9,-89
1945440,10,-74
1945440,11,-68
1945440,12,-128
1945440,13,-128
1945440,14,-128
2020952,0,-89
2020952,1,-128
2020952,2,-87
2020952,3,-87
2020952,4,-89
2020952,5,-87
2020952,6,-86
2020952,7,-95
2020952,8,-93
2020952,9,-91
2020952,10,-80
2020952,11,-69
2020952,12,-128
2020952,13,-128
2020952,14,-128
0,0,0
0,0,0
0,0,0
0,0,0
0,0,0
246
2096533,0,-97
2096533,1,-128
2096533,2,-87
2096533,3,-128
2096533,4,-89
2096533,5,-91
2096533,6,-89
2096533,7,-86
2096533,8,-96
2096533,9,-91
2096533,10,-75
2096533,11,-68
2096533,12,-128
2096533,13,-128
2096533,14,-128
2172045,0,-97
2172045,1,-128
2172045,2,-83
2172045,3,-128
2172045,4,-96
2172045,5,-85
2172045,6,-87
2172045,7,-92
2172045,8,-87
2172045,9,-88
2172045,10,-74
2172045,11,-71
2172045,12,-128
2172045,13,-128
2172045,14,-128
2247556,0,-91
2247556,1,-128
2247556,2,-83
2247556,3,-79
2247556,4,-96
2247556,5,-95
2247556,6,-88
2247556,7,-87
2247556,8,-95
2247556,9,-88
2247556,10,-75
2247556,11,-68
2247556,12,-128
2247556,13,-128
2247556,14,-128
2323078,0,-89
2323078,1,-128
2323078,2,-82
2323078,3,-79
2323078,4,-89
2323078,5,-92
2323078,6,-93
2323078,7,-86
2323078,8,-87
2323078,9,-88
2323078,10,-74
2323078,11,-68
2323078,12,-128
2323078,13,-128
2323078,14,-128
2398603,0,-89
2398603,1,-128
2398603,2,-83
2398603,3,-79
2398603,4,-90
2398603,5,-85
2398603,6,-87
2398603,7,-89
2398603,8,-91
2398603,9,-90
2398603,10,-82
2398603,11,-68
2398603,12,-128
2398603,13,-128
2398603,14,-128
0,0,0
0,0,0
0,0,0
0,0,0
0,0,0
245
2474200,0,-89
2474200,1,-128
2474200,2,-83
2474200,3,-79
2474200,4,-89
2474200,5,-91
2474200,6,-89
2474200,7,-88
2474200,8,-88
2474200,9,-93
2474200,10,-74
2474200,11,-68
2474200,12,-128
2474200,13,-128
2474200,14,-128
2549734,0,-89
2549734,1,-128
2549734,2,-82
2549734,3,-80
2549734,4,-90
2549734,5,-86
2549734,6,-87
2549734,7,-87
2549734,8,-87
2549734,9,-90
2549734,10,-78
2549734,11,-68
2549734,12,-128
2549734,13,-128
2549734,14,-128
2625289,0,-90
2625289,1,-128
2625289,2,-87
2625289,3,-80
2625289,4,-87
2625289,5,-85
2625289,6,-87
2625289,7,-84
2625289,8,-91
2625289,9,-94
2625289,10,-78
2625289,11,-68
2625289,12,-83
2625289,13,-128
2625289,14,-128
2700838,0,-91
2700838,1,-128
2700838,2,-86
2700838,3,-86
2700838,4,-89
2700838,5,-84
2700838,6,-89
2700838,7,-90
2700838,8,-94
2700838,9,-91
2700838,10,-75
2700838,11,-68
2700838,12,-80
2700838,13,-128
2700838,14,-128
2776379,0,-95
2776379,1,-128
2776379,2,-83
2776379,3,-79
2776379,4,-94
2776379,5,-83
2776379,6,-88
2776379,7,-93
2776379,8,-92
2776379,9,-91
2776379,10,-75
2776379,11,-68
2776379,12,-97
2776379,13,-128
2776379,14,-128
0,0,0
0,0,0
0,0,0
0,0,0
0,0,0
244
2851945,0,-97
2851945,1,-128
2851945,2,-83
2851945,3,-78
2851945,4,-92
2851945,5,-80
2851945,6,-85
2851945,7,-92
2851945,8,-90
2851945,9,-90
2851945,10,-83
2851945,11,-67
2851945,12,-94
2851945,13,-96
2851945,14,-128
2927439,0,-96
2927439,1,-128
2927439,2,-82
2927439,3,-88
2927439,4,-97
2927439,5,-83
2927439,6,-89
2927439,7,-90
2927439,8,-96
2927439,9,-96
2927439,10,-78
2927439,11,-68
2927439,12,-97
2927439,13,-128
2927439,14,-128
3002930,0,-96
3002930,1,-128
3002930,2,-88
3002930,3,-84
3002930,4,-128
3002930,5,-92
3002930,6,-76
3002930,7,-94
3002930,8,-92
3002930,9,-95
3002930,10,-76
3002930,11,-67
3002930,12,-97
3002930,13,-128
3002930,14,-128
3078419,0,-96
3078419,1,-128
3078419,2,-85
3078419,3,-86
3078419,4,-128
3078419,5,-88
3078419,6,-80
3078419,7,-94
3078419,8,-90
3078419,9,-92
3078419,10,-75
3078419,11,-67
3078419,12,-97
3078419,13,-128
3078419,14,-128
3153903,0,-128
3153903,1,-128
3153903,2,-84
3153903,3,-89
3153903,4,-128
3153903,5,-77
3153903,6,-85
3153903,7,-95
3153903,8,-93
3153903,9,-81
3153903,10,-76
3153903,11,-69
3153903,12,-97
3153903,13,-128
3153903,14,-128
0,0,0
0,0,0
0,0,0
0,0,0
0,0,0
243
3229459,0,-96
3229459,1,-128
3229459,2,-75
3229459,3,-91
3229459,4,-128
3229459,5,-86
3229459,6,-85
3229459,7,-97
3229459,8,-87
3229459,9,-90
3229459,10,-78
3229459,11,-67
3229459,12,-96
3229459,13,-128
3229459,14,-128
3304926,0,-128
3304926,1,-128
3304926,2,-83
3304926,3,-84
3304926,4,-128
3304926,5,-83
3304926,6,-92
3304926,7,-95
3304926,8,-85
3304926,9,-91
3304926,10,-85
3304926,11,-69
3304926,12,-95
3304926,13,-96
3304926,14,-128
3380387,0,-128
3380387,1,-128
3380387,2,-77
3380387,3,-85
3380387,4,-97
3380387,5,-78
3380387,6,-86
3380387,7,-94
3380387,8,-91
3380387,9,-89
3380387,10,-96
3380387,11,-68
3380387,12,-96
3380387,13,-128
3380387,14,-128
3455855,0,-128
3455855,1,-128
3455855,2,-78
3455855,3,-88
3455855,4,-128
3455855,5,-87
3455855,6,-82
3455855,7,-128
3455855,8,-128
3455855,9,-96
3455855,10,-97
3455855,11,-67
3455855,12,-95
3455855,13,-128
3455855,14,-128
3531306,0,-128
3531306,1,-128
3531306,2,-79
3531306,3,-88
3531306,4,-128
3531306,5,-85
3531306,6,-86
3531306,7,-128
3531306,8,-128
3531306,9,-93
3531306,10,-128
3531306,11,-68
3531306,12,-97
3531306,13,-128
3531306,14,-128
0,0,0
0,0,0
0,0,0
0,0,0
0,0,0
242
3606845,0,-96
3606845,1,-128
3606845,2,-82
3606845,3,-83
3606845,4,-97
3606845,5,-89
3606845,6,-81
3606845,7,-94
3606845,8,-95
3606845,9,-92
3606845,10,-128
3606845,11,-69
3606845,12,-76
3606845,13,-128
3606845,14,-128
3682307,0,-128
3682307,1,-128
3682307,2,-78
3682307,3,-86
3682307,4,-95
3682307,5,-95
3682307,6,-80
3682307,7,-128
3682307,8,-128
3682307,9,-91
3682307,10,-128
3682307,11,-69
3682307,12,-90
3682307,13,-128
3682307,14,-128
3757722,0,-97
3757722,1,-128
3757722,2,-74
3757722,3,-83
3757722,4,-96
3757722,5,-128
3757722,6,-90
3757722,7,-128
3757722,8,-96
3757722,9,-91
3757722,10,-128
3757722,11,-72
3757722,12,-96
3757722,13,-128
3757722,14,-128
3833112,0,-128
3833112,1,-128
3833112,2,-91
3833112,3,-85
3833112,4,-97
3833112,5,-128
3833112,6,-128
3833112,7,-128
3833112,8,-128
3833112,9,-97
3833112,10,-128
3833112,11,-90
3833112,12,-128
3833112,13,-128
3833112,14,-128
3908481,0,-96
3908481,1,-128
3908481,2,-97
3908481,3,-97
3908481,4,-94
3908481,5,-94
3908481,6,-93
3908481,7,-128
3908481,8,-97
3908481,9,-93
3908481,10,-95
3908481,11,-97
3908481,12,-89
3908481,13,-97
3908481,14,-128
0,0,0
0,0,0
0,0,0
0,0,0
0,0,0
241
3983898,0,-97
3983898,1,-128
3983898,2,-96
3983898,3,-97
3983898,4,-128
3983898,5,-96
3983898,6,-128
3983898,7,-94
3983898,8,-128
3983898,9,-128
3983898,10,-128
3983898,11,-97
3983898,12,-128
3983898,13,-128
3983898,14,-128
4059281,0,-128
4059281,1,-128
4059281,2,-97
4059281,3,-97
4059281,4,-128
4059281,5,-87
4059281,6,-128
4059281,7,-128
4059281,8,-128
4059281,9,-97
4059281,10,-128
4059281,11,-128
4059281,12,-94
4059281,13,-97
4059281,14,-128
4134627,0,-128
4134627,1,-128
4134627,2,-97
4134627,3,-96
4134627,4,-128
4134627,5,-96
4134627,6,-128
4134627,7,-128
4134627,8,-128
4134627,9,-96
4134627,10,-128
4134627,11,-97
4134627,12,-128
4134627,13,-128
4134627,14,-128
4209959,0,-97
4209959,1,-128
4209959,2,-97
4209959,3,-97
4209959,4,-128
4209959,5,-92
4209959,6,-128
4209959,7,-128
4209959,8,-128
4209959,9,-128
4209959,10,-96
4209959,11,-128
4209959,12,-128
4209959,13,-128
4209959,14,-128
4285277,0,-97
4285277,1,-128
4285277,2,-128
4285277,3,-97
4285277,4,-128
4285277,5,-97
4285277,6,-128
4285277,7,-128
4285277,8,-128
4285277,9,-128
4285277,10,-128
4285277,11,-97
4285277,12,-128
4285277,13,-128
4285277,14,-128
0,0,0
0,0,0
0,0,0
0,0,0
0,0,0
240
4360686,0,-97
4360686,1,-128
4360686,2,-94
4360686,3,-96
4360686,4,-128
4360686,5,-87
4360686,6,-128
4360686,7,-97
4360686,8,-128
4360686,9,-128
4360686,10,-97
4360686,11,-95
4360686,12,-128
4360686,13,-128
4360686,14,-128
4436057,0,-94
4436057,1,-128
4436057,2,-96
4436057,3,-96
4436057,4,-128
4436057,5,-84
4436057,6,-128
4436057,7,-94
4436057,8,-128
4436057,9,-97
4436057,10,-97
4436057,11,-95
4436057,12,-128
4436057,13,-128
4436057,14,-128
4511407,0,-95
4511407,1,-128
4511407,2,-97
4511407,3,-97
4511407,4,-128
4511407,5,-81
4511407,6,-128
4511407,7,-90
4511407,8,-128
4511407,9,-97
4511407,10,-128
4511407,11,-96
4511407,12,-92
4511407,13,-95
4511407,14,-128
4586801,0,-128
4586801,1,-128
4586801,2,-128
4586801,3,-73
4586801,4,-128
4586801,5,-84
4586801,6,-128
4586801,7,-128
4586801,8,-128
4586801,9,-97
4586801,10,-128
4586801,11,-96
4586801,12,-97
4586801,13,-128
4586801,14,-128
4662196,0,-128
4662196,1,-128
4662196,2,-128
4662196,3,-79
4662196,4,-97
4662196,5,-74
4662196,6,-128
4662196,7,-128
4662196,8,-128
4662196,9,-93
4662196,10,-128
4662196,11,-91
4662196,12,-97
4662196,13,-128
4662196,14,-128
0,0,0
0,0,0
0,0,0
0,0,0
0,0,0
239
4737651,0,-128
4737651,1,-128
4737651,2,-128
4737651,3,-75
4737651,4,-97
4737651,5,-84
4737651,6,-128
4737651,7,-128
4737651,8,-128
4737651,9,-95
4737651,10,-128
4737651,11,-90
4737651,12,-128
4737651,13,-128
4737651,14,-128
4813044,0,-97
4813044,1,-128
4813044,2,-128
4813044,3,-77
4813044,4,-95
4813044,5,-80
4813044,6,-128
4813044,7,-128
4813044,8,-128
4813044,9,-96
4813044,10,-128
4813044,11,-93
4813044,12,-128
4813044,13,-128
4813044,14,-128
4888420,0,-128
4888420,1,-128
4888420,2,-93
4888420,3,-86
4888420,4,-97
4888420,5,-79
4888420,6,-128
4888420,7,-97
4888420,8,-128
4888420,9,-97
4888420,10,-128
4888420,11,-97
4888420,12,-128
4888420,13,-128
4888420,14,-128
4963775,0,-128
4963775,1,-128
4963775,2,-128
4963775,3,-80
4963775,4,-128
4963775,5,-89
4963775,6,-128
4963775,7,-128
4963775,8,-128
4963775,9,-128
4963775,10,-128
4963775,11,-97
4963775,12,-97
4963775,13,-128
4963775,14,-128
5039119,0,-97
5039119,1,-128
5039119,2,-128
5039119,3,-87
5039119,4,-128
5039119,5,-94
5039119,6,-128
5039119,7,-128
5039119,8,-128
5039119,9,-128
5039119,10,-128
5039119,11,-128
5039119,12,-128
5039119,13,-128
5039119,14,-128
0,0,0
0,0,0
0,0,0
0,0,0
0,0,0
238
5114523,0,-128
5114523,1,-128
5114523,2,-128
5114523,3,-92
5114523,4,-128
5114523,5,-78
5114523,6,-128
5114523,7,-128
5114523,8,-128
5114523,9,-128
5114523,10,-128
5114523,11,-97
5114523,12,-128
5114523,13,-128
5114523,14,-128
5189859,0,-128
5189859,1,-128
5189859,2,-77
5189859,3,-73
5189859,4,-128
5189859,5,-81
5189859,6,-128
5189859,7,-128
5189859,8,-128
5189859,9,-96
5189859,10,-128
5189859,11,-128
5189859,12,-128
5189859,13,-128
5189859,14,-128
5265227,0,-128
5265227,1,-128
5265227,2,-84
5265227,3,-97
5265227,4,-128
5265227,5,-94
5265227,6,-128
5265227,7,-128
5265227,8,-128
5265227,9,-97
5265227,10,-128
5265227,11,-128
5265227,12,-128
5265227,13,-128
5265227,14,-128
5340628,0,-128
5340628,1,-128
5340628,2,-80
5340628,3,-86
5340628,4,-128
5340628,5,-90
5340628,6,-128
5340628,7,-128
5340628,8,-128
5340628,9,-128
5340628,10,-97
5340628,11,-128
5340628,12,-128
5340628,13,-128
5340628,14,-128
5416007,0,-128
5416007,1,-128
5416007,2,-81
5416007,3,-86
5416007,4,-128
5416007,5,-89
5416007,6,-128
5416007,7,-97
5416007,8,-128
5416007,9,-128
5416007,10,-128
5416007,11,-128
5416007,12,-128
5416007,13,-128
5416007,14,-128
0,0,0
0,0,0
0,0,0
0,0,0
0,0,0
237
5491454,0,-128
5491454,1,-128
5491454,2,-92
5491454,3,-80
5491454,4,-128
5491454,5,-73
5491454,6,-128
5491454,7,-128
5491454,8,-128
5491454,9,-97
5491454,10,-128
5491454,11,-128
5491454,12,-128
5491454,13,-128
5491454,14,-128
5566840,0,-97
5566840,1,-128
5566840,2,-128
5566840,3,-73
5566840,4,-128
5566840,5,-87
5566840,6,-128
5566840,7,-128
5566840,8,-128
5566840,9,-97
5566840,10,-128
5566840,11,-128
5566840,12,-128
5566840,13,-128
5566840,14,-128
5642212,0,-97
5642212,1,-128
5642212,2,-94
5642212,3,-91
5642212,4,-128
5642212,5,-74
5642212,6,-96
5642212,7,-128
5642212,8,-128
5642212,9,-95
5642212,10,-128
5642212,11,-128
5642212,12,-128
5642212,13,-97
5642212,14,-128
5717576,0,-128
5717576,1,-128
5717576,2,-95
5717576,3,-92
5717576,4,-128
5717576,5,-78
5717576,6,-128
5717576,7,-128
5717576,8,-128
5717576,9,-128
5717576,10,-128
5717576,11,-128
5717576,12,-128
5717576,13,-128
5717576,14,-128
5792959,0,-128
5792959,1,-128
5792959,2,-95
5792959,3,-85
5792959,4,-128
5792959,5,-78
5792959,6,-128
5792959,7,-128
5792959,8,-128
5792959,9,-96
5792959,10,-97
5792959,11,-128
5792959,12,-97
5792959,13,-128
5792959,14,-128
0,0,0
0,0,0
0,0,0
0,0,0
0,0,0
236
5868385,0,-128
5868385,1,-128
5868385,2,-97
5868385,3,-73
5868385,4,-128
5868385,5,-86
5868385,6,-128
5868385,7,-128
5868385,8,-128
5868385,9,-97
5868385,10,-128
5868385,11,-128
5868385,12,-128
5868385,13,-128
5868385,14,-128
5943746,0,-97
5943746,1,-128
5943746,2,-128
5943746,3,-80
5943746,4,-97
5943746,5,-76
5943746,6,-128
5943746,7,-128
5943746,8,-128
5943746,9,-128
5943746,10,-128
5943746,11,-128
5943746,12,-128
5943746,13,-128
5943746,14,-128
6019106,0,-95
6019106,1,-128
6019106,2,-128
6019106,3,-93
6019106,4,-128
6019106,5,-94
6019106,6,-128
6019106,7,-128
6019106,8,-128
6019106,9,-128
6019106,10,-128
6019106,11,-128
6019106,12,-128
6019106,13,-128
6019106,14,-128
6094499,0,-92
6094499,1,-128
6094499,2,-97
6094499,3,-96
6094499,4,-128
6094499,5,-92
6094499,6,-97
6094499,7,-128
6094499,8,-128
6094499,9,-95
6094499,10,-128
6094499,11,-128
6094499,12,-128
6094499,13,-96
6094499,14,-128
6169855,0,-95
6169855,1,-128
6169855,2,-128
6169855,3,-90
6169855,4,-128
6169855,5,-95
6169855,6,-97
6169855,7,-128
6169855,8,-128
6169855,9,-97
6169855,10,-97
6169855,11,-128
6169855,12,-96
6169855,13,-128
6169855,14,-128
0,0,0
0,0,0
0,0,0
0,0,0
0,0,0
235
6245287,0,-128
6245287,1,-128
6245287,2,-128
6245287,3,-83
6245287,4,-128
6245287,5,-95
6245287,6,-128
6245287,7,-128
6245287,8,-128
6245287,9,-128
6245287,10,-94
6245287,11,-94
6245287,12,-128
6245287,13,-128
6245287,14,-128
6320652,0,-128
6320652,1,-128
6320652,2,-97
6320652,3,-83
6320652,4,-128
6320652,5,-128
6320652,6,-128
6320652,7,-128
6320652,8,-128
6320652,9,-128
6320652,10,-128
6320652,11,-128
6320652,12,-128
6320652,13,-128
6320652,14,-128
6395984,0,-97
6395984,1,-128
6395984,2,-93
6395984,3,-128
6395984,4,-96
6395984,5,-97
6395984,6,-97
6395984,7,-128
6395984,8,-128
6395984,9,-95
6395984,10,-128
6395984,11,-128
6395984,12,-93
6395984,13,-128
6395984,14,-128
6471295,0,-96
6471295,1,-128
6471295,2,-97
6471295,3,-95
6471295,4,-128
6471295,5,-92
6471295,6,-128
6471295,7,-128
6471295,8,-128
6471295,9,-128
6471295,10,-128
6471295,11,-128
6471295,12,-128
6471295,13,-128
6471295,14,-128
6546613,0,-128
6546613,1,-128
6546613,2,-128
6546613,3,-94
6546613,4,-128
6546613,5,-94
6546613,6,-128
6546613,7,-128
6546613,8,-128
6546613,9,-128
6546613,10,-128
6546613,11,-128
6546613,12,-95
6546613,13,-128
6546613,14,-128
0,0,0
0,0,0
0,0,0
0,0,0
0,0,0
234
6622017,0,-95
6622017,1,-128
6622017,2,-128
6622017,3,-97
6622017,4,-128
6622017,5,-128
6622017,6,-128
6622017,7,-128
6622017,8,-128
6622017,9,-95
6622017,10,-128
6622017,11,-97
6622017,12,-97
6622017,13,-97
6622017,14,-128
6697353,0,-97
6697353,1,-128
6697353,2,-128
6697353,3,-87
6697353,4,-128
6697353,5,-128
6697353,6,-128
6697353,7,-128
6697353,8,-128
6697353,9,-128
6697353,10,-128
6697353,11,-128
6697353,12,-95
6697353,13,-128
6697353,14,-128
6772686,0,-128
6772686,1,-128
6772686,2,-128
6772686,3,-84
6772686,4,-128
6772686,5,-128
6772686,6,-128
6772686,7,-128
6772686,8,-128
6772686,9,-128
6772686,10,-128
6772686,11,-97
6772686,12,-97
6772686,13,-128
6772686,14,-128
6848020,0,-128
6848020,1,-128
6848020,2,-128
6848020,3,-82
6848020,4,-128
6848020,5,-128
6848020,6,-128
6848020,7,-128
6848020,8,-128
6848020,9,-128
6848020,10,-128
6848020,11,-128
6848020,12,-95
6848020,13,-128
6848020,14,-128
6923362,0,-128
6923362,1,-128
6923362,2,-128
6923362,3,-81
6923362,4,-128
6923362,5,-96
6923362,6,-128
6923362,7,-128
6923362,8,-128
6923362,9,-96
6923362,10,-128
6923362,11,-128
6923362,12,-89
6923362,13,-128
6923362,14,-128
0,0,0
0,0,0
0,0,0
0,0,0
0,0,0
233
6998765,0,-97
6998765,1,-128
6998765,2,-128
6998765,3,-85
6998765,4,-97
6998765,5,-85
6998765,6,-97
6998765,7,-128
6998765,8,-128
6998765,9,-97
6998765,10,-128
6998765,11,-128
6998765,12,-128
6998765,13,-128
6998765,14,-128
7074104,0,-128
7074104,1,-128
7074104,2,-128
7074104,3,-77
7074104,4,-128
7074104,5,-97
7074104,6,-128
7074104,7,-128
7074104,8,-128
7074104,9,-128
7074104,10,-128
7074104,11,-97
7074104,12,-128
7074104,13,-128
7074104,14,-128
7149439,0,-128
7149439,1,-128
7149439,2,-128
7149439,3,-87
7149439,4,-128
7149439,5,-97
7149439,6,-128
7149439,7,-128
7149439,8,-128
7149439,9,-128
7149439,10,-128
7149439,11,-128
7149439,12,-128
7149439,13,-128
7149439,14,-128
7224766,0,-128
7224766,1,-128
7224766,2,-97
7224766,3,-97
7224766,4,-97
7224766,5,-128
7224766,6,-97
7224766,7,-128
7224766,8,-128
7224766,9,-76
7224766,10,-128
7224766,11,-93
7224766,12,-128
7224766,13,-93
7224766,14,-128
7300127,0,-128
7300127,1,-128
7300127,2,-128
7300127,3,-97
7300127,4,-128
7300127,5,-96
7300127,6,-96
7300127,7,-128
7300127,8,-128
7300127,9,-95
7300127,10,-128
7300127,11,-97
7300127,12,-97
7300127,13,-128
7300127,14,-128
0,0,0
0,0,0
0,0,0
0,0,0
0,0,0
232
7375553,0,-128
7375553,1,-128
7375553,2,-128
7375553,3,-73
7375553,4,-128
7375553,5,-92
7375553,6,-97
7375553,7,-128
7375553,8,-128
7375553,9,-128
7375553,10,-128
7375553,11,-128
7375553,12,-128
7375553,13,-128
7375553,14,-128
7450914,0,-128
7450914,1,-128
7450914,2,-128
7450914,3,-87
7450914,4,-128
7450914,5,-94
7450914,6,-95
7450914,7,-128
7450914,8,-128
7450914,9,-128
7450914,10,-128
7450914,11,-128
7450914,12,-91
7450914,13,-128
7450914,14,-128
7526293,0,-128
7526293,1,-128
7526293,2,-128
7526293,3,-88
7526293,4,-128
7526293,5,-128
7526293,6,-128
7526293,7,-128
7526293,8,-128
7526293,9,-97
7526293,10,-128
7526293,11,-128
7526293,12,-128
7526293,13,-128
7526293,14,-128
7601647,0,-128
7601647,1,-128
7601647,2,-128
7601647,3,-90
7601647,4,-97
7601647,5,-94
7601647,6,-94
7601647,7,-128
7601647,8,-128
7601647,9,-128
7601647,10,-128
7601647,11,-128
7601647,12,-128
7601647,13,-128
7601647,14,-128
7677038,0,-128
7677038,1,-128
7677038,2,-95
7677038,3,-86
7677038,4,-97
7677038,5,-96
7677038,6,-79
7677038,7,-128
7677038,8,-128
7677038,9,-128
7677038,10,-128
7677038,11,-96
7677038,12,-96
7677038,13,-128
7677038,14,-128
0,0,0
0,0,0
0,0,0
0,0,0
0,0,0
231
7752458,0,-128
7752458,1,-128
7752458,2,-128
7752458,3,-84
7752458,4,-128
7752458,5,-95
7752458,6,-85
7752458,7,-128
7752458,8,-128
7752458,9,-97
7752458,10,-128
7752458,11,-128
7752458,12,-97
7752458,13,-128
7752458,14,-128
7827830,0,-128
7827830,1,-128
7827830,2,-97
7827830,3,-87
7827830,4,-97
7827830,5,-90
7827830,6,-94
7827830,7,-128
7827830,8,-128
7827830,9,-128
7827830,10,-128
7827830,11,-128
7827830,12,-128
7827830,13,-128
7827830,14,-128
7903170,0,-128
7903170,1,-128
7903170,2,-97
7903170,3,-76
7903170,4,-97
7903170,5,-95
7903170,6,-88
7903170,7,-128
7903170,8,-128
7903170,9,-128
7903170,10,-128
7903170,11,-97
7903170,12,-128
7903170,13,-128
7903170,14,-128
7978519,0,-128
7978519,1,-128
7978519,2,-97
7978519,3,-84
7978519,4,-97
7978519,5,-86
7978519,6,-84
7978519,7,-128
7978519,8,-128
7978519,9,-97
7978519,10,-128
7978519,11,-97
7978519,12,-128
7978519,13,-128
7978519,14,-128
8053886,0,-128
8053886,1,-128
8053886,2,-128
8053886,3,-88
8053886,4,-128
8053886,5,-93
8053886,6,-84
8053886,7,-128
8053886,8,-128
8053886,9,-97
8053886,10,-128
8053886,11,-128
8053886,12,-128
8053886,13,-128
8053886,14,-128
0,0,0
0,0,0
0,0,0
0,0,0
0,0,0
230
8129270,0,-128
8129270,1,-128
8129270,2,-128
8129270,3,-97
8129270,4,-90
8129270,5,-97
8129270,6,-128
8129270,7,-128
8129270,8,-128
8129270,9,-97
8129270,10,-128
8129270,11,-97
8129270,12,-128
8129270,13,-128
8129270,14,-128
8204482,0,-128
8204482,1,-128
8204482,2,-96
8204482,3,-128
8204482,4,-97
8204482,5,-128
8204482,6,-128
8204482,7,-128
8204482,8,-128
8204482,9,-128
8204482,10,-97
8204482,11,-128
8204482,12,-128
8204482,13,-128
8204482,14,-128
8279789,0,-128
8279789,1,-128
8279789,2,-97
8279789,3,-128
8279789,4,-128
8279789,5,-128
8279789,6,-128
8279789,7,-128
8279789,8,-128
8279789,9,-128
8279789,10,-128
8279789,11,-128
8279789,12,-128
8279789,13,-128
8279789,14,-128
8355094,0,-128
8355094,1,-128
8355094,2,-97
8355094,3,-97
8355094,4,-128
8355094,5,-128
8355094,6,-97
8355094,7,-128
8355094,8,-128
8355094,9,-128
8355094,10,-128
8355094,11,-128
8355094,12,-128
8355094,13,-128
8355094,14,-128
8430409,0,-128
8430409,1,-128
8430409,2,-128
8430409,3,-97
8430409,4,-128
8430409,5,-128
8430409,6,-97
8430409,7,-128
8430409,8,-128
8430409,9,-128
8430409,10,-128
8430409,11,-128
8430409,12,-128
8430409,13,-128
8430409,14,-128
0,0,0
0,0,0
0,0,0
0,0,0
0,0,0
229
8505788,0,-128
8505788,1,-128
8505788,2,-128
8505788,3,-97
8505788,4,-128
8505788,5,-97
8505788,6,-128
8505788,7,-128
8505788,8,-128
8505788,9,-128
8505788,10,-128
8505788,11,-128
8505788,12,-128
8505788,13,-128
8505788,14,-128
8581096,0,-128
8581096,1,-128
8581096,2,-128
8581096,3,-128
8581096,4,-128
8581096,5,-128
8581096,6,-128
8581096,7,-128
8581096,8,-128
8581096,9,-128
8581096,10,-128
8581096,11,-128
8581096,12,-128
8581096,13,-128
8581096,14,-128
8656402,0,-128
8656402,1,-128
8656402,2,-97
8656402,3,-128
8656402,4,-96
8656402,5,-128
8656402,6,-128
8656402,7,-128
8656402,8,-128
8656402,9,-128
8656402,10,-128
8656402,11,-128
8656402,12,-128
8656402,13,-128
8656402,14,-128
8731720,0,-128
8731720,1,-128
8731720,2,-97
8731720,3,-128
8731720,4,-128
8731720,5,-94
8731720,6,-128
8731720,7,-128
8731720,8,-128
8731720,9,-128
8731720,10,-128
8731720,11,-128
8731720,12,-128
8731720,13,-128
8731720,14,-128
8807035,0,-128
8807035,1,-128
8807035,2,-128
8807035,3,-90
8807035,4,-96
8807035,5,-93
8807035,6,-128
8807035,7,-128
8807035,8,-128
8807035,9,-128
8807035,10,-128
8807035,11,-97
8807035,12,-97
8807035,13,-128
8807035,14,-128
0,0,0
0,0,0
0,0,0
0,0,0
0,0,0
228
8882470,0,-128
8882470,1,-128
8882470,2,-128
8882470,3,-91
8882470,4,-97
8882470,5,-77
8882470,6,-128
8882470,7,-128
8882470,8,-128
8882470,9,-128
8882470,10,-128
8882470,11,-97
8882470,12,-96
8882470,13,-128
8882470,14,-128
8957805,0,-128
8957805,1,-128
8957805,2,-128
8957805,3,-81
8957805,4,-128
8957805,5,-128
8957805,6,-128
8957805,7,-128
8957805,8,-128
8957805,9,-128
8957805,10,-128
8957805,11,-128
8957805,12,-128
8957805,13,-128
8957805,14,-128
9033170,0,-128
9033170,1,-128
9033170,2,-128
9033170,3,-90
9033170,4,-128
9033170,5,-94
9033170,6,-128
9033170,7,-128
9033170,8,-128
9033170,9,-97
9033170,10,-128
9033170,11,-97
9033170,12,-128
9033170,13,-128
9033170,14,-128
9108556,0,-128
9108556,1,-128
9108556,2,-97
9108556,3,-87
9108556,4,-93
9108556,5,-76
9108556,6,-128
9108556,7,-128
9108556,8,-128
9108556,9,-128
9108556,10,-92
9108556,11,-128
9108556,12,-128
9108556,13,-97
9108556,14,-128
9183888,0,-128
9183888,1,-128
9183888,2,-128
9183888,3,-96
9183888,4,-92
9183888,5,-94
9183888,6,-128
9183888,7,-128
9183888,8,-128
9183888,9,-97
9183888,10,-128
9183888,11,-94
9183888,12,-128
9183888,13,-128
9183888,14,-128
0,0,0
0,0,0
0,0,0
0,0,0
0,0,0
227
9259281,0,-128
9259281,1,-128
9259281,2,-96
9259281,3,-94
9259281,4,-94
9259281,5,-97
9259281,6,-128
9259281,7,-128
9259281,8,-128
9259281,9,-128
9259281,10,-128
9259281,11,-96
9259281,12,-128
9259281,13,-128
9259281,14,-128
9334642,0,-128
9334642,1,-128
9334642,2,-96
9334642,3,-86
9334642,4,-128
9334642,5,-69
9334642,6,-128
9334642,7,-128
9334642,8,-128
9334642,9,-128
9334642,10,-97
9334642,11,-97
9334642,12,-128
9334642,13,-128
9334642,14,-128
9410007,0,-128
9410007,1,-128
9410007,2,-91
9410007,3,-97
9410007,4,-91
9410007,5,-88
9410007,6,-128
9410007,7,-128
9410007,8,-128
9410007,9,-97
9410007,10,-128
9410007,11,-96
9410007,12,-97
9410007,13,-97
9410007,14,-128
9485379,0,-128
9485379,1,-128
9485379,2,-97
9485379,3,-97
9485379,4,-97
9485379,5,-89
9485379,6,-94
9485379,7,-128
9485379,8,-128
9485379,9,-128
9485379,10,-128
9485379,11,-128
9485379,12,-97
9485379,13,-96
9485379,14,-128
9560740,0,-128
9560740,1,-128
9560740,2,-96
9560740,3,-128
9560740,4,-128
9560740,5,-87
9560740,6,-92
9560740,7,-128
9560740,8,-128
9560740,9,-128
9560740,10,-128
9560740,11,-128
9560740,12,-97
9560740,13,-97
9560740,14,-128
0,0,0
0,0,0
0,0,0
0,0,0
0,0,0
226
9636168,0,-128
9636168,1,-128
9636168,2,-97
9636168,3,-128
9636168,4,-128
9636168,5,-87
9636168,6,-92
9636168,7,-128
9636168,8,-128
9636168,9,-128
9636168,10,-128
9636168,11,-128
9636168,12,-97
9636168,13,-128
9636168,14,-128
9711526,0,-128
9711526,1,-128
9711526,2,-97
9711526,3,-97
9711526,4,-128
9711526,5,-90
9711526,6,-93
9711526,7,-128
9711526,8,-128
9711526,9,-128
9711526,10,-128
9711526,11,-128
9711526,12,-128
9711526,13,-97
9711526,14,-128
9786881,0,-128
9786881,1,-128
9786881,2,-128
9786881,3,-128
9786881,4,-128
9786881,5,-89
9786881,6,-96
9786881,7,-128
9786881,8,-128
9786881,9,-128
9786881,10,-128
9786881,11,-128
9786881,12,-97
9786881,13,-128
9786881,14,-128
9862234,0,-128
9862234,1,-128
9862234,2,-128
9862234,3,-97
9862234,4,-128
9862234,5,-85
9862234,6,-91
9862234,7,-128
9862234,8,-128
9862234,9,-128
9862234,10,-128
9862234,11,-128
9862234,12,-97
9862234,13,-97
9862234,14,-128
9937601,0,-128
9937601,1,-128
9937601,2,-128
9937601,3,-97
9937601,4,-96
9937601,5,-87
9937601,6,-93
9937601,7,-128
9937601,8,-128
9937601,9,-97
9937601,10,-128
9937601,11,-128
9937601,12,-97
9937601,13,-96
9937601,14,-128
0,0,0
0,0,0
0,0,0
0,0,0
0,0,0
225
10013033,0,-128
10013033,1,-128
10013033,2,-96
10013033,3,-97
10013033,4,-97
10013033,5,-86
10013033,6,-96
10013033,7,-128
10013033,8,-128
10013033,9,-96
10013033,10,-96
10013033,11,-128
10013033,12,-128
10013033,13,-97
10013033,14,-128
10088394,0,-128
10088394,1,-128
10088394,2,-97
10088394,3,-97
10088394,4,-97
10088394,5,-92
10088394,6,-96
10088394,7,-128
10088394,8,-128
10088394,9,-97
10088394,10,-96
10088394,11,-128
10088394,12,-96
10088394,13,-97
10088394,14,-128
10163736,0,-128
10163736,1,-128
10163736,2,-97
10163736,3,-128
10163736,4,-94
10163736,5,-96
10163736,6,-89
10163736,7,-128
10163736,8,-128
10163736,9,-97
10163736,10,-97
10163736,11,-128
10163736,12,-97
10163736,13,-128
10163736,14,-128
10239144,0,-128
10239144,1,-128
10239144,2,-95
10239144,3,-128
10239144,4,-83
10239144,5,-86
10239144,6,-96
10239144,7,-128
10239144,8,-128
10239144,9,-97
10239144,10,-82
10239144,11,-128
10239144,12,-95
10239144,13,-97
10239144,14,-128
10314570,0,-128
10314570,1,-128
10314570,2,-95
10314570,3,-128
10314570,4,-90
10314570,5,-94
10314570,6,-88
10314570,7,-128
10314570,8,-128
10314570,9,-97
10314570,10,-96
10314570,11,-128
10314570,12,-97
10314570,13,-128
10314570,14,-128
0,0,0
0,0,0
0,0,0
0,0,0
0,0,0
224
10390030,0,-128
10390030,1,-128
10390030,2,-75
10390030,3,-97
10390030,4,-96
10390030,5,-90
10390030,6,-128
10390030,7,-128
10390030,8,-128
10390030,9,-97
10390030,10,-96
10390030,11,-128
10390030,12,-95
10390030,13,-77
10390030,14,-128
10465385,0,-128
10465385,1,-128
10465385,2,-92
10465385,3,-128
10465385,4,-97
10465385,5,-87
10465385,6,-128
10465385,7,-128
10465385,8,-128
10465385,9,-128
10465385,10,-97
10465385,11,-128
10465385,12,-94
10465385,13,-92
10465385,14,-128
10540763,0,-128
10540763,1,-128
10540763,2,-94
10540763,3,-95
10540763,4,-128
10540763,5,-87
10540763,6,-95
10540763,7,-128
10540763,8,-128
10540763,9,-128
10540763,10,-95
10540763,11,-128
10540763,12,-96
10540763,13,-128
10540763,14,-128
10616145,0,-128
10616145,1,-128
10616145,2,-96
10616145,3,-128
10616145,4,-128
10616145,5,-89
10616145,6,-97
10616145,7,-128
10616145,8,-128
10616145,9,-97
10616145,10,-128
10616145,11,-128
10616145,12,-97
10616145,13,-128
10616145,14,-128
10691456,0,-128
10691456,1,-128
10691456,2,-97
10691456,3,-97
10691456,4,-128
10691456,5,-92
10691456,6,-128
10691456,7,-128
10691456,8,-128
10691456,9,-93
10691456,10,-128
10691456,11,-128
10691456,12,-97
10691456,13,-128
10691456,14,-128
0,0,0
0,0,0
0,0,0
0,0,0
0,0,0
223
10766842,0,-128
10766842,1,-128
10766842,2,-97
10766842,3,-97
10766842,4,-97
10766842,5,-97
10766842,6,-128
10766842,7,-128
10766842,8,-128
10766842,9,-128
10766842,10,-128
10766842,11,-128
10766842,12,-97
10766842,13,-97
10766842,14,-128
10842174,0,-128
10842174,1,-128
10842174,2,-97
10842174,3,-95
10842174,4,-97
10842174,5,-92
10842174,6,-128
10842174,7,-128
10842174,8,-128
10842174,9,-128
10842174,10,-128
10842174,11,-128
10842174,12,-97
10842174,13,-97
10842174,14,-128
10917518,0,-128
10917518,1,-128
10917518,2,-128
10917518,3,-92
10917518,4,-128
10917518,5,-88
10917518,6,-128
10917518,7,-128
10917518,8,-128
10917518,9,-128
10917518,10,-128
10917518,11,-128
10917518,12,-97
10917518,13,-128
10917518,14,-128
10992863,0,-128
10992863,1,-128
10992863,2,-97
10992863,3,-94
10992863,4,-128
10992863,5,-91
10992863,6,-128
10992863,7,-128
10992863,8,-128
10992863,9,-128
10992863,10,-128
10992863,11,-128
10992863,12,-97
10992863,13,-128
10992863,14,-128
11068201,0,-128
11068201,1,-128
11068201,2,-128
11068201,3,-97
11068201,4,-97
11068201,5,-90
11068201,6,-128
11068201,7,-128
11068201,8,-128
11068201,9,-128
11068201,10,-128
11068201,11,-128
11068201,12,-97
11068201,13,-128
11068201,14,-128
0,0,0
0,0,0
0,0,0
0,0,0
0,0,0
222
11143589,0,-128
11143589,1,-128
11143589,2,-128
11143589,3,-97
11143589,4,-128
11143589,5,-96
11143589,6,-128
11143589,7,-128
11143589,8,-128
11143589,9,-128
11143589,10,-128
11143589,11,-128
11143589,12,-128
11143589,13,-128
11143589,14,-128
11218926,0,-128
11218926,1,-128
11218926,2,-97
11218926,3,-96
11218926,4,-95
11218926,5,-96
11218926,6,-128
11218926,7,-128
11218926,8,-128
11218926,9,-128
11218926,10,-128
11218926,11,-128
11218926,12,-97
11218926,13,-128
11218926,14,-128
11294278,0,-128
11294278,1,-128
11294278,2,-94
11294278,3,-96
11294278,4,-128
11294278,5,-97
11294278,6,-81
11294278,7,-128
11294278,8,-128
11294278,9,-128
11294278,10,-128
11294278,11,-128
11294278,12,-97
11294278,13,-128
11294278,14,-128
11369610,0,-128
11369610,1,-128
11369610,2,-95
11369610,3,-97
11369610,4,-128
11369610,5,-97
11369610,6,-128
11369610,7,-128
11369610,8,-128
11369610,9,-128
11369610,10,-128
11369610,11,-128
11369610,12,-95
11369610,13,-128
11369610,14,-128
11444916,0,-128
11444916,1,-128
11444916,2,-128
11444916,3,-128
11444916,4,-97
11444916,5,-128
11444916,6,-89
11444916,7,-128
11444916,8,-128
11444916,9,-128
11444916,10,-128
11444916,11,-128
11444916,12,-128
11444916,13,-92
11444916,14,-128
0,0,0
0,0,0
0,0,0
0,0,0
0,0,0
221
11520312,0,-128
11520312,1,-128
11520312,2,-128
11520312,3,-128
11520312,4,-128
11520312,5,-128
11520312,6,-128
11520312,7,-128
11520312,8,-128
11520312,9,-128
11520312,10,-128
11520312,11,-128
11520312,12,-128
11520312,13,-128
11520312,14,-128
11595619,0,-128
11595619,1,-128
11595619,2,-128
11595619,3,-128
11595619,4,-128
11595619,5,-128
11595619,6,-96
11595619,7,-128
11595619,8,-128
11595619,9,-128
11595619,10,-128
11595619,11,-128
11595619,12,-128
11595619,13,-128
11595619,14,-128
11670927,0,-128
11670927,1,-128
11670927,2,-128
11670927,3,-128
11670927,4,-128
11670927,5,-128
11670927,6,-128
11670927,7,-128
11670927,8,-128
11670927,9,-128
11670927,10,-128
11670927,11,-128
11670927,12,-128
11670927,13,-128
11670927,14,-128
11746235,0,-128
11746235,1,-128
11746235,2,-128
11746235,3,-128
11746235,4,-128
11746235,5,-128
11746235,6,-128
11746235,7,-128
11746235,8,-128
11746235,9,-128
11746235,10,-128
11746235,11,-128
11746235,12,-128
11746235,13,-128
11746235,14,-128
11821541,0,-128
11821541,1,-128
11821541,2,-128
11821541,3,-128
11821541,4,-128
11821541,5,-95
11821541,6,-128
11821541,7,-128
11821541,8,-128
11821541,9,-128
11821541,10,-128
11821541,11,-128
11821541,12,-97
11821541,13,-128
11821541,14,-128
0,0,0
0,0,0
0,0,0
0,0,0
0,0,0
220
11896916,0,-128
11896916,1,-128
11896916,2,-128
11896916,3,-128
11896916,4,-128
11896916,5,-128
11896916,6,-128
11896916,7,-128
11896916,8,-128
11896916,9,-128
11896916,10,-128
11896916,11,-128
11896916,12,-128
11896916,13,-128
11896916,14,-128
11972223,0,-128
11972223,1,-128
11972223,2,-128
11972223,3,-128
11972223,4,-128
11972223,5,-97
11972223,6,-128
11972223,7,-128
11972223,8,-128
11972223,9,-128
11972223,10,-128
11972223,11,-128
11972223,12,-94
11972223,13,-128
11972223,14,-128
12047530,0,-128
12047530,1,-128
12047530,2,-128
12047530,3,-128
12047530,4,-128
12047530,5,-128
12047530,6,-128
12047530,7,-128
12047530,8,-128
12047530,9,-128
12047530,10,-128
12047530,11,-128
12047530,12,-96
12047530,13,-128
12047530,14,-128
12122836,0,-128
12122836,1,-128
12122836,2,-128
12122836,3,-128
12122836,4,-128
12122836,5,-97
12122836,6,-97
12122836,7,-128
12122836,8,-128
12122836,9,-128
12122836,10,-128
12122836,11,-128
12122836,12,-128
12122836,13,-128
12122836,14,-128
12198144,0,-128
12198144,1,-128
12198144,2,-128
12198144,3,-128
12198144,4,-128
12198144,5,-128
12198144,6,-97
12198144,7,-128
12198144,8,-128
12198144,9,-128
12198144,10,-128
12198144,11,-128
12198144,12,-128
12198144,13,-128
12198144,14,-128
0,0,0
0,0,0
0,0,0
0,0,0
0,0,0
219
12273516,0,-128
12273516,1,-128
12273516,2,-128
12273516,3,-128
12273516,4,-96
12273516,5,-97
12273516,6,-128
12273516,7,-128
12273516,8,-128
12273516,9,-128
12273516,10,-128
12273516,11,-128
12273516,12,-128
12273516,13,-97
12273516,14,-128
12348831,0,-128
12348831,1,-128
12348831,2,-128
12348831,3,-96
12348831,4,-86
12348831,5,-128
12348831,6,-128
12348831,7,-128
12348831,8,-128
12348831,9,-128
12348831,10,-128
12348831,11,-128
12348831,12,-128
12348831,13,-128
12348831,14,-128
12424147,0,-128
12424147,1,-128
12424147,2,-128
12424147,3,-97
12424147,4,-93
12424147,5,-128
12424147,6,-95
12424147,7,-128
12424147,8,-128
12424147,9,-128
12424147,10,-128
12424147,11,-128
12424147,12,-128
12424147,13,-96
12424147,14,-128
12499459,0,-128
12499459,1,-128
12499459,2,-128
12499459,3,-84
12499459,4,-128
12499459,5,-128
12499459,6,-128
12499459,7,-128
12499459,8,-128
12499459,9,-128
12499459,10,-128
12499459,11,-128
12499459,12,-128
12499459,13,-128
12499459,14,-128
12574767,0,-128
12574767,1,-128
12574767,2,-128
12574767,3,-128
12574767,4,-128
12574767,5,-128
12574767,6,-128
12574767,7,-128
12574767,8,-128
12574767,9,-128
12574767,10,-128
12574767,11,-128
12574767,12,-128
12574767,13,-128
12574767,14,-128
0,0,0
0,0,0
0,0,0
0,0,0
0,0,0
218
12650141,0,-128
12650141,1,-128
12650141,2,-128
12650141,3,-128
12650141,4,-128
12650141,5,-128
12650141,6,-128
12650141,7,-128
12650141,8,-128
12650141,9,-128
12650141,10,-128
12650141,11,-128
12650141,12,-128
12650141,13,-128
12650141,14,-128
12725449,0,-128
12725449,1,-128
12725449,2,-128
12725449,3,-128
12725449,4,-128
12725449,5,-128
12725449,6,-128
12725449,7,-128
12725449,8,-128
12725449,9,-128
12725449,10,-128
12725449,11,-128
12725449,12,-128
12725449,13,-128
12725449,14,-128
12800757,0,-128
12800757,1,-128
12800757,2,-97
12800757,3,-128
12800757,4,-128
12800757,5,-87
12800757,6,-128
12800757,7,-128
12800757,8,-128
12800757,9,-128
12800757,10,-128
12800757,11,-128
12800757,12,-128
12800757,13,-128
12800757,14,-128
12876093,0,-128
12876093,1,-128
12876093,2,-128
12876093,3,-128
12876093,4,-128
12876093,5,-96
12876093,6,-128
12876093,7,-128
12876093,8,-128
12876093,9,-128
12876093,10,-128
12876093,11,-128
12876093,12,-128
12876093,13,-128
12876093,14,-128
12951421,0,-128
12951421,1,-128
12951421,2,-128
12951421,3,-128
12951421,4,-128
12951421,5,-84
12951421,6,-128
12951421,7,-128
12951421,8,-128
12951421,9,-128
12951421,10,-128
12951421,11,-128
12951421,12,-128
12951421,13,-128
12951421,14,-128
0,0,0
0,0,0
0,0,0
0,0,0
0,0,0
217
13026825,0,-128
13026825,1,-128
13026825,2,-96
13026825,3,-128
13026825,4,-128
13026825,5,-73
13026825,6,-128
13026825,7,-128
13026825,8,-128
13026825,9,-128
13026825,10,-128
13026825,11,-128
13026825,12,-128
13026825,13,-128
13026825,14,-128
13102159,0,-128
13102159,1,-128
13102159,2,-93
13102159,3,-128
13102159,4,-128
13102159,5,-67
13102159,6,-128
13102159,7,-128
13102159,8,-128
13102159,9,-128
13102159,10,-128
13102159,11,-128
13102159,12,-128
13102159,13,-128
13102159,14,-128
13177496,0,-128
13177496,1,-128
13177496,2,-93
13177496,3,-128
13177496,4,-128
13177496,5,-69
13177496,6,-128
13177496,7,-128
13177496,8,-128
13177496,9,-128
13177496,10,-128
13177496,11,-128
13177496,12,-128
13177496,13,-128
13177496,14,-128
13252815,0,-128
13252815,1,-128
13252815,2,-96
13252815,3,-128
13252815,4,-128
13252815,5,-96
13252815,6,-128
13252815,7,-128
13252815,8,-128
13252815,9,-128
13252815,10,-128
13252815,11,-128
13252815,12,-128
13252815,13,-128
13252815,14,-128
13328172,0,-128
13328172,1,-128
13328172,2,-95
13328172,3,-128
13328172,4,-128
13328172,5,-69
13328172,6,-128
13328172,7,-128
13328172,8,-128
13328172,9,-128
13328172,10,-128
13328172,11,-128
13328172,12,-128
13328172,13,-128
13328172,14,-128
0,0,0
0,0,0
0,0,0
0,0,0
0,0,0
216
13403592,0,-128
13403592,1,-128
13403592,2,-95
13403592,3,-128
13403592,4,-128
13403592,5,-66
13403592,6,-128
13403592,7,-128
13403592,8,-128
13403592,9,-128
13403592,10,-128
13403592,11,-128
13403592,12,-128
13403592,13,-128
13403592,14,-128
13478954,0,-128
13478954,1,-128
13478954,2,-96
13478954,3,-128
13478954,4,-128
13478954,5,-85
13478954,6,-128
13478954,7,-128
13478954,8,-128
13478954,9,-128
13478954,10,-128
13478954,11,-128
13478954,12,-128
13478954,13,-94
13478954,14,-128
13554299,0,-128
13554299,1,-128
13554299,2,-97
13554299,3,-128
13554299,4,-128
13554299,5,-92
13554299,6,-128
13554299,7,-128
13554299,8,-128
13554299,9,-128
13554299,10,-128
13554299,11,-128
13554299,12,-128
13554299,13,-128
13554299,14,-128
13629631,0,-128
13629631,1,-128
13629631,2,-97
13629631,3,-128
13629631,4,-128
13629631,5,-80
13629631,6,-128
13629631,7,-128
13629631,8,-128
13629631,9,-128
13629631,10,-128
13629631,11,-128
13629631,12,-128
13629631,13,-97
13629631,14,-128
13704965,0,-128
13704965,1,-128
13704965,2,-128
13704965,3,-128
13704965,4,-128
13704965,5,-77
13704965,6,-128
13704965,7,-128
13704965,8,-128
13704965,9,-128
13704965,10,-128
13704965,11,-128
13704965,12,-128
13704965,13,-128
13704965,14,-128
0,0,0
0,0,0
0,0,0
0,0,0
0,0,0
215
13780373,0,-128
13780373,1,-128
13780373,2,-97
13780373,3,-128
13780373,4,-128
13780373,5,-81
13780373,6,-128
13780373,7,-128
13780373,8,-128
13780373,9,-128
13780373,10,-128
13780373,11,-128
13780373,12,-128
13780373,13,-128
13780373,14,-128
13855694,0,-128
13855694,1,-128
13855694,2,-90
13855694,3,-128
13855694,4,-128
13855694,5,-77
13855694,6,-128
13855694,7,-128
13855694,8,-128
13855694,9,-128
13855694,10,-128
13855694,11,-128
13855694,12,-128
13855694,13,-128
13855694,14,-128
13931029,0,-128
13931029,1,-128
13931029,2,-96
13931029,3,-128
13931029,4,-128
13931029,5,-80
13931029,6,-128
13931029,7,-128
13931029,8,-128
13931029,9,-128
13931029,10,-128
13931029,11,-128
13931029,12,-128
13931029,13,-128
13931029,14,-128
14006340,0,-128
14006340,1,-128
14006340,2,-96
14006340,3,-97
14006340,4,-128
14006340,5,-128
14006340,6,-128
14006340,7,-128
14006340,8,-128
14006340,9,-128
14006340,10,-128
14006340,11,-128
14006340,12,-128
14006340,13,-128
14006340,14,-128
14081657,0,-128
14081657,1,-128
14081657,2,-96
14081657,3,-97
14081657,4,-128
14081657,5,-94
14081657,6,-128
14081657,7,-128
14081657,8,-128
14081657,9,-128
14081657,10,-128
14081657,11,-128
14081657,12,-128
14081657,13,-128
14081657,14,-128
0,0,0
0,0,0
0,0,0
0,0,0
0,0,0
214
14157044,0,-128
14157044,1,-128
14157044,2,-77
14157044,3,-128
14157044,4,-128
14157044,5,-92
14157044,6,-128
14157044,7,-128
14157044,8,-128
14157044,9,-128
14157044,10,-128
14157044,11,-128
14157044,12,-128
14157044,13,-128
14157044,14,-128
14232375,0,-128
14232375,1,-128
14232375,2,-97
14232375,3,-97
14232375,4,-128
14232375,5,-85
14232375,6,-128
14232375,7,-128
14232375,8,-128
14232375,9,-128
14232375,10,-128
14232375,11,-128
14232375,12,-128
14232375,13,-97
14232375,14,-128
14307697,0,-128
14307697,1,-128
14307697,2,-128
14307697,3,-128
14307697,4,-128
14307697,5,-128
14307697,6,-128
14307697,7,-128
14307697,8,-128
14307697,9,-128
14307697,10,-128
14307697,11,-128
14307697,12,-128
14307697,13,-128
14307697,14,-128
14383002,0,-128
14383002,1,-128
14383002,2,-97
14383002,3,-128
14383002,4,-128
14383002,5,-97
14383002,6,-128
14383002,7,-128
14383002,8,-128
14383002,9,-128
14383002,10,-128
14383002,11,-128
14383002,12,-128
14383002,13,-97
14383002,14,-128
14458335,0,-128
14458335,1,-128
14458335,2,-128
14458335,3,-97
14458335,4,-128
14458335,5,-83
14458335,6,-128
14458335,7,-128
14458335,8,-128
14458335,9,-128
14458335,10,-128
14458335,11,-128
14458335,12,-128
14458335,13,-128
14458335,14,-128
0,0,0
0,0,0
0,0,0
0,0,0
0,0,0
213
14533735,0,-128
14533735,1,-128
14533735,2,-128
14533735,3,-97
14533735,4,-128
14533735,5,-77
14533735,6,-128
14533735,7,-128
14533735,8,-128
14533735,9,-128
14533735,10,-128
14533735,11,-128
14533735,12,-128
14533735,13,-128
14533735,14,-128
14609068,0,-128
14609068,1,-128
14609068,2,-128
14609068,3,-97
14609068,4,-128
14609068,5,-96
14609068,6,-128
14609068,7,-128
14609068,8,-128
14609068,9,-128
14609068,10,-128
14609068,11,-128
14609068,12,-128
14609068,13,-97
14609068,14,-128
14684377,0,-128
14684377,1,-128
14684377,2,-128
14684377,3,-128
14684377,4,-128
14684377,5,-97
14684377,6,-128
14684377,7,-128
14684377,8,-128
14684377,9,-128
14684377,10,-128
14684377,11,-128
14684377,12,-128
14684377,13,-128
14684377,14,-128
14759684,0,-128
14759684,1,-128
14759684,2,-128
14759684,3,-128
14759684,4,-128
14759684,5,-96
14759684,6,-128
14759684,7,-128
14759684,8,-128
14759684,9,-128
14759684,10,-128
14759684,11,-128
14759684,12,-128
14759684,13,-128
14759684,14,-128
14835017,0,-128
14835017,1,-128
14835017,2,-96
14835017,3,-128
14835017,4,-128
14835017,5,-85
14835017,6,-128
14835017,7,-128
14835017,8,-128
14835017,9,-128
14835017,10,-128
14835017,11,-128
14835017,12,-128
14835017,13,-128
14835017,14,-128
0,0,0
0,0,0
0,0,0
0,0,0
0,0,0
212
14910406,0,-128
14910406,1,-128
14910406,2,-97
14910406,3,-128
14910406,4,-128
14910406,5,-93
14910406,6,-128
14910406,7,-128
14910406,8,-128
14910406,9,-128
14910406,10,-128
14910406,11,-128
14910406,12,-128
14910406,13,-128
14910406,14,-128
14985740,0,-128
14985740,1,-128
14985740,2,-128
14985740,3,-128
14985740,4,-128
14985740,5,-94
14985740,6,-128
14985740,7,-128
14985740,8,-128
14985740,9,-128
14985740,10,-128
14985740,11,-128
14985740,12,-128
14985740,13,-94
14985740,14,-128
15061074,0,-128
15061074,1,-128
15061074,2,-128
15061074,3,-128
15061074,4,-128
15061074,5,-82
15061074,6,-128
15061074,7,-128
15061074,8,-128
15061074,9,-128
15061074,10,-128
15061074,11,-128
15061074,12,-128
15061074,13,-128
15061074,14,-128
15136408,0,-128
15136408,1,-128
15136408,2,-128
15136408,3,-128
15136408,4,-128
15136408,5,-87
15136408,6,-128
15136408,7,-128
15136408,8,-128
15136408,9,-128
15136408,10,-128
15136408,11,-128
15136408,12,-128
15136408,13,-97
15136408,14,-128
15211742,0,-128
15211742,1,-128
15211742,2,-97
15211742,3,-128
15211742,4,-128
15211742,5,-83
15211742,6,-128
15211742,7,-128
15211742,8,-128
15211742,9,-128
15211742,10,-128
15211742,11,-128
15211742,12,-128
15211742,13,-128
15211742,14,-128
0,0,0
0,0,0
0,0,0
0,0,0
0,0,0
211
15287143,0,-128
15287143,1,-128
15287143,2,-128
15287143,3,-128
15287143,4,-128
15287143,5,-128
15287143,6,-128
15287143,7,-128
15287143,8,-128
15287143,9,-128
15287143,10,-128
15287143,11,-128
15287143,12,-128
15287143,13,-128
15287143,14,-128
15362451,0,-128
15362451,1,-128
15362451,2,-128
15362451,3,-128
15362451,4,-128
15362451,5,-128
15362451,6,-128
15362451,7,-128
15362451,8,-128
15362451,9,-128
15362451,10,-128
15362451,11,-128
15362451,12,-128
15362451,13,-128
15362451,14,-128
15437759,0,-128
15437759,1,-128
15437759,2,-128
15437759,3,-128
15437759,4,-128
15437759,5,-128
15437759,6,-128
15437759,7,-128
15437759,8,-128
15437759,9,-128
15437759,10,-128
15437759,11,-128
15437759,12,-128
15437759,13,-128
15437759,14,-128
15513067,0,-128
15513067,1,-128
15513067,2,-128
15513067,3,-128
15513067,4,-128
15513067,5,-128
15513067,6,-128
15513067,7,-128
15513067,8,-128
15513067,9,-128
15513067,10,-128
15513067,11,-128
15513067,12,-128
15513067,13,-128
15513067,14,-128
15588375,0,-128
15588375,1,-128
15588375,2,-97
15588375,3,-128
15588375,4,-128
15588375,5,-97
15588375,6,-128
15588375,7,-128
15588375,8,-128
15588375,9,-128
15588375,10,-128
15588375,11,-128
15588375,12,-128
15588375,13,-95
15588375,14,-128
0,0,0
0,0,0
0,0,0
0,0,0
0,0,0
210