250
234549
234551
-1
60000
60000
60026
140022484
243022484
343022484
447022484
551022484
647022484
753022484
847022484
961022484
1057022484
1151022484
60052
138022510
242022510
347022510
442022510
553022510
650022510
746022510
847022510
961022510
1063022510
1147022510
1262022510
60118
140022536
238022536
347022536
445022536
550022536
646022536
753022536
847022536
956022536
1058022536
1146022536
1253022536
60144
137022562
242022562
341022562
447022562
551022562
646022562
751022562
847022562
955022562
1062022562
1149022562
1257022562
60210
138022588
238022588
347022588
445022588
553022588
646022588
751022588
847022588
959022588
1061022588
1149022588
1253022588
60236
139022614
238022614
347022614
447022614
551022614
657022614
753022614
847022614
952022614
1057022614
1151022614
1262022614
60302
140022640
242022640
345022640
443022640
551022640
657022640
745022640
847022640
953022640
1060022640
1151022640
1260022640
60328
137022666
239022666
345022666
443022666
555022666
650022666
748022666
847022666
953022666
1064022666
1151022666
1260022666
60354
140022692
239022692
342022692
443022692
555022692
661022692
750022692
850022692
961022692
1061022692
1147022692
1263022692
60420
137022718
239022718
347022718
447022718
553022718
666022718
756022718
852022718
961022718
1061022718
1151022718
1253022718
60446
138022744
242022744
345022744
444022744
551022744
659022744
746022744
853022744
953022744
1062022744
1156022744
1258022744
60512
140022770
238022770
347022770
449022770
556022770
668022770
754022770
853022770
953022770
1062022770
1150022770
1258022770
60538
139022796
243022796
346022796
449022796
553022796
657022796
744022796
853022796
963022796
1062022796
1151022796
1261022796
60604
137022822
243022822
349022822
449022822
556022822
660022822
746022822
853022822
957022822
1062022822
1149022822
1254022822
60630
137022848
239022848
346022848
445022848
553022848
660022848
753022848
853022848
963022848
1062022848
1153022848
1258022848
60656
137022874
238022874
347022874
442022874
557022874
660022874
753022874
853022874
963022874
1064022874
1154022874
1261022874
60722
138022900
238022900
342022900
443022900
552022900
664022900
746022900
853022900
957022900
1064022900
1149022900
1264022900
60748
137022926
243022926
349022926
449022926
550022926
672022926
751022926
853022926
957022926
1066022926
1149022926
1254022926
60814
138022952
249
243022952
342022952
445022952
550022952
661022952
753022952
853022952
961022952
1064022952
1156022952
1261022952
60840
138022978
243022978
342022978
443022978
552022978
664022978
751022978
853022978
963022978
1066022978
1150022978
1258022978
60906
139023004
238023004
343023004
449023004
556023004
664023004
748023004
853023004
963023004
1066023004
1157023004
1256023004
60932
139023030
242023030
343023030
442023030
551023030
673023030
753023030
853023030
963023030
1066023030
1150023030
1258023030
60958
137023056
242023056
347023056
445023056
557023056
657023056
752023056
853023056
963023056
1066023056
1149023056
1264023056
61024
137023082
239023082
348023082
447023082
553023082
673023082
746023082
853023082
963023082
1064023082
1154023082
1256023082
61050
140023108
242023108
349023108
445023108
553023108
671023108
743023108
853023108
953023108
1064023108
1150023108
1254023108
61116
137023134
239023134
349023134
445023134
553023134
672023134
743023134
853023134
961023134
1064023134
1157023134
1254023134
61142
139023160
239023160
342023160
442023160
557023160
661023160
747023160
853023160
961023160
1064023160
1149023160
1261023160
61208
138023186
243023186
349023186
443023186
552023186
657023186
746023186
853023186
957023186
1066023186
1148023186
1254023186
61234
138023212
238023212
342023212
443023212
556023212
665023212
746023212
853023212
963023212
1064023212
1149023212
1258023212
61300
137023238
238023238
343023238
449023238
550023238
673023238
746023238
853023238
963023238
1064023238
1157023238
1264023238
61326
137023264
243023264
342023264
443023264
553023264
674023264
743023264
853023264
961023264
1064023264
1150023264
1264023264
61352
137023290
242023290
342023290
443023290
552023290
657023290
751023290
853023290
961023290
1065023290
1149023290
1261023290
61418
137023316
239023316
347023316
443023316
554023316
672023316
753023316
853023316
957023316
1066023316
1149023316
1254023316
61444
136023342
242023342
346023342
449023342
550023342
673023342
746023342
853023342
961023342
1064023342
1156023342
1254023342
61510
137023368
238023368
343023368
447023368
553023368
672023368
753023368
853023368
957023368
1065023368
1154023368
1254023368
61536
140023394
239023394
349023394
443023394
553023394
671023394
751023394
853023394
957023394
1064023394
1152023394
1254023394
61602
139023420
242023420
346023420
449023420
557023420
661023420
751023420
248
853023420
953023420
1064023420
1154023420
61628
137023446
242023446
349023446
447023446
557023446
661023446
743023446
853023446
957023446
1067023446
1152023446
1254023446
61654
140023472
239023472
349023472
449023472
553023472
665023472
743023472
853023472
953023472
1066023472
1149023472
1254023472
61720
137023498
239023498
348023498
449023498
557023498
661023498
746023498
853023498
957023498
1064023498
1150023498
1254023498
61746
137023524
242023524
348023524
445023524
553023524
661023524
751023524
853023524
957023524
1064023524
1154023524
1254023524
61812
138023550
238023550
342023550
443023550
552023550
665023550
743023550
853023550
963023550
1067023550
1157023550
1254023550
61838
137023576
243023576
348023576
449023576
553023576
665023576
748023576
853023576
957023576
1066023576
1154023576
1254023576
61904
137023602
240023602
344023602
445023602
553023602
672023602
743023602
853023602
955023602
1067023602
1150023602
1254023602
61930
139023628
239023628
348023628
443023628
557023628
665023628
746023628
853023628
957023628
1065023628
1157023628
1254023628
61956
138023654
238023654
349023654
447023654
556023654
665023654
751023654
853023654
963023654
1065023654
1156023654
1254023654
62022
137023680
239023680
343023680
449023680
553023680
674023680
743023680
853023680
961023680
1068023680
1149023680
1254023680
62048
137023706
239023706
349023706
447023706
550023706
674023706
747023706
853023706
955023706
1067023706
1152023706
1254023706
62114
136023732
242023732
349023732
449023732
556023732
751023732
853023732
964023732
1065023732
1157023732
1254023732
62140
136023758
239023758
342023758
443023758
556023758
672023758
751023758
853023758
955023758
1067023758
1154023758
1254023758
62206
137023784
239023784
342023784
446023784
556023784
661023784
743023784
853023784
953023784
1066023784
1156023784
1254023784
62232
139023810
242023810
342023810
449023810
553023810
665023810
753023810
853023810
963023810
1066023810
1150023810
1254023810
62258
137023836
242023836
343023836
446023836
556023836
672023836
743023836
853023836
955023836
1064023836
1149023836
62324
140023862
242023862
348023862
443023862
557023862
665023862
753023862
853023862
961023862
1066023862
1156023862
1254023862
62350
137023888
238023888
342023888
443023888
553023888
658023888
748023888
853023888
955023888
1064023888
1156023888
1254023888
62416
243023914
346023914
443023914
247
553023914
665023914
751023914
853023914
961023914
1064023914
1149023914
1254023914
62442
137023940
239023940
348023940
443023940
556023940
658023940
748023940
961023940
1066023940
1254023940
62508
137023966
242023966
349023966
443023966
552023966
673023966
746023966
853023966
957023966
1064023966
1149023966
1254023966
62534
140023992
239023992
343023992
447023992
557023992
661023992
753023992
853023992
957023992
1066023992
1154023992
1254023992
62600
140024018
238024018
343024018
443024018
556024018
673024018
753024018
853024018
953024018
1065024018
1154024018
1254024018
62626
136024044
243024044
348024044
446024044
553024044
665024044
743024044
853024044
957024044
1065024044
1150024044
62652
140024070
243024070
343024070
443024070
552024070
665024070
751024070
853024070
961024070
1067024070
1150024070
62718
138024096
239024096
343024096
447024096
556024096
674024096
753024096
853024096
964024096
1065024096
1149024096
1254024096
62744
137024122
238024122
349024122
446024122
557024122
661024122
747024122
853024122
957024122
1068024122
1154024122
1254024122
62810
238024148
342024148
443024148
556024148
665024148
751024148
853024148
957024148
1066024148
1152024148
1254024148
62836
138024174
239024174
349024174
449024174
557024174
658024174
746024174
955024174
1068024174
1156024174
62902
138024200
242024200
348024200
449024200
552024200
658024200
751024200
853024200
955024200
1065024200
1156024200
1254024200
62928
140024226
239024226
348024226
449024226
550024226
674024226
751024226
853024226
957024226
1066024226
1154024226
1254024226
62954
140024252
242024252
348024252
443024252
554024252
661024252
747024252
854024252
958024252
1067024252
1150024252
1254024252
63020
138024278
238024278
348024278
443024278
552024278
665024278
743024278
853024278
957024278
1067024278
1150024278
1254024278
63046
137024304
242024304
343024304
448024304
556024304
674024304
751024304
853024304
961024304
1069024304
1150024304
63112
137024330
242024330
343024330
443024330
552024330
664024330
746024330
853024330
957024330
1066024330
1149024330
1254024330
63138
139024356
239024356
342024356
449024356
555024356
673024356
743024356
853024356
961024356
1149024356
1254024356
63204
137024382
239024382
349024382
447024382
550024382
658024382
746024382
853024382
953024382
1067024382
1156024382
1254024382
63230
140024408
238024408
348024408
443024408
557024408
673024408
246
751024408
853024408
957024408
1068024408
1156024408
63256
137024434
243024434
342024434
445024434
552024434
661024434
743024434
853024434
961024434
1066024434
1152024434
1254024434
63322
137024460
243024460
342024460
445024460
557024460
674024460
747024460
853024460
953024460
1068024460
1149024460
63348
139024486
239024486
348024486
446024486
555024486
673024486
753024486
853024486
961024486
1066024486
1149024486
1254024486
63414
140024512
242024512
348024512
445024512
556024512
658024512
746024512
853024512
957024512
1066024512
1150024512
1254024512
63440
138024538
242024538
343024538
443024538
550024538
658024538
751024538
853024538
964024538
1068024538
1153024538
1255024538
63506
138024564
239024564
347024564
449024564
550024564
661024564
743024564
853024564
961024564
1067024564
1156024564
1254024564
63532
138024590
242024590
346024590
443024590
556024590
665024590
751024590
853024590
964024590
1068024590
1156024590
1254024590
63558
136024616
238024616
346024616
445024616
552024616
665024616
753024616
853024616
955024616
1067024616
1152024616
1254024616
63624
136024642
239024642
342024642
442024642
558024642
674024642
747024642
853024642
955024642
1068024642
1149024642
1254024642
63650
136024668
238024668
342024668
449024668
552024668
665024668
743024668
853024668
955024668
1068024668
1150024668
1254024668
63716
136024694
238024694
346024694
443024694
553024694
672024694
746024694
853024694
964024694
1067024694
1149024694
1254024694
63742
136024720
242024720
346024720
443024720
550024720
672024720
746024720
853024720
953024720
1067024720
1154024720
1254024720
63808
136024746
242024746
348024746
443024746
552024746
658024746
753024746
853024746
953024746
1068024746
1156024746
1254024746
63834
136024772
239024772
347024772
443024772
550024772
672024772
746024772
853024772
957024772
1067024772
1149024772
1254024772
63900
136024798
242024798
342024798
443024798
552024798
658024798
747024798
853024798
957024798
1068024798
1149024798
1254024798
63926
137024824
238024824
346024824
449024824
556024824
661024824
751024824
853024824
953024824
1067024824
1154024824
1254024824
63952
136024850
239024850
342024850
449024850
553024850
665024850
747024850
853024850
957024850
1067024850
1157024850
1254024850
64018
136024876
239024876
343024876
443024876
557024876
673024876
746024876
853024876
957024876
1067024876
1154024876
1254024876
64044
136024902
245
238024902
349024902
443024902
557024902
673024902
751024902
853024902
955024902
1067024902
1151024902
1254024902
64110
136024928
239024928
347024928
446024928
557024928
672024928
753024928
853024928
955024928
1068024928
1149024928
1254024928
64136
136024954
241024954
345024954
443024954
552024954
672024954
753024954
853024954
955024954
1067024954
1156024954
1254024954
64202
136024980
238024980
349024980
447024980
556024980
665024980
747024980
853024980
964024980
1066024980
1154024980
1254024980
64228
136025006
243025006
349025006
443025006
557025006
661025006
747025006
853025006
964025006
1067025006
1152025006
1254025006
64254
136025032
239025032
343025032
443025032
556025032
666025032
746025032
853025032
964025032
1066025032
1154025032
1254025032
64320
136025058
239025058
349025058
446025058
556025058
663025058
751025058
853025058
964025058
1068025058
1149025058
1254025058
64346
136025084
238025084
348025084
443025084
551025084
658025084
751025084
853025084
953025084
1066025084
1152025084
1254025084
64412
137025110
238025110
349025110
443025110
550025110
658025110
746025110
856025110
964025110
1067025110
1152025110
1254025110
64438
136025136
238025136
349025136
443025136
556025136
658025136
743025136
853025136
961025136
1068025136
1149025136
1254025136
64504
136025162
239025162
342025162
443025162
552025162
661025162
751025162
853025162
956025162
1068025162
1152025162
1254025162
64530
136025188
239025188
341025188
447025188
553025188
661025188
753025188
853025188
953025188
1068025188
1154025188
1254025188
64556
136025214
243025214
348025214
443025214
550025214
658025214
753025214
853025214
961025214
1066025214
1151025214
1254025214
64622
136025240
243025240
349025240
443025240
550025240
665025240
753025240
853025240
955025240
1068025240
1150025240
1254025240
64648
136025266
243025266
342025266
447025266
550025266
672025266
753025266
853025266
961025266
1068025266
1156025266
1254025266
64714
136025292
238025292
342025292
443025292
557025292
658025292
747025292
853025292
957025292
1069025292
1156025292
1254025292
64740
136025318
242025318
346025318
446025318
556025318
674025318
746025318
853025318
964025318
1067025318
1150025318
1254025318
64806
136025344
242025344
346025344
445025344
550025344
672025344
751025344
853025344
964025344
1068025344
1149025344
1254025344
64832
136025370
242025370
346025370
447025370
550025370
673025370
747025370
244
853025370
953025370
1068025370
1154025370
1254025370
64858
136025396
238025396
347025396
447025396
553025396
668025396
747025396
853025396
957025396
1068025396
1152025396
1254025396
64924
136025422
243025422
342025422
443025422
552025422
675025422
753025422
853025422
961025422
1066025422
1154025422
1254025422
64950
136025448
239025448
342025448
445025448
557025448
674025448
743025448
853025448
953025448
1066025448
1151025448
1254025448
65016
136025474
238025474
347025474
443025474
553025474
674025474
751025474
853025474
963025474
1067025474
1150025474
1254025474
65042
136025500
239025500
347025500
447025500
556025500
658025500
747025500
853025500
955025500
1066025500
1152025500
1254025500
65108
136025526
242025526
349025526
443025526
553025526
665025526
747025526
853025526
953025526
1068025526
1150025526
1254025526
65134
136025552
243025552
342025552
443025552
552025552
658025552
747025552
853025552
961025552
1068025552
1157025552
1254025552
65200
136025578
243025578
349025578
449025578
557025578
672025578
747025578
853025578
964025578
1066025578
1152025578
1254025578
65226
136025604
238025604
342025604
449025604
557025604
674025604
753025604
853025604
955025604
1068025604
1149025604
1254025604
65252
136025630
238025630
349025630
449025630
552025630
672025630
747025630
853025630
955025630
1066025630
1154025630
1254025630
65318
136025656
242025656
347025656
449025656
556025656
661025656
747025656
853025656
963025656
1068025656
1152025656
1254025656
65344
136025682
242025682
346025682
443025682
556025682
674025682
746025682
853025682
963025682
1069025682
1152025682
1254025682
65410
136025708
243025708
345025708
447025708
552025708
674025708
743025708
853025708
955025708
1067025708
1152025708
1254025708
65436
136025734
238025734
349025734
446025734
557025734
674025734
753025734
853025734
957025734
1068025734
1154025734
1254025734
65502
137025760
243025760
349025760
449025760
556025760
658025760
753025760
853025760
963025760
1068025760
1149025760
1254025760
65528
136025786
242025786
343025786
447025786
552025786
665025786
751025786
853025786
961025786
1066025786
1156025786
1254025786
65554
136025812
239025812
349025812
447025812
550025812
665025812
751025812
853025812
963025812
1068025812
1154025812
1254025812
65620
136025838
239025838
344025838
443025838
557025838
665025838
747025838
853025838
955025838
1066025838
1157025838
1254025838
65646
243
136025864
238025864
346025864
443025864
552025864
668025864
743025864
853025864
955025864
1068025864
1150025864
1254025864
65712
136025890
243025890
346025890
443025890
556025890
674025890
743025890
853025890
957025890
1067025890
1149025890
1254025890
65738
137025916
238025916
347025916
443025916
552025916
673025916
743025916
853025916
961025916
1068025916
1149025916
1254025916
65804
136025942
243025942
342025942
443025942
552025942
661025942
751025942
853025942
957025942
1067025942
1152025942
1254025942
65830
136025968
243025968
349025968
445025968
550025968
666025968
746025968
853025968
963025968
1069025968
1156025968
1254025968
65856
136025994
242025994
342025994
443025994
552025994
673025994
743025994
853025994
961025994
1068025994
1152025994
1254025994
65922
136026020
242026020
344026020
445026020
556026020
658026020
747026020
854026020
955026020
1069026020
1149026020
1254026020
65948
136026046
239026046
346026046
449026046
550026046
672026046
746026046
853026046
957026046
1069026046
1152026046
1254026046
70014
136026072
243026072
343026072
446026072
556026072
665026072
747026072
853026072
963026072
1066026072
1149026072
1254026072
70040
136026098
239026098
347026098
449026098
552026098
672026098
753026098
853026098
955026098
1068026098
1150026098
1254026098
70106
136026124
239026124
347026124
446026124
557026124
665026124
746026124
853026124
961026124
1068026124
1154026124
1254026124
70132
136026150
239026150
349026150
447026150
550026150
665026150
751026150
853026150
957026150
1066026150
1151026150
1254026150
70158
136026176
239026176
342026176
445026176
556026176
672026176
751026176
853026176
955026176
1068026176
1152026176
1254026176
70224
136026202
238026202
347026202
443026202
551026202
674026202
747026202
853026202
955026202
1069026202
1150026202
1254026202
70250
136026228
239026228
342026228
443026228
550026228
665026228
747026228
853026228
955026228
1068026228
1154026228
1254026228
70316
136026254
243026254
347026254
443026254
556026254
672026254
743026254
853026254
955026254
1066026254
1156026254
1254026254
70342
136026280
239026280
347026280
445026280
557026280
661026280
751026280
853026280
953026280
1066026280
1150026280
1254026280
70408
136026306
238026306
349026306
449026306
553026306
674026306
753026306
853026306
955026306
1069026306
1150026306
1255026306
70434
137026332
238026332
342026332
449026332
557026332
666026332
242
753026332
853026332
961026332
1068026332
1149026332
1254026332
70500
136026358
238026358
349026358
449026358
552026358
665026358
753026358
853026358
957026358
1068026358
1150026358
1254026358
70526
136026384
243026384
346026384
449026384
556026384
661026384
746026384
853026384
953026384
1066026384
1150026384
1254026384
70552
136026410
243026410
342026410
447026410
556026410
661026410
743026410
853026410
953026410
1066026410
1150026410
1254026410
70618
136026436
239026436
343026436
443026436
553026436
658026436
753026436
853026436
955026436
1066026436
1152026436
1254026436
70644
136026462
239026462
342026462
449026462
552026462
665026462
746026462
853026462
955026462
1066026462
1154026462
1254026462
70710
136026488
239026488
347026488
443026488
557026488
674026488
743026488
853026488
957026488
1066026488
1152026488
1254026488
70736
136026514
242026514
346026514
442026514
552026514
674026514
743026514
853026514
955026514
1066026514
1156026514
1254026514
70802
136026540
239026540
346026540
449026540
553026540
665026540
746026540
853026540
957026540
1066026540
1149026540
1254026540
70828
136026566
238026566
346026566
449026566
552026566
657026566
746026566
853026566
955026566
1067026566
1154026566
1254026566
70854
136026592
239026592
349026592
449026592
553026592
665026592
746026592
853026592
955026592
1066026592
1149026592
1254026592
70920
136026618
241026618
344026618
443026618
550026618
665026618
753026618
853026618
955026618
1066026618
1149026618
1254026618
70946
136026644
239026644
342026644
447026644
553026644
657026644
753026644
853026644
953026644
1066026644
1157026644
1254026644
71012
136026670
242026670
343026670
443026670
556026670
665026670
746026670
853026670
957026670
1066026670
1156026670
1254026670
71038
136026696
239026696
349026696
443026696
552026696
672026696
751026696
853026696
955026696
1066026696
1157026696
1254026696
71104
136026722
238026722
343026722
443026722
557026722
665026722
751026722
853026722
961026722
1066026722
1149026722
1254026722
71130
136026748
238026748
347026748
449026748
557026748
661026748
747026748
853026748
957026748
1066026748
1149026748
1254026748
71156
136026774
239026774
347026774
443026774
553026774
658026774
751026774
853026774
953026774
1066026774
1149026774
1254026774
71222
136026800
239026800
346026800
445026800
553026800
673026800
746026800
853026800
963026800
1066026800
1156026800
1254026800
241
71248
136026826
239026826
343026826
446026826
553026826
672026826
753026826
853026826
957026826
1066026826
1149026826
1254026826
71314
136026852
243026852
343026852
443026852
553026852
665026852
753026852
853026852
957026852
1066026852
1150026852
1254026852
71340
136026878
238026878
346026878
447026878
557026878
673026878
751026878
853026878
957026878
1066026878
1150026878
1254026878
71406
136026904
243026904
342026904
447026904
553026904
671026904
747026904
853026904
957026904
1067026904
1150026904
1254026904
71432
136026930
242026930
342026930
445026930
557026930
661026930
746026930
853026930
957026930
1067026930
1150026930
1254026930
71458
136026956
239026956
346026956
443026956
553026956
671026956
747026956
853026956
957026956
1067026956
1154026956
1254026956
71524
136026982
237026982
342026982
447026982
557026982
657026982
743026982
853026982
957026982
1067026982
1150026982
1255026982
71550
136027008
239027008
342027008
449027008
553027008
671027008
746027008
853027008
957027008
1067027008
1152027008
1255027008
71616
136027034
242027034
347027034
443027034
556027034
671027034
753027034
853027034
957027034
1067027034
1156027034
1254027034
71642
137027060
238027060
347027060
443027060
553027060
661027060
743027060
853027060
954027060
1067027060
1152027060
1254027060
71708
136027086
242027086
347027086
445027086
552027086
671027086
753027086
853027086
957027086
1067027086
1154027086
1254027086
71734
136027112
242027112
347027112
445027112
552027112
661027112
753027112
853027112
961027112
1067027112
1154027112
1254027112
71759
343027136
557027136
1254027136
71824
140027162
242027162
342027162
443027162
556027162
673027162
743027162
855027162
961027162
1067027162
1154027162
1254027162
71850
139027188
239027188
342027188
445027188
556027188
657027188
743027188
961027188
1067027188
1149027188
1254027188
71916
140027214
242027214
347027214
445027214
556027214
664027214
744027214
957027214
1067027214
1149027214
71942
137027240
242027240
343027240
449027240
553027240
671027240
743027240
957027240
1067027240
1152027240
1254027240
72008
140027266
239027266
343027266
449027266
557027266
657027266
748027266
957027266
1067027266
1157027266
1254027266
72034
140027292
242027292
349027292
447027292
557027292
657027292
753027292
855027292
961027292
1067027292
1149027292
1254027292
72100
137027318
242027318
347027318
444027318
554027318
661027318
240
743027318
853027318
961027318
1067027318
1149027318
1254027318
72126
140027344
239027344
343027344
443027344
554027344
671027344
751027344
853027344
961027344
1067027344
1149027344
1254027344
72152
137027370
242027370
349027370
447027370
556027370
657027370
751027370
853027370
961027370
1067027370
1150027370
1254027370
72218
140027396
243027396
343027396
447027396
553027396
671027396
746027396
853027396
957027396
1067027396
1149027396
1254027396
72244
140027422
239027422
345027422
449027422
550027422
671027422
743027422
853027422
957027422
1067027422
1150027422
1254027422
72310
137027448
238027448
343027448
447027448
552027448
673027448
746027448
853027448
961027448
1067027448
1150027448
72336
137027474
239027474
345027474
445027474
555027474
657027474
747027474
853027474
961027474
1067027474
1150027474
1254027474
72402
242027500
346027500
447027500
551027500
664027500
752027500
853027500
961027500
1067027500
1150027500
1254027500
72428
137027526
239027526
342027526
447027526
556027526
673027526
748027526
853027526
957027526
1067027526
1149027526
1254027526
72454
140027552
239027552
342027552
447027552
550027552
665027552
746027552
853027552
961027552
1067027552
1150027552
1254027552
72520
137027578
242027578
345027578
447027578
557027578
657027578
748027578
853027578
963027578
1067027578
1150027578
72546
139027604
238027604
347027604
443027604
552027604
672027604
748027604
853027604
961027604
1067027604
1150027604
1254027604
72612
139027630
238027630
349027630
443027630
556027630
661027630
752027630
853027630
961027630
1067027630
1152027630
1254027630
72638
140027656
243027656
345027656
443027656
551027656
665027656
748027656
856027656
961027656
1067027656
1152027656
1254027656
72704
137027682
243027682
347027682
449027682
556027682
657027682
743027682
853027682
961027682
1067027682
1156027682
1254027682
72730
136027708
242027708
349027708
445027708
553027708
670027708
746027708
859027708
953027708
1067027708
1156027708
1254027708
72756
136027734
239027734
343027734
443027734
553027734
672027734
746027734
853027734
953027734
1067027734
1154027734
1254027734
72822
136027760
239027760
347027760
442027760
556027760
664027760
748027760
853027760
963027760
1066027760
1149027760
1254027760
72848
136027786
239027786
343027786
444027786
557027786
670027786
746027786
853027786
961027786
1067027786
1150027786
1254027786
72914
136027812
242027812
239
347027812
449027812
557027812
657027812
743027812
853027812
963027812
1067027812
1149027812
1254027812
72940
136027838
243027838
342027838
445027838
550027838
672027838
746027838
853027838
961027838
1067027838
1156027838
1254027838
73006
136027864
238027864
347027864
442027864
557027864
659027864
748027864
853027864
954027864
1067027864
1150027864
1255027864
73032
136027890
242027890
347027890
445027890
550027890
660027890
748027890
853027890
961027890
1067027890
1149027890
1255027890
73058
136027916
243027916
342027916
445027916
554027916
661027916
746027916
853027916
954027916
1067027916
1156027916
1254027916
73124
136027942
239027942
345027942
447027942
552027942
661027942
748027942
853027942
961027942
1067027942
1154027942
1254027942
73150
136027968
242027968
342027968
443027968
556027968
657027968
746027968
853027968
953027968
1067027968
1149027968
1254027968
73216
136027994
242027994
345027994
443027994
557027994
664027994
748027994
853027994
961027994
1067027994
1149027994
1254027994
73242
136028020
239028020
349028020
442028020
556028020
672028020
746028020
853028020
961028020
1067028020
1149028020
1254028020
73308
136028046
239028046
342028046
447028046
557028046
672028046
743028046
853028046
961028046
1066028046
1149028046
1254028046
73334
136028072
238028072
342028072
449028072
552028072
664028072
747028072
853028072
953028072
1067028072
1150028072
1254028072
73400
136028098
238028098
349028098
445028098
550028098
661028098
748028098
853028098
961028098
1066028098
1153028098
1254028098
73426
136028124
238028124
342028124
447028124
552028124
671028124
747028124
853028124
961028124
1067028124
1150028124
1254028124
73452
136028150
238028150
343028150
449028150
556028150
664028150
753028150
853028150
961028150
1067028150
1150028150
1254028150
73518
136028176
242028176
349028176
445028176
553028176
673028176
743028176
853028176
961028176
1067028176
1149028176
1254028176
73544
136028202
242028202
343028202
443028202
553028202
673028202
746028202
853028202
963028202
1067028202
1150028202
1254028202
73610
136028228
243028228
348028228
447028228
553028228
657028228
753028228
853028228
963028228
1067028228
1157028228
1254028228
73636
136028254
238028254
342028254
449028254
554028254
672028254
747028254
853028254
957028254
1067028254
1157028254
1254028254
73702
136028280
238028280
347028280
447028280
551028280
661028280
743028280
855028280
238
963028280
1067028280
1150028280
1254028280
73728
136028306
243028306
342028306
442028306
556028306
673028306
746028306
853028306
961028306
1067028306
1152028306
1254028306
73754
136028332
239028332
343028332
449028332
557028332
657028332
751028332
853028332
961028332
1067028332
1156028332
1254028332
73820
136028358
243028358
343028358
445028358
556028358
673028358
746028358
853028358
963028358
1067028358
1150028358
1254028358
73846
136028384
238028384
343028384
445028384
553028384
657028384
746028384
853028384
963028384
1067028384
1150028384
1254028384
73912
136028410
238028410
347028410
449028410
550028410
657028410
743028410
853028410
961028410
1067028410
1152028410
1254028410
73938
136028436
243028436
345028436
449028436
557028436
657028436
743028436
853028436
963028436
1067028436
1152028436
1254028436
74004
136028462
242028462
342028462
443028462
550028462
661028462
747028462
853028462
961028462
1067028462
1152028462
1254028462
74030
136028488
238028488
343028488
447028488
552028488
673028488
747028488
853028488
961028488
1067028488
1149028488
1254028488
74056
136028514
238028514
347028514
445028514
550028514
661028514
751028514
853028514
963028514
1067028514
1150028514
1254028514
74122
137028540
242028540
346028540
442028540
552028540
657028540
746028540
853028540
963028540
1067028540
1150028540
1254028540
74148
136028566
239028566
349028566
447028566
557028566
661028566
748028566
853028566
961028566
1067028566
1150028566
1254028566
74214
136028592
243028592
342028592
447028592
553028592
664028592
748028592
853028592
961028592
1067028592
1149028592
1254028592
74240
136028618
238028618
349028618
449028618
552028618
665028618
746028618
853028618
953028618
1067028618
1150028618
1254028618
74306
136028644
239028644
349028644
442028644
550028644
670028644
746028644
853028644
963028644
1067028644
1152028644
1254028644
74332
136028670
239028670
347028670
445028670
553028670
670028670
746028670
853028670
957028670
1067028670
1150028670
1254028670
74358
136028696
242028696
342028696
443028696
553028696
672028696
751028696
853028696
961028696
1066028696
1150028696
1254028696
74424
136028722
242028722
345028722
442028722
552028722
657028722
746028722
853028722
961028722
1067028722
1150028722
1254028722
74450
136028748
239028748
347028748
443028748
553028748
673028748
747028748
853028748
957028748
1066028748
1150028748
1254028748
74516
136028774
237
238028774
349028774
449028774
557028774
657028774
746028774
853028774
963028774
1067028774
1150028774
1254028774
74542
136028800
238028800
347028800
447028800
556028800
661028800
751028800
853028800
961028800
1067028800
1150028800
1254028800
74608
136028826
239028826
342028826
445028826
552028826
661028826
751028826
853028826
961028826
1066028826
1151028826
1254028826
74634
136028852
239028852
345028852
445028852
557028852
661028852
746028852
853028852
963028852
1067028852
1149028852
1254028852
74700
136028878
239028878
342028878
443028878
557028878
667028878
748028878
853028878
957028878
1067028878
1153028878
1254028878
74726
136028904
243028904
349028904
445028904
556028904
657028904
746028904
853028904
961028904
1069028904
1150028904
1254028904
74752
136028930
239028930
347028930
447028930
553028930
657028930
753028930
853028930
955028930
1066028930
1150028930
1254028930
74818
136028956
238028956
347028956
449028956
552028956
664028956
743028956
853028956
953028956
1066028956
1149028956
1254028956
74844
136028982
238028982
346028982
445028982
556028982
664028982
744028982
853028982
953028982
1066028982
1151028982
1254028982
74910
136029008
243029008
343029008
449029008
553029008
671029008
743029008
853029008
953029008
1066029008
1149029008
1255029008
74936
136029034
242029034
347029034
442029034
553029034
664029034
743029034
853029034
953029034
1066029034
1150029034
1255029034
75002
136029060
239029060
347029060
442029060
556029060
657029060
744029060
853029060
953029060
1066029060
1149029060
1254029060
75028
136029086
239029086
345029086
447029086
550029086
664029086
746029086
853029086
953029086
1066029086
1153029086
1254029086
75054
137029112
239029112
349029112
447029112
550029112
657029112
744029112
853029112
953029112
1066029112
1149029112
1255029112
75120
136029138
238029138
343029138
447029138
557029138
672029138
744029138
853029138
953029138
1066029138
1149029138
1254029138
75146
136029164
239029164
343029164
447029164
556029164
660029164
744029164
853029164
953029164
1066029164
1149029164
1254029164
75212
136029190
239029190
345029190
442029190
552029190
660029190
744029190
852029190
953029190
1065029190
1149029190
1254029190
75238
136029216
239029216
343029216
442029216
557029216
661029216
744029216
853029216
953029216
1065029216
1149029216
1254029216
75304
136029242
239029242
342029242
447029242
556029242
673029242
744029242
236
853029242
953029242
1066029242
1149029242
1254029242
75330
136029268
239029268
343029268
445029268
556029268
670029268
744029268
853029268
953029268
1065029268
1149029268
1254029268
75356
136029294
238029294
343029294
445029294
550029294
672029294
744029294
853029294
953029294
1065029294
1149029294
1254029294
75422
136029320
242029320
347029320
443029320
552029320
672029320
744029320
853029320
953029320
1065029320
1149029320
1254029320
75448
136029346
239029346
343029346
443029346
556029346
672029346
751029346
853029346
953029346
1065029346
1149029346
1254029346
75514
137029372
243029372
342029372
442029372
557029372
661029372
746029372
853029372
953029372
1065029372
1149029372
1254029372
75540
136029398
242029398
342029398
445029398
556029398
664029398
748029398
853029398
953029398
1065029398
1149029398
1254029398
75606
136029424
243029424
343029424
442029424
553029424
672029424
751029424
853029424
953029424
1065029424
1149029424
1254029424
75632
136029450
239029450
349029450
442029450
553029450
673029450
746029450
853029450
953029450
1065029450
1149029450
1254029450
75658
136029476
238029476
343029476
445029476
556029476
657029476
747029476
853029476
953029476
1065029476
1151029476
1254029476
75724
136029502
242029502
345029502
442029502
552029502
672029502
748029502
853029502
953029502
1065029502
1149029502
1254029502
75750
136029528
239029528
349029528
443029528
557029528
660029528
753029528
853029528
953029528
1065029528
1149029528
1254029528
75816
137029554
238029554
343029554
443029554
552029554
670029554
748029554
853029554
953029554
1065029554
1149029554
1254029554
75842
136029580
237029580
347029580
442029580
556029580
664029580
746029580
853029580
953029580
1065029580
1149029580
1254029580
75908
136029606
239029606
342029606
445029606
556029606
670029606
748029606
853029606
953029606
1065029606
1149029606
1254029606
75934
136029632
239029632
342029632
445029632
557029632
663029632
748029632
853029632
953029632
1065029632
1149029632
1254029632
80000
136029658
239029658
349029658
447029658
550029658
659029658
752029658
853029658
954029658
1064029658
1149029658
1254029658
80026
136029684
238029684
345029684
443029684
553029684
666029684
749029684
853029684
953029684
1064029684
1148029684
1256029684
80052
137029710
238029710
347029710
449029710
557029710
655029710
745029710
853029710
953029710
1064029710
1148029710
1253029710
80118
235
136029736
239029736
343029736
447029736
553029736
666029736
755029736
853029736
953029736
1064029736
1148029736
1253029736
80144
136029762
239029762
345029762
447029762
550029762
669029762
752029762
853029762
953029762
1065029762
1148029762
1254029762
80210
136029788
239029788
349029788
444029788
552029788
660029788
745029788
853029788
955029788
1065029788
1148029788
1257029788
80236
136029814
238029814
349029814
447029814
557029814
658029814
749029814
853029814
953029814
1064029814
1148029814
1256029814
80302
136029840
242029840
344029840
443029840
554029840
667029840
749029840
853029840
953029840
1064029840
1148029840
1255029840
80328
136029866
239029866
349029866
443029866
552029866
666029866
749029866
853029866
957029866
1064029866
1148029866
1255029866
80354
136029892
239029892
349029892
443029892
550029892
661029892
745029892
853029892
955029892
1064029892
1148029892
1254029892
80420
136029918
243029918
345029918
443029918
552029918
669029918
745029918
853029918
953029918
1064029918
1150029918
1253029918
80446
136029944
242029944
349029944
449029944
556029944
661029944
749029944
853029944
955029944
1064029944
1148029944
1256029944
80512
136029970
242029970
342029970
443029970
556029970
666029970
746029970
853029970
957029970
1064029970
1148029970
1258029970
80538
136029996
242029996
342029996
443029996
557029996
667029996
746029996
853029996
961029996
1064029996
1150029996
1254029996
80604
136030022
243030022
342030022
442030022
550030022
661030022
746030022
853030022
955030022
1065030022
1150030022
1256030022
80630
137030048
239030048
344030048
447030048
557030048
658030048
745030048
853030048
954030048
1064030048
1153030048
1253030048
80656
136030074
239030074
345030074
449030074
553030074
656030074
754030074
853030074
955030074
1064030074
1156030074
1253030074
80722
136030100
242030100
349030100
445030100
553030100
661030100
746030100
853030100
963030100
1065030100
1152030100
1254030100
80748
137030126
240030126
347030126
443030126
557030126
661030126
752030126
855030126
963030126
1064030126
1151030126
1253030126
80814
136030152
243030152
343030152
442030152
553030152
656030152
754030152
853030152
957030152
1065030152
1150030152
1253030152
80840
136030178
243030178
343030178
442030178
552030178
658030178
749030178
853030178
957030178
1065030178
1148030178
1253030178
80906
136030204
239030204
343030204
443030204
553030204
657030204
234
752030204
853030204
955030204
1065030204
1151030204
1254030204
80932
136030230
243030230
342030230
446030230
556030230
663030230
749030230
853030230
953030230
1068030230
1150030230
1254030230
80958
139030256
239030256
342030256
442030256
557030256
668030256
746030256
853030256
953030256
1064030256
1153030256
1256030256
81024
140030282
243030282
349030282
447030282
556030282
667030282
749030282
853030282
961030282
1068030282
1151030282
1256030282
81050
140030308
239030308
342030308
442030308
550030308
661030308
746030308
853030308
961030308
1068030308
1150030308
1264030308
81116
136030334
239030334
345030334
449030334
556030334
656030334
749030334
853030334
955030334
1065030334
1150030334
1259030334
81142
139030360
239030360
343030360
442030360
552030360
658030360
745030360
853030360
961030360
1064030360
1151030360
1255030360
81208
136030386
239030386
345030386
445030386
556030386
658030386
749030386
853030386
963030386
1066030386
1151030386
1256030386
81234
137030412
242030412
343030412
442030412
553030412
656030412
746030412
853030412
961030412
1068030412
1151030412
1253030412
81300
137030438
239030438
343030438
442030438
552030438
655030438
745030438
853030438
955030438
1065030438
1150030438
1260030438
81326
137030464
238030464
343030464
442030464
550030464
661030464
745030464
853030464
961030464
1068030464
1148030464
1253030464
81352
137030490
239030490
349030490
442030490
557030490
655030490
746030490
853030490
957030490
1066030490
1150030490
1254030490
81418
137030516
239030516
347030516
445030516
553030516
657030516
746030516
853030516
957030516
1066030516
1151030516
1253030516
81444
137030542
239030542
349030542
442030542
553030542
669030542
752030542
853030542
961030542
1067030542
1150030542
1256030542
81510
138030568
238030568
342030568
443030568
557030568
657030568
752030568
853030568
961030568
1068030568
1150030568
1253030568
81536
138030594
238030594
347030594
442030594
550030594
657030594
754030594
853030594
957030594
1066030594
1150030594
1253030594
81602
139030620
239030620
345030620
449030620
553030620
654030620
746030620
853030620
957030620
1067030620
1150030620
1264030620
81628
136030646
239030646
347030646
449030646
553030646
667030646
749030646
853030646
961030646
1066030646
1150030646
1253030646
81654
137030672
243030672
343030672
443030672
550030672
664030672
753030672
853030672
955030672
1066030672
1150030672
1258030672
233
81720
137030698
243030698
342030698
443030698
550030698
664030698
747030698
852030698
963030698
1064030698
1151030698
1264030698
81746
140030724
239030724
343030724
445030724
557030724
659030724
753030724
852030724
957030724
1066030724
1148030724
1253030724
81812
137030750
242030750
349030750
443030750
550030750
664030750
747030750
852030750
963030750
1066030750
1151030750
1264030750
81838
140030776
243030776
343030776
442030776
550030776
657030776
749030776
853030776
953030776
1067030776
1150030776
1253030776
81904
138030802
242030802
345030802
443030802
550030802
667030802
749030802
855030802
961030802
1064030802
1149030802
1264030802
81930
139030828
243030828
347030828
442030828
553030828
657030828
746030828
853030828
955030828
1065030828
1151030828
1264030828
81956
136030854
243030854
347030854
443030854
553030854
657030854
749030854
853030854
955030854
1068030854
1148030854
1264030854
82022
136030880
239030880
342030880
447030880
553030880
668030880
749030880
853030880
953030880
1065030880
1151030880
1264030880
82048
139030906
238030906
349030906
443030906
553030906
661030906
745030906
853030906
957030906
1068030906
1153030906
1261030906
82114
140030932
242030932
342030932
443030932
557030932
669030932
749030932
853030932
955030932
1065030932
1150030932
1261030932
82140
136030958
239030958
347030958
443030958
557030958
658030958
755030958
853030958
955030958
1065030958
1150030958
1261030958
82206
139030984
239030984
345030984
442030984
552030984
658030984
746030984
853030984
953030984
1065030984
1151030984
1264030984
82232
137031010
239031010
342031010
443031010
557031010
661031010
754031010
853031010
953031010
1065031010
1148031010
1254031010
82258
137031036
239031036
349031036
442031036
557031036
656031036
746031036
853031036
963031036
1065031036
1150031036
1261031036
82324
140031062
242031062
342031062
449031062
550031062
662031062
749031062
853031062
953031062
1065031062
1148031062
1261031062
82350
140031088
239031088
347031088
449031088
550031088
656031088
745031088
853031088
963031088
1065031088
1150031088
1254031088
82416
139031114
243031114
343031114
445031114
557031114
656031114
749031114
853031114
955031114
1065031114
1150031114
1254031114
82442
137031140
243031140
349031140
447031140
553031140
659031140
748031140
853031140
963031140
1065031140
1148031140
1261031140
82508
136031166
239031166
347031166
443031166
553031166
232
668031166
748031166
853031166
961031166
1065031166
1151031166
1264031166
82534
137031192
239031192
342031192
443031192
557031192
659031192
748031192
853031192
961031192
1066031192
1149031192
1264031192
82600
136031218
238031218
342031218
443031218
551031218
662031218
754031218
853031218
961031218
1065031218
1150031218
1264031218
82625
138031242
552031242
745031242
961031242
82650
136031268
243031268
342031268
447031268
557031268
669031268
754031268
953031268
1065031268
1149031268
1256031268
82716
136031294
243031294
345031294
447031294
550031294
669031294
752031294
953031294
1065031294
1149031294
1254031294
82742
136031320
239031320
349031320
443031320
557031320
658031320
752031320
855031320
953031320
1149031320
1254031320
82808
136031346
239031346
349031346
444031346
550031346
669031346
746031346
855031346
953031346
1065031346
1149031346
1254031346
82834
136031372
243031372
347031372
442031372
557031372
659031372
746031372
853031372
953031372
1065031372
1149031372
1258031372
82900
136031398
239031398
343031398
442031398
557031398
659031398
746031398
854031398
953031398
1065031398
1149031398
1254031398
82926
136031424
239031424
349031424
445031424
553031424
669031424
746031424
853031424
953031424
1065031424
1149031424
1254031424
82952
136031450
242031450
345031450
447031450
557031450
670031450
751031450
853031450
953031450
1065031450
1149031450
1254031450
83018
136031476
242031476
349031476
447031476
550031476
657031476
746031476
853031476
953031476
1065031476
1149031476
1254031476
83044
136031502
238031502
349031502
443031502
553031502
662031502
748031502
853031502
953031502
1065031502
1149031502
1254031502
83110
136031528
239031528
347031528
442031528
557031528
669031528
745031528
853031528
954031528
1065031528
1149031528
1254031528
83136
136031554
238031554
349031554
443031554
557031554
668031554
745031554
853031554
953031554
1065031554
1149031554
1254031554
83202
136031580
239031580
343031580
449031580
552031580
670031580
748031580
853031580
953031580
1065031580
1149031580
1254031580
83228
136031606
242031606
343031606
442031606
550031606
657031606
744031606
853031606
953031606
1065031606
1149031606
1254031606
83254
136031632
242031632
349031632
447031632
557031632
659031632
754031632
853031632
953031632
1065031632
1149031632
1254031632
83320
136031658
239031658
347031658
445031658
557031658
657031658
751031658
853031658
953031658
231
1065031658
1149031658
1255031658
83346
136031684
238031684
347031684
449031684
551031684
668031684
754031684
853031684
953031684
1065031684
1149031684
1254031684
83412
136031710
242031710
346031710
442031710
557031710
660031710
751031710
853031710
956031710
1065031710
1149031710
1255031710
83438
136031736
242031736
349031736
443031736
556031736
660031736
754031736
853031736
953031736
1065031736
1149031736
1255031736
83504
136031762
239031762
349031762
445031762
556031762
660031762
751031762
853031762
953031762
1065031762
1149031762
1257031762
83530
136031788
239031788
349031788
449031788
551031788
663031788
746031788
854031788
954031788
1065031788
1149031788
1255031788
83556
136031814
243031814
349031814
445031814
556031814
660031814
751031814
853031814
953031814
1064031814
1149031814
1254031814
83622
136031840
243031840
349031840
445031840
550031840
663031840
744031840
853031840
953031840
1065031840
1149031840
1254031840
83648
136031866
239031866
343031866
445031866
556031866
659031866
751031866
853031866
953031866
1065031866
1149031866
1255031866
83714
136031892
243031892
343031892
445031892
550031892
671031892
746031892
853031892
953031892
1065031892
1149031892
1255031892
83740
136031918
243031918
342031918
443031918
556031918
660031918
751031918
853031918
953031918
1065031918
1149031918
1254031918
83806
136031944
242031944
342031944
449031944
556031944
660031944
748031944
853031944
955031944
1065031944
1149031944
1254031944
83832
136031970
239031970
347031970
445031970
552031970
672031970
753031970
853031970
953031970
1065031970
1149031970
1254031970
83858
137031996
240031996
347031996
443031996
554031996
657031996
746031996
853031996
955031996
1065031996
1149031996
1254031996
83924
137032022
238032022
342032022
443032022
550032022
670032022
746032022
853032022
953032022
1065032022
1149032022
1254032022
83950
136032048
239032048
345032048
449032048
556032048
672032048
744032048
853032048
953032048
1065032048
1149032048
1254032048
84016
137032074
243032074
342032074
447032074
553032074
660032074
746032074
853032074
953032074
1065032074
1149032074
1254032074
84042
137032100
238032100
342032100
445032100
557032100
672032100
748032100
853032100
953032100
1065032100
1149032100
1254032100
84108
136032126
239032126
347032126
447032126
556032126
664032126
744032126
853032126
953032126
1065032126
1149032126
1254032126
84134
136032152
242032152
230
347032152
447032152
553032152
672032152
745032152
853032152
953032152
1064032152
1149032152
1254032152
84200
137032178
242032178
342032178
442032178
551032178
672032178
745032178
855032178
955032178
1065032178
1149032178
1254032178
84226
136032204
243032204
343032204
443032204
557032204
657032204
744032204
853032204
953032204
1065032204
1149032204
1254032204
84252
136032230
239032230
345032230
449032230
556032230
670032230
744032230
853032230
953032230
1065032230
1149032230
1254032230
84318
136032256
242032256
343032256
449032256
552032256
664032256
744032256
853032256
953032256
1065032256
1149032256
1254032256
84344
136032282
238032282
343032282
445032282
556032282
660032282
746032282
853032282
953032282
1065032282
1149032282
1254032282
84410
136032308
239032308
343032308
443032308
557032308
660032308
744032308
853032308
953032308
1065032308
1149032308
1256032308
84436
136032334
242032334
342032334
445032334
556032334
664032334
751032334
853032334
953032334
1065032334
1149032334
1254032334
84502
136032360
243032360
347032360
443032360
552032360
664032360
744032360
853032360
953032360
1065032360
1149032360
1256032360
84528
136032386
239032386
345032386
442032386
556032386
660032386
744032386
853032386
953032386
1065032386
1149032386
1254032386
84554
136032412
238032412
345032412
449032412
557032412
660032412
744032412
853032412
953032412
1065032412
1149032412
1254032412
84620
136032438
238032438
349032438
447032438
553032438
664032438
744032438
853032438
957032438
1065032438
1149032438
1254032438
84646
137032464
242032464
343032464
449032464
556032464
664032464
744032464
860032464
961032464
1065032464
1149032464
1254032464
84712
136032490
243032490
345032490
443032490
553032490
672032490
748032490
853032490
953032490
1065032490
1149032490
1254032490
84738
136032516
243032516
349032516
442032516
550032516
664032516
746032516
853032516
953032516
1065032516
1149032516
1254032516
84804
136032542
239032542
345032542
443032542
557032542
672032542
744032542
853032542
953032542
1065032542
1150032542
1254032542
84830
136032568
239032568
343032568
449032568
552032568
664032568
744032568
853032568
953032568
1065032568
1149032568
1254032568
84856
136032594
243032594
349032594
447032594
556032594
664032594
744032594
853032594
953032594
1065032594
1149032594
1255032594
84922
136032620
239032620
346032620
443032620
557032620
670032620
744032620
853032620
229
953032620
1065032620
1149032620
1254032620
84948
136032646
239032646
345032646
445032646
550032646
672032646
744032646
853032646
953032646
1065032646
1149032646
1254032646
85014
136032672
243032672
342032672
447032672
551032672
657032672
744032672
853032672
953032672
1065032672
1149032672
1254032672
85040
136032698
242032698
343032698
447032698
552032698
664032698
744032698
853032698
953032698
1065032698
1149032698
1254032698
85106
137032724
239032724
349032724
447032724
552032724
672032724
743032724
853032724
953032724
1065032724
1149032724
1254032724
85132
136032750
243032750
342032750
445032750
552032750
672032750
743032750
853032750
953032750
1064032750
1149032750
1254032750
85158
136032776
242032776
345032776
449032776
556032776
672032776
743032776
853032776
953032776
1065032776
1149032776
1254032776
85224
137032802
239032802
345032802
445032802
550032802
664032802
743032802
853032802
953032802
1065032802
1149032802
1254032802
85250
136032828
242032828
349032828
443032828
552032828
674032828
743032828
853032828
953032828
1065032828
1152032828
1254032828
85316
137032854
243032854
347032854
445032854
552032854
664032854
743032854
853032854
953032854
1065032854
1149032854
1254032854
85342
136032880
239032880
349032880
445032880
552032880
664032880
743032880
853032880
953032880
1065032880
1149032880
1254032880
85408
136032906
238032906
345032906
445032906
557032906
671032906
743032906
853032906
953032906
1065032906
1149032906
1254032906
85434
136032932
239032932
345032932
445032932
552032932
661032932
743032932
853032932
953032932
1065032932
1149032932
1256032932
85500
136032958
239032958
349032958
443032958
556032958
657032958
743032958
853032958
953032958
1065032958
1149032958
1254032958
85526
136032984
239032984
345032984
447032984
550032984
664032984
743032984
853032984
953032984
1065032984
1149032984
1256032984
85552
136033010
239033010
346033010
443033010
552033010
657033010
746033010
853033010
953033010
1065033010
1149033010
1254033010
85618
136033036
238033036
343033036
443033036
552033036
664033036
746033036
853033036
953033036
1065033036
1149033036
1254033036
85644
136033062
238033062
343033062
449033062
550033062
671033062
753033062
853033062
953033062
1064033062
1149033062
1254033062
85710
136033088
243033088
342033088
443033088
556033088
672033088
743033088
853033088
955033088
1065033088
1149033088
1254033088
85736
136033114
228
243033114
343033114
443033114
556033114
671033114
743033114
853033114
953033114
1065033114
1149033114
1254033114
85802
136033140
242033140
343033140
443033140
557033140
672033140
743033140
853033140
953033140
1065033140
1149033140
1254033140
85828
137033166
239033166
349033166
445033166
550033166
671033166
743033166
853033166
953033166
1065033166
1150033166
1254033166
85854
136033192
243033192
343033192
449033192
550033192
657033192
743033192
853033192
953033192
1064033192
1149033192
1254033192
85920
137033218
239033218
349033218
449033218
557033218
672033218
743033218
853033218
953033218
1065033218
1149033218
1256033218
85946
136033244
242033244
345033244
447033244
557033244
657033244
743033244
853033244
953033244
1065033244
1149033244
1256033244
90012
136033270
238033270
349033270
449033270
553033270
657033270
745033270
853033270
953033270
1064033270
1149033270
1256033270
90037
239033294
349033294
447033294
550033294
671033294
743033294
1065033294
90102
243033320
349033320
443033320
552033320
671033320
743033320
853033320
953033320
1065033320
1151033320
1261033320
90128
239033346
349033346
445033346
552033346
672033346
743033346
853033346
953033346
1065033346
1149033346
1258033346
90154
238033372
346033372
445033372
552033372
671033372
746033372
853033372
953033372
1067033372
1150033372
1254033372
90220
243033398
347033398
449033398
552033398
671033398
746033398
853033398
953033398
1065033398
1151033398
1256033398
90246
238033424
347033424
446033424
557033424
661033424
751033424
853033424
955033424
1068033424
1151033424
1254033424
90312
238033450
349033450
443033450
552033450
672033450
746033450
853033450
955033450
1065033450
1151033450
1254033450
90338
239033476
553033476
672033476
751033476
853033476
953033476
1065033476
1151033476
1256033476
90404
239033502
342033502
443033502
550033502
671033502
746033502
853033502
953033502
1065033502
1151033502
1256033502
90430
243033528
342033528
446033528
550033528
665033528
751033528
853033528
953033528
1065033528
1151033528
90456
243033554
343033554
443033554
550033554
661033554
746033554
853033554
953033554
1065033554
1149033554
1256033554
90522
238033580
349033580
447033580
556033580
673033580
1065033580
1256033580
90548
242033606
343033606
443033606
553033606
661033606
746033606
853033606
953033606
1065033606
1150033606
1256033606
90614
242033632
346033632
444033632
554033632
673033632
227
746033632
853033632
953033632
1066033632
1149033632
1256033632
90640
239033658
349033658
446033658
553033658
671033658
746033658
853033658
953033658
1065033658
1149033658
1256033658
90706
239033684
342033684
445033684
553033684
661033684
753033684
853033684
953033684
1065033684
1149033684
1256033684
90732
243033710
342033710
447033710
557033710
661033710
853033710
953033710
1065033710
1149033710
90758
239033736
349033736
443033736
552033736
672033736
743033736
853033736
953033736
1066033736
1149033736
1256033736
90824
242033762
342033762
443033762
556033762
657033762
751033762
853033762
953033762
1066033762
1149033762
1258033762
90850
239033788
343033788
449033788
553033788
672033788
753033788
853033788
955033788
1066033788
1149033788
1254033788
90916
239033814
343033814
443033814
556033814
658033814
743033814
853033814
953033814
1066033814
1149033814
1256033814
90942
239033840
342033840
443033840
853033840
953033840
1066033840
1149033840
91008
238033866
347033866
447033866
557033866
665033866
747033866
853033866
953033866
1066033866
1149033866
1254033866
91034
239033892
349033892
443033892
556033892
672033892
743033892
853033892
953033892
1066033892
1149033892
1254033892
91100
238033918
343033918
445033918
557033918
665033918
747033918
853033918
953033918
1066033918
1150033918
1254033918
91126
239033944
342033944
445033944
552033944
671033944
751033944
853033944
953033944
1067033944
1149033944
1254033944
91152
242033970
346033970
443033970
556033970
658033970
746033970
853033970
953033970
1067033970
1149033970
1254033970
91218
239033996
342033996
443033996
553033996
661033996
747033996
853033996
953033996
1066033996
1149033996
1256033996
91244
349034022
450034022
557034022
743034022
853034022
953034022
1066034022
1254034022
91310
239034048
349034048
443034048
557034048
665034048
753034048
853034048
953034048
1066034048
1149034048
1254034048
91336
239034074
347034074
449034074
553034074
672034074
753034074
853034074
953034074
1066034074
1149034074
1254034074
91402
238034100
349034100
445034100
550034100
661034100
746034100
953034100
1067034100
1149034100
1254034100
91428
243034126
343034126
445034126
557034126
661034126
743034126
853034126
953034126
1066034126
1149034126
1254034126
91454
239034152
347034152
446034152
553034152
658034152
853034152
953034152
91520
239034178
348034178
449034178
553034178
661034178
753034178
853034178
226
953034178
1067034178
1149034178
1254034178
91546
239034204
347034204
443034204
553034204
665034204
747034204
853034204
953034204
1067034204
1149034204
1254034204
91612
239034230
348034230
449034230
553034230
661034230
753034230
853034230
953034230
1067034230
1149034230
1254034230
91638
137034256
243034256
347034256
447034256
553034256
661034256
751034256
853034256
953034256
1066034256
1149034256
1254034256
91704
136034282
239034282
349034282
443034282
556034282
672034282
748034282
853034282
953034282
1149034282
1254034282
91730
242034308
349034308
446034308
557034308
673034308
743034308
853034308
953034308
1067034308
1149034308
1254034308
91756
239034334
343034334
443034334
554034334
665034334
746034334
853034334
953034334
1067034334
1149034334
1254034334
91822
239034360
349034360
443034360
556034360
657034360
743034360
853034360
953034360
1067034360
1149034360
1254034360
91848
137034386
242034386
346034386
443034386
552034386
673034386
746034386
853034386
953034386
1067034386
1149034386
1254034386
91914
238034412
349034412
447034412
556034412
674034412
746034412
853034412
953034412
1067034412
1149034412
1254034412
91940
136034438
239034438
342034438
443034438
556034438
658034438
751034438
853034438
953034438
1067034438
1149034438
1254034438
92006
239034464
347034464
443034464
550034464
747034464
853034464
953034464
1149034464
1254034464
92032
239034490
342034490
447034490
553034490
665034490
747034490
853034490
953034490
1067034490
1149034490
1254034490
92058
137034516
238034516
346034516
449034516
550034516
672034516
747034516
853034516
953034516
1067034516
1149034516
1254034516
92124
136034542
239034542
343034542
447034542
553034542
665034542
743034542
853034542
953034542
1067034542
1149034542
1254034542
92150
239034568
349034568
443034568
550034568
665034568
753034568
853034568
953034568
1067034568
1149034568
1254034568
92216
239034594
346034594
447034594
557034594
673034594
746034594
853034594
953034594
1066034594
1150034594
1254034594
92242
136034620
243034620
342034620
448034620
557034620
658034620
748034620
953034620
1067034620
1152034620
1254034620
92308
137034646
242034646
343034646
446034646
553034646
661034646
746034646
853034646
953034646
1066034646
1152034646
1254034646
92334
239034672
347034672
449034672
550034672
661034672
751034672
853034672
953034672
1066034672
1149034672
1254034672
92400
239034698
349034698
443034698
225
557034698
673034698
746034698
853034698
953034698
1066034698
1149034698
1254034698
92426
136034724
243034724
342034724
446034724
552034724
660034724
747034724
853034724
953034724
1066034724
1149034724
1254034724
92452
137034750
242034750
346034750
449034750
556034750
673034750
743034750
853034750
953034750
1066034750
1149034750
1254034750
92518
136034776
242034776
342034776
443034776
556034776
658034776
751034776
853034776
955034776
1066034776
1149034776
1254034776
92544
239034802
349034802
447034802
556034802
672034802
753034802
853034802
963034802
1066034802
1149034802
1254034802
92610
137034828
238034828
342034828
449034828
557034828
673034828
751034828
853034828
955034828
1066034828
1149034828
1256034828
92636
243034854
343034854
446034854
557034854
672034854
743034854
853034854
953034854
1066034854
1149034854
1254034854
92702
137034880
238034880
346034880
446034880
554034880
672034880
749034880
853034880
959034880
1066034880
1149034880
1255034880
92728
239034906
348034906
449034906
553034906
658034906
747034906
853034906
953034906
1066034906
1149034906
1254034906
92754
136034932
239034932
346034932
446034932
551034932
674034932
751034932
853034932
953034932
1066034932
1149034932
1255034932
92820
238034958
348034958
449034958
556034958
661034958
747034958
853034958
953034958
1066034958
1149034958
1254034958
92846
136034984
238034984
347034984
443034984
552034984
665034984
743034984
853034984
953034984
1066034984
1149034984
1254034984
92912
242035010
343035010
443035010
553035010
672035010
751035010
853035010
953035010
1066035010
1149035010
1254035010
92938
136035036
243035036
342035036
443035036
556035036
661035036
747035036
853035036
953035036
1066035036
1149035036
1254035036
93004
136035062
239035062
346035062
449035062
553035062
658035062
746035062
853035062
953035062
1066035062
1149035062
1256035062
93030
137035088
239035088
343035088
443035088
552035088
674035088
743035088
853035088
953035088
1066035088
1149035088
1261035088
93056
238035114
346035114
448035114
557035114
673035114
743035114
953035114
1066035114
1149035114
1256035114
93122
136035140
239035140
349035140
443035140
557035140
665035140
743035140
853035140
953035140
1066035140
1149035140
1261035140
93148
137035166
242035166
342035166
446035166
553035166
658035166
746035166
853035166
953035166
1066035166
1258035166
93214
136035192
239035192
348035192
446035192
557035192
224
665035192
751035192
853035192
953035192
1066035192
1149035192
1254035192
93240
136035218
243035218
346035218
444035218
553035218
673035218
746035218
853035218
954035218
1066035218
1149035218
1254035218
93306
137035244
239035244
342035244
443035244
556035244
674035244
747035244
853035244
953035244
1066035244
1149035244
1261035244
93332
136035270
239035270
349035270
447035270
553035270
658035270
747035270
853035270
953035270
1066035270
1149035270
1264035270
93358
242035296
349035296
446035296
552035296
672035296
747035296
853035296
953035296
1066035296
1150035296
1264035296
93424
136035322
238035322
342035322
447035322
553035322
665035322
746035322
853035322
953035322
1066035322
1152035322
1256035322
93450
136035348
239035348
349035348
443035348
556035348
661035348
747035348
853035348
953035348
1066035348
1149035348
1254035348
93516
137035374
238035374
349035374
443035374
553035374
672035374
746035374
853035374
953035374
1066035374
1149035374
1256035374
93542
349035400
447035400
556035400
665035400
853035400
953035400
1149035400
1259035400
93608
137035426
239035426
342035426
447035426
557035426
661035426
753035426
853035426
953035426
1066035426
1149035426
1256035426
93634
136035452
239035452
345035452
446035452
554035452
661035452
751035452
853035452
953035452
1067035452
1149035452
1259035452
93700
137035478
243035478
349035478
443035478
556035478
673035478
746035478
853035478
953035478
1068035478
1149035478
1261035478
93726
239035504
342035504
446035504
551035504
661035504
750035504
853035504
953035504
1066035504
1149035504
1261035504
93752
243035530
342035530
446035530
557035530
658035530
753035530
853035530
953035530
1066035530
1149035530
1256035530
93818
137035556
242035556
349035556
443035556
550035556
661035556
743035556
853035556
953035556
1066035556
1149035556
1261035556
93844
136035582
346035582
443035582
553035582
673035582
748035582
853035582
953035582
1066035582
1149035582
1254035582
93910
137035608
243035608
346035608
447035608
552035608
673035608
751035608
853035608
953035608
1066035608
1149035608
1256035608
93936
348035634
449035634
661035634
743035634
853035634
953035634
1264035634
94002
137035660
238035660
343035660
443035660
552035660
672035660
746035660
853035660
953035660
1066035660
1149035660
1254035660
94028
136035686
242035686
348035686
445035686
554035686
662035686
743035686
853035686
953035686
1066035686
1152035686
223
1258035686
94054
136035712
239035712
346035712
443035712
556035712
661035712
746035712
853035712
953035712
1066035712
1157035712
1254035712
94120
137035738
243035738
343035738
446035738
557035738
672035738
747035738
853035738
953035738
1066035738
1149035738
1264035738
94146
242035764
346035764
447035764
552035764
674035764
746035764
853035764
953035764
1066035764
1254035764
94212
136035790
239035790
349035790
447035790
553035790
661035790
746035790
853035790
953035790
1066035790
1152035790
1264035790
94238
137035816
348035816
449035816
552035816
665035816
743035816
853035816
953035816
1066035816
1149035816
1254035816
94303
342035840
448035840
550035840
747035840
1066035840
1264035840
94328
139035866
239035866
346035866
443035866
557035866
672035866
746035866
858035866
953035866
1066035866
1149035866
1254035866
94354
136035892
243035892
349035892
446035892
553035892
665035892
751035892
853035892
953035892
1066035892
1156035892
1264035892
94420
136035918
238035918
342035918
446035918
550035918
658035918
746035918
953035918
1149035918
1256035918
94446
238035944
346035944
449035944
953035944
1149035944
1264035944
94512
243035970
348035970
446035970
558035970
661035970
747035970
855035970
953035970
1066035970
1149035970
1261035970
94538
136035996
239035996
349035996
447035996
553035996
658035996
748035996
853035996
953035996
1254035996
94604
137036022
242036022
349036022
443036022
550036022
661036022
753036022
855036022
953036022
1066036022
1149036022
1256036022
94630
242036048
342036048
446036048
553036048
672036048
747036048
853036048
953036048
1066036048
1149036048
1254036048
94656
137036074
239036074
349036074
443036074
550036074
665036074
751036074
856036074
1149036074
1254036074
94722
137036100
243036100
343036100
448036100
556036100
670036100
753036100
855036100
953036100
1063036100
1149036100
1254036100
94748
137036126
239036126
343036126
450036126
550036126
662036126
754036126
850036126
957036126
1051036126
1150036126
1254036126
94814
137036152
239036152
349036152
448036152
552036152
667036152
746036152
856036152
1051036152
1150036152
1254036152
94840
238036178
343036178
443036178
752036178
851036178
1050036178
1150036178
1254036178
94906
137036204
238036204
342036204
450036204
553036204
668036204
744036204
859036204
956036204
1053036204
1150036204
1254036204
94932
137036230
243036230
342036230
446036230
553036230
658036230
222
747036230
953036230
1066036230
1256036230
94958
137036256
242036256
349036256
443036256
557036256
657036256
753036256
853036256
953036256
1066036256
1149036256
1254036256
95024
137036282
242036282
346036282
447036282
556036282
665036282
753036282
853036282
953036282
1066036282
1149036282
1254036282
95050
137036308
242036308
349036308
443036308
552036308
657036308
753036308
858036308
953036308
1066036308
1149036308
1254036308
95116
137036334
243036334
348036334
443036334
557036334
674036334
747036334
953036334
1066036334
1149036334
1254036334
95142
136036360
241036360
347036360
444036360
554036360
661036360
743036360
853036360
953036360
1066036360
1149036360
1255036360
95208
136036386
243036386
346036386
447036386
556036386
672036386
747036386
853036386
953036386
1066036386
1149036386
95234
242036412
346036412
443036412
556036412
661036412
743036412
855036412
953036412
1066036412
1149036412
1254036412
95300
239036438
348036438
443036438
553036438
674036438
753036438
853036438
953036438
1066036438
1149036438
1254036438
95326
136036464
241036464
347036464
445036464
551036464
672036464
751036464
853036464
1066036464
1149036464
1254036464
95352
239036490
342036490
443036490
552036490
672036490
753036490
853036490
953036490
1066036490
1152036490
1254036490
95418
136036516
239036516
348036516
450036516
556036516
661036516
751036516
853036516
953036516
1067036516
1149036516
1256036516
95444
137036542
239036542
342036542
448036542
552036542
665036542
743036542
853036542
953036542
1066036542
1149036542
1259036542
95510
136036568
239036568
346036568
448036568
556036568
657036568
746036568
853036568
953036568
1066036568
1149036568
1254036568
95536
137036594
239036594
345036594
450036594
553036594
674036594
746036594
853036594
953036594
1066036594
1149036594
1256036594
95602
136036620
238036620
347036620
449036620
550036620
657036620
743036620
853036620
953036620
1066036620
1149036620
1254036620
95628
136036646
239036646
349036646
446036646
550036646
673036646
743036646
853036646
953036646
1066036646
1149036646
1254036646
95654
137036672
242036672
348036672
446036672
552036672
661036672
743036672
853036672
953036672
1066036672
1149036672
1254036672
95720
137036698
243036698
349036698
446036698
557036698
665036698
743036698
853036698
953036698
1066036698
1149036698
1254036698
95746
137036724
239036724
345036724
444036724
556036724
669036724
744036724
221
852036724
954036724
1056036724
1158036724
1255036724
95812
136036750
239036750
344036750
447036750
553036750
661036750
750036750
852036750
961036750
1059036750
1152036750
1255036750
95838
137036776
243036776
347036776
450036776
550036776
669036776
744036776
853036776
953036776
1061036776
1150036776
1254036776
95904
137036802
243036802
346036802
448036802
550036802
658036802
746036802
853036802
953036802
1066036802
1149036802
1254036802
95930
136036828
239036828
342036828
443036828
550036828
665036828
751036828
853036828
953036828
1066036828
1152036828
1254036828
95956
137036854
239036854
349036854
443036854
550036854
657036854
743036854
853036854
953036854
1066036854
1152036854
1254036854
100000