250
234606
234608
-1
60002
60002
35022446
235022446
60028
35022472
234022472
342022472
446022472
547022472
648022472
759022472
855022472
967022472
1066022472
1159022472
1261022472
60054
35022498
235022498
345022498
441022498
549022498
651022498
750022498
855022498
967022498
1070022498
1154022498
1261022498
60120
35022524
234022524
345022524
444022524
547022524
648022524
759022524
855022524
960022524
1067022524
1153022524
1261022524
60145
446022548
757022548
1071022548
60210
35022574
345022574
444022574
549022574
648022574
756022574
855022574
965022574
1070022574
1156022574
60236
35022600
235022600
345022600
446022600
548022600
658022600
759022600
855022600
955022600
1066022600
1159022600
60302
237022626
344022626
442022626
548022626
750022626
855022626
957022626
1068022626
1159022626
60328
35022652
235022652
344022652
443022652
551022652
651022652
753022652
855022652
957022652
1071022652
1159022652
60354
35022678
341022678
442022678
551022678
660022678
755022678
859022678
966022678
1154022678
60420
35022704
345022704
446022704
552022704
662022704
760022704
863022704
967022704
1073022704
1158022704
60446
35022730
237022730
344022730
444022730
551022730
659022730
751022730
864022730
958022730
1074022730
1163022730
60512
35022756
234022756
448022756
551022756
661022756
868022756
958022756
1157022756
60538
35022782
238022782
344022782
448022782
550022782
653022782
748022782
868022782
969022782
1075022782
1158022782
60604
35022808
238022808
654022808
749022808
867022808
1156022808
60630
35022834
235022834
344022834
444022834
550022834
654022834
759022834
867022834
969022834
1074022834
1161022834
60656
35022860
235022860
345022860
441022860
654022860
759022860
867022860
969022860
1078022860
1161022860
60722
234022886
341022886
442022886
548022886
656022886
749022886
867022886
964022886
1079022886
1156022886
60748
35022912
238022912
347022912
448022912
548022912
665022912
756022912
868022912
964022912
1076022912
1156022912
60814
35022938
444022938
548022938
654022938
966022938
1079022938
60840
35022964
238022964
341022964
441022964
548022964
657022964
756022964
868022964
969022964
1076022964
1157022964
60906
234022990
342022990
448022990
552022990
657022990
751022990
868022990
969022990
1078022990
1164022990
60932
237023016
342023016
441023016
548023016
664023016
759023016
868023016
249
969023016
1078023016
1157023016
60958
35023042
345023042
444023042
554023042
653023042
759023042
869023042
969023042
1156023042
61024
235023068
345023068
446023068
550023068
664023068
749023068
868023068
969023068
1074023068
1161023068
61050
34023094
237023094
344023094
443023094
550023094
658023094
748023094
868023094
958023094
1077023094
1157023094
61116
35023120
347023120
444023120
550023120
661023120
748023120
868023120
966023120
1077023120
1164023120
61142
35023146
235023146
341023146
441023146
554023146
654023146
751023146
868023146
967023146
1156023146
61208
35023172
238023172
347023172
442023172
548023172
653023172
749023172
869023172
964023172
1078023172
1156023172
61234
35023198
234023198
442023198
551023198
657023198
749023198
869023198
969023198
1075023198
61300
34023224
234023224
342023224
448023224
548023224
664023224
749023224
868023224
969023224
1078023224
1163023224
61326
34023250
238023250
341023250
442023250
550023250
664023250
748023250
868023250
966023250
1078023250
1157023250
61352
34023276
237023276
341023276
442023276
548023276
652023276
755023276
868023276
966023276
1081023276
1156023276
1264023276
61418
35023302
236023302
344023302
441023302
552023302
661023302
758023302
868023302
964023302
1078023302
1156023302
1263023302
61444
34023328
237023328
344023328
448023328
548023328
664023328
749023328
868023328
966023328
1075023328
1163023328
1263023328
61510
35023354
234023354
342023354
446023354
550023354
661023354
758023354
869023354
964023354
1081023354
1161023354
1263023354
61536
35023380
235023380
347023380
442023380
550023380
661023380
755023380
868023380
964023380
1075023380
1159023380
1263023380
61602
34023406
237023406
344023406
448023406
554023406
654023406
755023406
868023406
958023406
1075023406
1161023406
1263023406
61628
35023432
347023432
446023432
554023432
654023432
748023432
868023432
964023432
1079023432
1159023432
1263023432
61654
35023458
235023458
347023458
448023458
550023458
656023458
748023458
868023458
958023458
1081023458
1156023458
1263023458
61720
34023484
235023484
345023484
448023484
552023484
655023484
749023484
868023484
964023484
1075023484
1157023484
1263023484
61746
35023510
345023510
444023510
550023510
654023510
755023510
964023510
1075023510
1162023510
1263023510
61812
35023536
234023536
341023536
443023536
548023536
656023536
748023536
868023536
248
969023536
1078023536
1163023536
1264023536
61838
34023562
238023562
345023562
448023562
550023562
656023562
751023562
868023562
964023562
1082023562
1161023562
1263023562
61904
34023588
236023588
342023588
445023588
549023588
663023588
748023588
868023588
960023588
1079023588
1157023588
1263023588
61930
34023614
235023614
345023614
442023614
554023614
657023614
749023614
868023614
964023614
1083023614
1163023614
1263023614
61956
35023640
234023640
446023640
552023640
755023640
868023640
969023640
1082023640
1163023640
1265023640
62022
35023666
235023666
342023666
445023666
551023666
661023666
748023666
868023666
966023666
1079023666
1156023666
1265023666
62048
34023692
235023692
347023692
446023692
548023692
664023692
751023692
868023692
960023692
1079023692
1159023692
1263023692
62114
35023718
237023718
347023718
448023718
552023718
653023718
755023718
868023718
960023718
1083023718
1164023718
1263023718
62140
35023744
235023744
341023744
442023744
552023744
661023744
755023744
868023744
960023744
1079023744
1161023744
1263023744
62206
34023770
235023770
341023770
444023770
552023770
654023770
748023770
868023770
959023770
1079023770
1163023770
1264023770
62232
34023796
237023796
341023796
448023796
550023796
656023796
759023796
868023796
969023796
1079023796
1157023796
1263023796
62258
34023822
237023822
342023822
444023822
552023822
661023822
748023822
868023822
960023822
1075023822
1156023822
1263023822
62324
34023848
237023848
345023848
441023848
550023848
657023848
758023848
868023848
967023848
1078023848
1163023848
1263023848
62350
34023874
234023874
341023874
441023874
550023874
655023874
751023874
868023874
960023874
1079023874
1163023874
1263023874
62416
35023900
238023900
344023900
441023900
550023900
656023900
755023900
868023900
967023900
1075023900
1156023900
1263023900
62442
34023926
235023926
345023926
441023926
552023926
653023926
751023926
868023926
966023926
1084023926
1156023926
1263023926
62508
34023952
237023952
347023952
442023952
550023952
664023952
749023952
868023952
966023952
1075023952
1156023952
1263023952
62534
34023978
235023978
344023978
446023978
554023978
654023978
758023978
868023978
964023978
1085023978
1161023978
1263023978
62600
34024004
234024004
342024004
442024004
552024004
664024004
758024004
868024004
958024004
1079024004
1161024004
1263024004
62626
34024030
238024030
345024030
247
444024030
657024030
748024030
964024030
1079024030
1263024030
62652
36024056
238024056
342024056
441024056
549024056
657024056
754024056
868024056
967024056
1080024056
1157024056
1264024056
62718
34024082
342024082
446024082
552024082
664024082
759024082
868024082
969024082
1079024082
1156024082
1263024082
62744
34024108
234024108
347024108
444024108
554024108
654024108
751024108
868024108
964024108
1081024108
1161024108
1263024108
62810
34024134
234024134
341024134
442024134
552024134
657024134
756024134
868024134
964024134
1086024134
1159024134
1264024134
62836
34024160
235024160
347024160
448024160
554024160
653024160
749024160
868024160
960024160
1081024160
1163024160
1263024160
62902
34024186
237024186
345024186
448024186
548024186
653024186
755024186
868024186
960024186
1079024186
1163024186
1264024186
62928
34024212
235024212
345024212
448024212
548024212
664024212
755024212
868024212
959024212
1080024212
1161024212
1263024212
62954
34024238
237024238
345024238
442024238
548024238
655024238
751024238
870024238
967024238
1082024238
1157024238
1263024238
63020
34024264
234024264
345024264
442024264
548024264
657024264
748024264
868024264
965024264
1082024264
1157024264
1263024264
63046
34024290
237024290
344024290
448024290
550024290
665024290
755024290
868024290
959024290
1082024290
1157024290
1263024290
63112
34024316
237024316
344024316
442024316
550024316
658024316
750024316
868024316
965024316
1089024316
1156024316
1263024316
63138
34024342
235024342
341024342
448024342
548024342
661024342
748024342
868024342
967024342
1074024342
1156024342
1263024342
63204
34024368
235024368
347024368
446024368
548024368
653024368
749024368
868024368
959024368
1079024368
1163024368
1263024368
63230
34024394
234024394
345024394
442024394
554024394
661024394
755024394
868024394
964024394
1083024394
1163024394
1263024394
63256
34024420
341024420
444024420
548024420
654024420
748024420
868024420
967024420
1079024420
1159024420
1264024420
63322
34024446
238024446
341024446
444024446
554024446
664024446
751024446
867024446
959024446
1083024446
1156024446
1263024446
63348
34024472
235024472
346024472
443024472
549024472
661024472
759024472
867024472
967024472
1074024472
1156024472
1263024472
63414
34024498
237024498
345024498
444024498
552024498
653024498
749024498
867024498
964024498
1079024498
1157024498
1263024498
63440
34024524
246
237024524
342024524
442024524
548024524
653024524
755024524
868024524
969024524
1083024524
1161024524
1264024524
63506
34024550
235024550
345024550
448024550
548024550
654024550
748024550
868024550
967024550
1074024550
1163024550
1263024550
63532
34024576
237024576
344024576
442024576
552024576
657024576
756024576
868024576
969024576
1083024576
1163024576
1263024576
63557
234024600
344024600
548024600
868024600
960024600
1089024600
63622
35024626
235024626
341024626
441024626
554024626
664024626
751024626
868024626
961024626
1084024626
1156024626
1264024626
63648
36024652
234024652
341024652
448024652
548024652
656024652
748024652
868024652
960024652
1083024652
1157024652
63714
37024678
234024678
344024678
442024678
550024678
661024678
749024678
868024678
969024678
1090024678
1156024678
1268024678
63740
35024704
237024704
344024704
441024704
548024704
661024704
749024704
868024704
959024704
1074024704
1161024704
63806
37024730
237024730
345024730
441024730
548024730
653024730
868024730
958024730
1164024730
1270024730
63832
37024756
235024756
345024756
442024756
548024756
661024756
749024756
868024756
964024756
1074024756
1156024756
1264024756
63858
37024782
237024782
341024782
441024782
548024782
653024782
751024782
964024782
1084024782
1156024782
1268024782
63924
35024808
234024808
344024808
448024808
552024808
655024808
755024808
868024808
958024808
1074024808
1161024808
63950
36024834
235024834
341024834
448024834
550024834
657024834
751024834
868024834
964024834
1090024834
1163024834
64016
34024860
235024860
342024860
441024860
554024860
664024860
749024860
868024860
964024860
1075024860
1161024860
64042
36024886
234024886
347024886
441024886
554024886
661024886
755024886
868024886
960024886
1074024886
1159024886
64108
35024912
235024912
345024912
444024912
960024912
1083024912
1156024912
64134
35024938
237024938
344024938
441024938
548024938
661024938
758024938
868024938
960024938
1074024938
1163024938
1264024938
64200
234024964
347024964
446024964
657024964
751024964
970024964
1079024964
64226
35024990
237024990
347024990
442024990
554024990
654024990
751024990
868024990
969024990
1089024990
1159024990
64252
235025016
342025016
442025016
552025016
657025016
749025016
868025016
969025016
1079025016
1161025016
64318
35025042
235025042
347025042
444025042
551025042
654025042
755025042
970025042
1084025042
245
1156025042
1270025042
64344
35025068
234025068
345025068
442025068
548025068
653025068
755025068
958025068
1079025068
1159025068
64410
36025094
234025094
347025094
442025094
551025094
653025094
749025094
868025094
969025094
1089025094
1159025094
1270025094
64436
37025120
234025120
347025120
442025120
551025120
653025120
748025120
867025120
967025120
1084025120
1156025120
1266025120
64502
35025146
235025146
341025146
442025146
548025146
654025146
755025146
867025146
960025146
1084025146
1159025146
1270025146
64528
37025172
235025172
341025172
446025172
550025172
654025172
758025172
868025172
959025172
1084025172
1161025172
1270025172
64554
238025198
345025198
441025198
548025198
653025198
758025198
868025198
967025198
1079025198
1159025198
64620
35025224
237025224
347025224
441025224
548025224
656025224
758025224
868025224
960025224
1083025224
1157025224
1263025224
64646
35025250
237025250
341025250
446025250
548025250
661025250
759025250
868025250
967025250
1083025250
1164025250
64712
37025276
234025276
341025276
442025276
554025276
653025276
751025276
867025276
964025276
1085025276
1164025276
64738
34025302
237025302
344025302
444025302
552025302
664025302
749025302
868025302
969025302
1089025302
1157025302
64804
36025328
237025328
344025328
444025328
548025328
661025328
755025328
969025328
1084025328
1156025328
64830
37025354
237025354
344025354
446025354
548025354
661025354
751025354
868025354
959025354
1089025354
1161025354
1264025354
64856
35025380
234025380
345025380
446025380
550025380
661025380
751025380
964025380
1083025380
1159025380
64922
34025406
237025406
341025406
441025406
548025406
661025406
758025406
867025406
966025406
1078025406
1161025406
64948
35025432
235025432
341025432
444025432
554025432
664025432
748025432
868025432
960025432
1078025432
1159025432
1263025432
65014
37025458
234025458
347025458
441025458
550025458
661025458
755025458
868025458
969025458
1084025458
1157025458
1270025458
65040
37025484
235025484
344025484
446025484
552025484
653025484
751025484
868025484
960025484
1079025484
1159025484
1270025484
65106
34025510
237025510
347025510
442025510
550025510
657025510
751025510
868025510
958025510
1093025510
1157025510
1263025510
65132
35025536
237025536
341025536
442025536
548025536
653025536
751025536
868025536
966025536
1086025536
1164025536
1269025536
65158
35025562
237025562
244
347025562
448025562
554025562
661025562
751025562
868025562
968025562
1078025562
1159025562
1269025562
65224
234025588
341025588
448025588
868025588
960025588
1084025588
65250
35025614
234025614
347025614
448025614
548025614
661025614
751025614
868025614
960025614
1078025614
1162025614
1269025614
65316
35025640
237025640
345025640
751025640
1085025640
1266025640
65342
35025666
237025666
344025666
442025666
551025666
664025666
749025666
868025666
968025666
1084025666
1159025666
1266025666
65408
36025692
237025692
344025692
960025692
1083025692
1159025692
65434
34025718
234025718
347025718
444025718
554025718
664025718
759025718
868025718
963025718
1085025718
1161025718
1266025718
65500
237025744
347025744
448025744
552025744
759025744
969025744
1085025744
65526
35025770
237025770
342025770
446025770
548025770
656025770
755025770
868025770
966025770
1073025770
1164025770
1263025770
65552
34025796
235025796
347025796
548025796
755025796
1084025796
65618
36025822
235025822
342025822
442025822
553025822
657025822
751025822
868025822
960025822
1073025822
1163025822
1263025822
65644
37025848
234025848
441025848
548025848
960025848
1088025848
65710
35025874
237025874
344025874
442025874
552025874
661025874
748025874
963025874
1088025874
1156025874
1266025874
65736
36025900
234025900
345025900
442025900
549025900
665025900
748025900
966025900
1085025900
1156025900
1268025900
65802
35025926
237025926
341025926
441025926
548025926
653025926
755025926
963025926
1088025926
1159025926
1263025926
65828
35025952
237025952
347025952
444025952
548025952
657025952
749025952
968025952
1085025952
1163025952
1266025952
65854
37025978
237025978
341025978
441025978
548025978
661025978
748025978
966025978
1087025978
1159025978
1264025978
65920
36026004
237026004
341026004
444026004
552026004
652026004
751026004
868026004
960026004
1085026004
1156026004
1271026004
65946
37026030
235026030
344026030
448026030
548026030
661026030
749026030
963026030
1085026030
1159026030
1270026030
70012
35026056
237026056
342026056
444026056
552026056
656026056
751026056
868026056
968026056
1072026056
1156026056
1264026056
70038
34026082
235026082
345026082
448026082
548026082
661026082
759026082
960026082
1088026082
1157026082
1263026082
70104
34026108
235026108
345026108
444026108
550026108
656026108
749026108
868026108
966026108
1085026108
1161026108
243
1270026108
70130
34026134
235026134
347026134
446026134
548026134
656026134
755026134
963026134
1077026134
1159026134
70156
36026160
235026160
341026160
444026160
552026160
661026160
756026160
960026160
1084026160
1159026160
1271026160
70222
35026186
234026186
344026186
442026186
548026186
664026186
751026186
867026186
960026186
1085026186
1158026186
1266026186
70248
36026212
235026212
341026212
441026212
548026212
656026212
751026212
960026212
1088026212
1162026212
1266026212
70314
36026238
237026238
345026238
441026238
552026238
661026238
748026238
960026238
1072026238
1164026238
1268026238
70340
35026264
235026264
345026264
444026264
554026264
654026264
755026264
958026264
1072026264
1157026264
1264026264
70406
36026290
234026290
347026290
448026290
550026290
664026290
758026290
960026290
1085026290
1157026290
1266026290
70432
35026316
234026316
341026316
448026316
554026316
656026316
759026316
966026316
1088026316
1156026316
1268026316
70458
36026342
234026342
347026342
448026342
548026342
656026342
758026342
964026342
1083026342
1157026342
1264026342
70524
35026368
237026368
344026368
448026368
552026368
654026368
749026368
958026368
1072026368
1157026368
1263026368
70550
34026394
237026394
341026394
446026394
551026394
654026394
748026394
958026394
1077026394
1157026394
1263026394
70616
36026420
235026420
342026420
441026420
550026420
653026420
758026420
868026420
960026420
1076026420
1159026420
1264026420
70642
235026446
341026446
448026446
548026446
656026446
749026446
960026446
1072026446
1162026446
1264026446
70708
36026472
235026472
345026472
441026472
554026472
664026472
748026472
963026472
1072026472
1159026472
1263026472
70734
34026498
237026498
344026498
441026498
548026498
664026498
748026498
960026498
1072026498
1163026498
1263026498
70800
34026524
235026524
344026524
448026524
550026524
656026524
749026524
963026524
1072026524
1157026524
1264026524
70826
35026550
234026550
344026550
448026550
548026550
653026550
749026550
960026550
1077026550
1162026550
1263026550
70852
36026576
235026576
347026576
448026576
550026576
656026576
749026576
868026576
960026576
1072026576
1157026576
1264026576
70918
37026602
235026602
341026602
444026602
548026602
656026602
758026602
868026602
960026602
1077026602
1156026602
1263026602
70944
34026628
235026628
341026628
446026628
550026628
652026628
758026628
868026628
242
958026628
1072026628
1164026628
1264026628
71010
37026654
237026654
342026654
441026654
551026654
656026654
749026654
868026654
963026654
1072026654
1164026654
1263026654
71036
37026680
235026680
347026680
441026680
548026680
661026680
755026680
868026680
959026680
1072026680
1164026680
1263026680
71102
37026706
234026706
342026706
442026706
554026706
656026706
755026706
868026706
966026706
1072026706
1156026706
1263026706
71128
37026732
234026732
345026732
448026732
554026732
654026732
751026732
963026732
1072026732
1156026732
1263026732
71154
36026758
235026758
345026758
442026758
550026758
652026758
755026758
868026758
958026758
1072026758
1156026758
1264026758
71220
35026784
235026784
344026784
448026784
550026784
665026784
749026784
968026784
1072026784
1164026784
1264026784
71246
34026810
235026810
342026810
444026810
550026810
661026810
759026810
868026810
963026810
1072026810
1156026810
1264026810
71312
35026836
237026836
342026836
441026836
550026836
656026836
758026836
867026836
963026836
1072026836
1157026836
1264026836
71338
37026862
234026862
344026862
446026862
554026862
665026862
755026862
868026862
963026862
1072026862
1158026862
1263026862
71404
34026888
237026888
341026888
446026888
550026888
661026888
751026888
868026888
963026888
1072026888
1157026888
1264026888
71430
237026914
341026914
444026914
554026914
655026914
749026914
868026914
963026914
1072026914
1157026914
1263026914
71456
35026940
235026940
344026940
442026940
550026940
661026940
751026940
963026940
1072026940
1162026940
1264026940
71522
34026966
234026966
341026966
446026966
554026966
652026966
748026966
867026966
963026966
1072026966
1157026966
1264026966
71548
36026992
235026992
341026992
448026992
550026992
661026992
749026992
868026992
963026992
1072026992
1159026992
1263026992
71614
237027018
345027018
442027018
552027018
661027018
759027018
867027018
963027018
1072027018
1164027018
71640
36027044
234027044
345027044
442027044
550027044
654027044
748027044
867027044
959027044
1072027044
1159027044
1264027044
71706
37027070
237027070
345027070
444027070
548027070
661027070
759027070
867027070
963027070
1072027070
1162027070
1264027070
71732
35027096
237027096
345027096
444027096
548027096
654027096
759027096
966027096
1072027096
1162027096
1263027096
71758
34027122
234027122
342027122
446027122
554027122
652027122
748027122
867027122
241
963027122
1072027122
1159027122
1263027122
71824
34027148
237027148
341027148
442027148
552027148
664027148
748027148
867027148
966027148
1072027148
1162027148
1264027148
71850
34027174
235027174
341027174
444027174
552027174
652027174
748027174
867027174
966027174
1072027174
1156027174
1264027174
71916
34027200
237027200
345027200
444027200
552027200
656027200
748027200
867027200
963027200
1072027200
1156027200
1263027200
71942
34027226
237027226
342027226
448027226
550027226
661027226
748027226
867027226
963027226
1072027226
1159027226
1264027226
72008
34027252
235027252
342027252
448027252
553027252
652027252
751027252
868027252
963027252
1072027252
1164027252
1263027252
72034
34027278
237027278
347027278
446027278
554027278
652027278
758027278
868027278
967027278
1072027278
1157027278
1264027278
72100
34027304
237027304
345027304
445027304
548027304
655027304
748027304
867027304
966027304
1072027304
1157027304
1263027304
72126
34027330
235027330
342027330
442027330
553027330
661027330
756027330
867027330
966027330
1072027330
1157027330
1263027330
72152
34027356
237027356
347027356
446027356
552027356
653027356
755027356
867027356
966027356
1072027356
1157027356
1263027356
72218
34027382
237027382
342027382
446027382
550027382
661027382
749027382
867027382
963027382
1072027382
1156027382
1263027382
72244
34027408
235027408
344027408
448027408
548027408
661027408
748027408
868027408
962027408
1072027408
1157027408
1264027408
72310
34027434
234027434
341027434
446027434
548027434
664027434
749027434
867027434
966027434
1072027434
1157027434
1263027434
72336
34027460
235027460
344027460
444027460
549027460
652027460
751027460
867027460
966027460
1072027460
1157027460
1263027460
72402
34027486
235027486
343027486
447027486
551027486
658027486
758027486
867027486
963027486
1075027486
1157027486
1263027486
72428
34027512
235027512
341027512
446027512
551027512
664027512
751027512
868027512
963027512
1072027512
1156027512
1263027512
72454
34027538
235027538
341027538
446027538
548027538
656027538
749027538
867027538
966027538
1072027538
1157027538
1263027538
72520
34027564
237027564
344027564
446027564
550027564
652027564
751027564
867027564
965027564
1072027564
1157027564
1263027564
72546
34027590
234027590
345027590
442027590
548027590
665027590
751027590
867027590
966027590
1072027590
1157027590
1263027590
72612
34027616
240
234027616
347027616
441027616
552027616
654027616
756027616
867027616
966027616
1072027616
1159027616
1264027616
72638
34027642
237027642
344027642
441027642
548027642
656027642
751027642
871027642
966027642
1083027642
1159027642
1264027642
72703
237027666
448027666
552027666
748027666
966027666
72728
37027692
237027692
347027692
444027692
550027692
661027692
749027692
957027692
1164027692
1266027692
72754
34027718
235027718
342027718
442027718
550027718
664027718
749027718
957027718
1072027718
1162027718
72820
37027744
235027744
345027744
441027744
551027744
656027744
751027744
968027744
1072027744
1156027744
1270027744
72846
235027770
342027770
441027770
554027770
661027770
749027770
1269027770
72912
35027796
237027796
345027796
448027796
554027796
652027796
748027796
968027796
1156027796
1266027796
72938
37027822
237027822
341027822
444027822
548027822
664027822
749027822
966027822
1072027822
1164027822
1269027822
73004
36027848
234027848
345027848
441027848
554027848
652027848
751027848
959027848
1072027848
1157027848
1277027848
73030
35027874
237027874
345027874
444027874
548027874
652027874
751027874
966027874
1156027874
1266027874
73056
35027900
237027900
341027900
444027900
554027900
654027900
1164027900
73122
37027926
235027926
344027926
446027926
548027926
654027926
751027926
966027926
1072027926
1162027926
1266027926
73148
35027952
237027952
341027952
441027952
552027952
652027952
957027952
1072027952
1156027952
73214
34027978
344027978
442027978
553027978
657027978
966027978
1157027978
1264027978
73240
36028004
235028004
347028004
441028004
552028004
664028004
749028004
1072028004
1157028004
1269028004
73306
35028030
235028030
341028030
446028030
554028030
664028030
748028030
966028030
1072028030
1156028030
1270028030
73332
35028056
234028056
341028056
448028056
548028056
656028056
749028056
957028056
1072028056
1157028056
1264028056
73358
34028082
234028082
347028082
444028082
548028082
654028082
751028082
966028082
1072028082
1162028082
1264028082
73424
35028108
234028108
341028108
446028108
548028108
661028108
751028108
966028108
1157028108
1269028108
73450
34028134
234028134
342028134
448028134
552028134
656028134
759028134
967028134
1072028134
1157028134
1264028134
73516
35028160
237028160
347028160
444028160
550028160
664028160
748028160
966028160
1072028160
1156028160
1264028160
73542
239
43028186
237028186
342028186
442028186
550028186
664028186
749028186
968028186
1157028186
1266028186
73608
35028212
237028212
347028212
446028212
550028212
652028212
759028212
966028212
1073028212
1164028212
1269028212
73634
35028238
234028238
341028238
448028238
548028238
661028238
751028238
966028238
1072028238
1164028238
1266028238
73700
36028264
234028264
345028264
446028264
548028264
654028264
748028264
968028264
1072028264
1157028264
1271028264
73726
34028290
237028290
341028290
441028290
552028290
664028290
749028290
966028290
1073028290
1159028290
1266028290
73752
35028316
342028316
448028316
554028316
652028316
755028316
966028316
73818
36028342
237028342
342028342
444028342
552028342
664028342
749028342
968028342
1072028342
1157028342
1270028342
73844
36028368
234028368
342028368
444028368
550028368
652028368
749028368
968028368
1072028368
1157028368
1266028368
73910
35028394
234028394
345028394
448028394
548028394
652028394
748028394
966028394
1072028394
1159028394
1266028394
73936
36028420
237028420
344028420
448028420
554028420
652028420
748028420
968028420
1072028420
1159028420
1264028420
74002
35028446
237028446
341028446
442028446
548028446
654028446
751028446
966028446
1072028446
1159028446
1269028446
74028
37028472
234028472
342028472
446028472
548028472
665028472
751028472
966028472
1157028472
1271028472
74054
37028498
234028498
345028498
444028498
548028498
654028498
755028498
968028498
1072028498
1158028498
1270028498
74120
36028524
237028524
344028524
441028524
548028524
652028524
749028524
968028524
1073028524
1157028524
1264028524
74146
36028550
235028550
347028550
446028550
554028550
654028550
751028550
966028550
1264028550
74212
37028576
237028576
341028576
446028576
550028576
656028576
751028576
966028576
1073028576
1157028576
1264028576
74238
234028602
347028602
448028602
548028602
656028602
958028602
1073028602
1157028602
1266028602
74304
235028628
347028628
441028628
548028628
661028628
749028628
968028628
1073028628
1159028628
74330
35028654
235028654
345028654
444028654
551028654
661028654
749028654
966028654
1158028654
1264028654
74356
35028680
237028680
341028680
442028680
550028680
664028680
756028680
966028680
1157028680
1270028680
74422
37028706
237028706
344028706
441028706
548028706
652028706
749028706
966028706
1073028706
1157028706
1264028706
74448
235028732
345028732
238
664028732
751028732
963028732
1157028732
74514
37028758
234028758
347028758
448028758
553028758
653028758
749028758
968028758
1157028758
1264028758
74540
34028784
234028784
345028784
446028784
551028784
654028784
755028784
966028784
1072028784
1157028784
1270028784
74606
35028810
235028810
341028810
444028810
654028810
755028810
966028810
1159028810
1266028810
74632
37028836
235028836
344028836
444028836
554028836
654028836
749028836
968028836
1157028836
1271028836
74658
35028862
235028862
341028862
554028862
654028862
750028862
961028862
1072028862
1156028862
1269028862
74724
34028888
237028888
347028888
444028888
551028888
652028888
749028888
966028888
1083028888
1157028888
1266028888
74750
35028914
235028914
345028914
446028914
550028914
652028914
758028914
959028914
1072028914
1157028914
1264028914
74816
36028940
234028940
345028940
448028940
548028940
656028940
748028940
958028940
1073028940
1156028940
1264028940
74842
34028966
234028966
341028966
444028966
551028966
656028966
748028966
958028966
1073028966
1156028966
1264028966
74908
35028992
237028992
342028992
448028992
550028992
661028992
748028992
958028992
1073028992
1156028992
1264028992
74934
36029018
237029018
345029018
441029018
550029018
656029018
748029018
958029018
1073029018
1157029018
1263029018
75000
35029044
235029044
345029044
441029044
551029044
652029044
748029044
958029044
1073029044
1156029044
1263029044
75026
37029070
235029070
344029070
446029070
548029070
656029070
749029070
958029070
1074029070
1161029070
1263029070
75052
34029096
235029096
347029096
446029096
548029096
652029096
748029096
958029096
1074029096
1156029096
1264029096
75118
37029122
234029122
342029122
446029122
554029122
664029122
748029122
958029122
1073029122
1156029122
1263029122
75144
35029148
235029148
342029148
446029148
552029148
654029148
748029148
958029148
1074029148
1156029148
1263029148
75210
36029174
235029174
343029174
441029174
549029174
652029174
748029174
958029174
1074029174
1156029174
1263029174
75236
35029200
235029200
342029200
441029200
554029200
654029200
748029200
958029200
1074029200
1156029200
1263029200
75302
37029226
235029226
341029226
446029226
552029226
664029226
748029226
958029226
1074029226
1156029226
1263029226
75328
34029252
235029252
342029252
444029252
551029252
661029252
748029252
959029252
1074029252
1156029252
1263029252
75354
237
35029278
234029278
342029278
444029278
548029278
664029278
748029278
958029278
1074029278
1156029278
1263029278
75420
36029304
237029304
345029304
442029304
548029304
665029304
748029304
959029304
1074029304
1156029304
1264029304
75446
35029330
235029330
342029330
442029330
552029330
664029330
755029330
958029330
1074029330
1156029330
1263029330
75512
36029356
341029356
553029356
654029356
958029356
1156029356
1264029356
75538
34029382
237029382
341029382
444029382
551029382
656029382
751029382
959029382
1074029382
1156029382
1264029382
75604
550029408
1074029408
1263029408
75630
34029434
235029434
347029434
441029434
550029434
664029434
749029434
958029434
1074029434
1156029434
1263029434
75656
35029460
234029460
342029460
444029460
552029460
652029460
749029460
959029460
1074029460
1157029460
75722
35029486
237029486
344029486
441029486
548029486
664029486
751029486
958029486
1074029486
1156029486
1263029486
75748
347029512
554029512
655029512
759029512
958029512
1074029512
1156029512
1264029512
75814
37029538
234029538
342029538
442029538
548029538
661029538
751029538
958029538
1074029538
1156029538
1263029538
75840
37029564
234029564
345029564
958029564
1074029564
1156029564
1264029564
75906
34029590
235029590
341029590
444029590
551029590
664029590
751029590
958029590
1074029590
1156029590
1263029590
75932
37029616
341029616
554029616
752029616
958029616
1074029616
1156029616
75958
35029642
235029642
347029642
446029642
548029642
654029642
756029642
958029642
1074029642
1156029642
1263029642
80024
234029668
344029668
442029668
661029668
752029668
1076029668
1156029668
1263029668
80050
35029694
234029694
345029694
448029694
553029694
652029694
749029694
958029694
1074029694
1155029694
1263029694
80116
35029720
235029720
342029720
446029720
550029720
660029720
759029720
958029720
1075029720
1155029720
1263029720
80142
34029746
235029746
344029746
446029746
548029746
664029746
757029746
958029746
1074029746
1155029746
1263029746
80208
34029772
235029772
347029772
448029772
548029772
663029772
749029772
958029772
1074029772
1155029772
1262029772
80234
34029798
235029798
347029798
446029798
553029798
654029798
753029798
959029798
1075029798
1155029798
1263029798
80300
34029824
237029824
344029824
442029824
550029824
660029824
753029824
958029824
1074029824
1155029824
1262029824
80326
34029850
235029850
347029850
236
442029850
752029850
963029850
1074029850
1155029850
1263029850
80352
36029876
235029876
347029876
442029876
548029876
656029876
749029876
960029876
1074029876
1155029876
1263029876
80418
34029902
237029902
548029902
664029902
749029902
958029902
1075029902
1156029902
80444
35029928
236029928
347029928
447029928
551029928
656029928
753029928
865029928
960029928
1074029928
1155029928
1265029928
80510
35029954
237029954
341029954
442029954
551029954
658029954
750029954
882029954
963029954
1074029954
1155029954
1263029954
80536
34029980
236029980
341029980
441029980
553029980
660029980
750029980
866029980
966029980
1074029980
1156029980
1263029980
80602
36030006
237030006
341030006
441030006
548030006
656030006
750030006
865030006
960030006
1073030006
1157030006
1263030006
80628
35030032
235030032
342030032
446030032
552030032
653030032
749030032
867030032
958030032
1073030032
1161030032
1263030032
80654
34030058
235030058
344030058
448030058
549030058
653030058
759030058
959030058
1073030058
1163030058
1263030058
80720
37030084
236030084
347030084
444030084
549030084
657030084
750030084
871030084
968030084
1073030084
1159030084
1263030084
80746
37030110
234030110
344030110
442030110
553030110
656030110
756030110
870030110
968030110
1073030110
1159030110
1263030110
80812
34030136
236030136
342030136
441030136
549030136
652030136
759030136
869030136
963030136
1073030136
1156030136
1263030136
80838
35030162
236030162
341030162
441030162
548030162
654030162
751030162
873030162
963030162
1073030162
1156030162
1263030162
80904
37030188
234030188
341030188
441030188
549030188
652030188
756030188
869030188
959030188
1073030188
1159030188
1263030188
80929
36030212
237030212
342030212
448030212
554030212
872030212
958030212
1156030212
80954
35030238
234030238
347030238
444030238
548030238
654030238
759030238
867030238
1156030238
1264030238
81020
37030264
235030264
342030264
444030264
554030264
660030264
749030264
872030264
1156030264
1263030264
81046
36030290
234030290
345030290
444030290
553030290
652030290
756030290
865030290
1156030290
1263030290
81112
37030316
235030316
347030316
446030316
551030316
661030316
752030316
873030316
1156030316
81138
35030342
234030342
342030342
444030342
548030342
663030342
749030342
864030342
1156030342
1263030342
81204
36030368
235030368
341030368
448030368
553030368
752030368
870030368
235
1156030368
1263030368
81230
35030394
237030394
341030394
448030394
553030394
660030394
753030394
868030394
1156030394
1263030394
81256
36030420
234030420
341030420
446030420
553030420
660030420
759030420
872030420
957030420
1156030420
1263030420
81322
36030446
237030446
341030446
448030446
551030446
654030446
757030446
867030446
958030446
1156030446
1263030446
81348
34030472
446030472
554030472
866030472
1156030472
81414
36030498
237030498
344030498
441030498
551030498
654030498
759030498
867030498
957030498
1156030498
1263030498
81440
36030524
237030524
341030524
446030524
551030524
660030524
750030524
872030524
958030524
1156030524
1263030524
81506
34030550
235030550
342030550
448030550
554030550
654030550
751030550
871030550
958030550
1156030550
1263030550
81532
36030576
235030576
341030576
444030576
554030576
652030576
751030576
866030576
958030576
1155030576
1263030576
81558
35030602
237030602
344030602
441030602
551030602
653030602
751030602
865030602
958030602
1156030602
1263030602
81624
35030628
235030628
347030628
442030628
551030628
652030628
751030628
864030628
957030628
1155030628
1263030628
81650
34030654
235030654
342030654
448030654
548030654
655030654
759030654
865030654
958030654
1155030654
1267030654
81716
34030680
237030680
344030680
553030680
651030680
751030680
868030680
957030680
1155030680
1263030680
81742
35030706
235030706
347030706
441030706
553030706
660030706
760030706
866030706
957030706
1155030706
1263030706
81808
36030732
237030732
345030732
446030732
553030732
651030732
754030732
865030732
1155030732
1263030732
81834
36030758
234030758
344030758
448030758
548030758
662030758
759030758
863030758
957030758
1155030758
1262030758
81900
35030784
235030784
345030784
446030784
551030784
660030784
758030784
869030784
958030784
1155030784
1263030784
81926
237030810
344030810
656030810
753030810
869030810
1156030810
1263030810
81952
36030836
235030836
345030836
444030836
548030836
663030836
749030836
865030836
957030836
1155030836
1263030836
82018
35030862
237030862
344030862
441030862
550030862
653030862
751030862
866030862
958030862
1155030862
1263030862
82044
35030888
235030888
347030888
441030888
548030888
660030888
759030888
864030888
957030888
1156030888
1263030888
82110
36030914
235030914
347030914
445030914
548030914
656030914
757030914
864030914
957030914
1156030914
234
1263030914
82136
237030940
345030940
441030940
551030940
757030940
82202
36030966
236030966
344030966
446030966
551030966
655030966
750030966
872030966
957030966
1263030966
82228
36030992
235030992
342030992
448030992
553030992
656030992
756030992
864030992
957030992
1156030992
1263030992
82254
36031018
235031018
341031018
448031018
548031018
654031018
750031018
873031018
958031018
1156031018
1263031018
82320
35031044
237031044
344031044
448031044
551031044
661031044
750031044
866031044
958031044
1156031044
1263031044
82346
35031070
237031070
347031070
441031070
548031070
663031070
750031070
868031070
958031070
1156031070
1263031070
82412
35031096
234031096
342031096
443031096
548031096
659031096
753031096
870031096
958031096
1156031096
1263031096
82438
234031122
341031122
446031122
656031122
759031122
870031122
1156031122
82504
34031148
235031148
344031148
446031148
554031148
664031148
759031148
866031148
958031148
1156031148
1263031148
82530
34031174
235031174
344031174
442031174
548031174
661031174
759031174
869031174
958031174
1156031174
1263031174
82556
34031200
234031200
345031200
444031200
548031200
664031200
752031200
869031200
958031200
1156031200
1264031200
82622
37031226
235031226
344031226
446031226
548031226
664031226
756031226
872031226
958031226
1156031226
1264031226
82648
35031252
237031252
341031252
446031252
553031252
657031252
756031252
866031252
958031252
1156031252
1263031252
82714
37031278
344031278
446031278
548031278
661031278
756031278
866031278
1156031278
1263031278
82740
36031304
235031304
347031304
442031304
554031304
652031304
756031304
868031304
958031304
1156031304
1263031304
82806
35031330
235031330
347031330
448031330
548031330
661031330
750031330
868031330
958031330
1156031330
1263031330
82832
35031356
237031356
345031356
441031356
554031356
652031356
750031356
867031356
958031356
1156031356
82858
37031382
235031382
342031382
441031382
553031382
654031382
750031382
873031382
958031382
1156031382
1263031382
82924
35031408
235031408
347031408
444031408
550031408
660031408
750031408
866031408
958031408
1074031408
1156031408
1264031408
82950
37031434
237031434
344031434
445031434
664031434
756031434
868031434
958031434
1073031434
1156031434
1264031434
83016
35031460
237031460
347031460
446031460
548031460
652031460
750031460
871031460
958031460
1075031460
1156031460
233
1264031460
83042
34031486
234031486
347031486
442031486
550031486
656031486
752031486
868031486
958031486
1073031486
1156031486
1263031486
83108
35031512
235031512
345031512
441031512
553031512
663031512
748031512
871031512
958031512
1073031512
1156031512
1263031512
83134
34031538
234031538
347031538
442031538
554031538
660031538
748031538
868031538
958031538
1073031538
1156031538
83200
37031564
235031564
342031564
448031564
548031564
663031564
752031564
871031564
958031564
1073031564
1156031564
1263031564
83226
35031590
237031590
342031590
441031590
548031590
652031590
748031590
958031590
1073031590
1156031590
1263031590
83252
35031616
237031616
347031616
446031616
554031616
654031616
759031616
873031616
958031616
1073031616
1156031616
1263031616
83318
35031642
235031642
345031642
444031642
553031642
652031642
756031642
866031642
958031642
1073031642
1156031642
1263031642
83344
36031668
234031668
345031668
448031668
548031668
661031668
759031668
872031668
958031668
1156031668
83410
34031694
237031694
342031694
441031694
553031694
654031694
756031694
959031694
1073031694
1156031694
1264031694
83436
34031720
237031720
347031720
442031720
552031720
759031720
958031720
1073031720
1156031720
1264031720
83502
37031746
235031746
347031746
444031746
551031746
654031746
756031746
868031746
958031746
1073031746
1156031746
1263031746
83528
35031772
235031772
347031772
448031772
548031772
656031772
750031772
958031772
1073031772
1156031772
1263031772
83554
37031798
237031798
347031798
444031798
552031798
654031798
756031798
958031798
1073031798
1156031798
1264031798
83620
35031824
237031824
347031824
444031824
548031824
656031824
748031824
958031824
1073031824
1156031824
1264031824
83646
35031850
235031850
342031850
444031850
551031850
652031850
958031850
83712
34031876
237031876
342031876
444031876
548031876
664031876
749031876
958031876
1073031876
1156031876
1263031876
83738
37031902
237031902
341031902
442031902
552031902
654031902
756031902
870031902
958031902
1074031902
1156031902
83804
34031928
237031928
341031928
448031928
551031928
654031928
750031928
875031928
959031928
1073031928
1156031928
1263031928
83830
34031954
235031954
345031954
444031954
548031954
664031954
759031954
868031954
1074031954
1156031954
1264031954
83856
36031980
234031980
345031980
442031980
551031980
652031980
749031980
958031980
1073031980
232
1156031980
1263031980
83922
37032006
234032006
341032006
441032006
548032006
661032006
749032006
958032006
1073032006
1156032006
1263032006
83948
35032032
235032032
344032032
448032032
551032032
664032032
748032032
867032032
958032032
1073032032
1156032032
1263032032
84014
35032058
237032058
341032058
446032058
550032058
654032058
749032058
875032058
958032058
1073032058
1156032058
1264032058
84040
35032084
234032084
341032084
444032084
554032084
664032084
751032084
958032084
1073032084
1156032084
1263032084
84106
35032110
235032110
345032110
446032110
551032110
656032110
748032110
958032110
1073032110
1156032110
1263032110
84132
37032136
237032136
345032136
446032136
550032136
664032136
748032136
872032136
958032136
1073032136
1156032136
1263032136
84158
37032162
237032162
341032162
441032162
548032162
664032162
748032162
876032162
959032162
1074032162
1156032162
1264032162
84224
35032188
237032188
342032188
442032188
554032188
652032188
748032188
958032188
1073032188
1156032188
1263032188
84250
35032214
235032214
344032214
448032214
551032214
661032214
748032214
868032214
958032214
1073032214
1156032214
1264032214
84316
36032240
237032240
342032240
448032240
548032240
656032240
748032240
876032240
958032240
1073032240
1156032240
1263032240
84342
37032266
234032266
342032266
444032266
552032266
654032266
749032266
871032266
958032266
1073032266
1156032266
1264032266
84408
36032292
235032292
342032292
442032292
553032292
654032292
748032292
958032292
1073032292
1156032292
1264032292
84434
35032318
237032318
341032318
444032318
551032318
656032318
756032318
869032318
958032318
1073032318
1156032318
1263032318
84500
37032344
237032344
345032344
442032344
548032344
656032344
748032344
873032344
958032344
1073032344
1156032344
1263032344
84526
37032370
235032370
344032370
441032370
551032370
654032370
748032370
869032370
958032370
1073032370
1156032370
1263032370
84552
36032396
234032396
344032396
448032396
553032396
654032396
958032396
1073032396
1156032396
84618
35032422
234032422
347032422
446032422
550032422
656032422
748032422
867032422
957032422
1073032422
1156032422
1263032422
84644
34032448
237032448
341032448
448032448
552032448
656032448
748032448
874032448
965032448
1072032448
1156032448
1263032448
84710
34032474
237032474
344032474
442032474
550032474
664032474
751032474
868032474
957032474
1072032474
1156032474
231
1263032474
84736
35032500
237032500
347032500
442032500
548032500
656032500
749032500
867032500
958032500
1073032500
1156032500
1263032500
84802
34032526
235032526
344032526
442032526
553032526
664032526
748032526
867032526
957032526
1072032526
1156032526
1263032526
84828
36032552
235032552
342032552
448032552
548032552
656032552
748032552
867032552
957032552
1073032552
1156032552
1263032552
84854
35032578
237032578
347032578
446032578
551032578
656032578
748032578
867032578
957032578
1073032578
1156032578
1263032578
84920
37032604
235032604
344032604
442032604
554032604
661032604
748032604
867032604
957032604
1073032604
1156032604
1263032604
84946
35032630
235032630
344032630
444032630
548032630
664032630
748032630
867032630
958032630
1073032630
1157032630
1263032630
85012
35032656
237032656
341032656
446032656
553032656
652032656
748032656
867032656
958032656
1073032656
1156032656
1263032656
85038
37032682
237032682
342032682
446032682
548032682
656032682
748032682
867032682
958032682
1073032682
1156032682
1263032682
85104
34032708
235032708
347032708
446032708
548032708
664032708
748032708
867032708
958032708
1073032708
1156032708
1263032708
85130
36032734
237032734
341032734
444032734
548032734
664032734
748032734
867032734
958032734
1078032734
1156032734
1263032734
85156
34032760
237032760
344032760
448032760
551032760
664032760
748032760
867032760
958032760
1073032760
1156032760
1263032760
85222
35032786
235032786
344032786
444032786
548032786
656032786
748032786
867032786
958032786
1075032786
1156032786
1263032786
85248
36032812
237032812
347032812
441032812
548032812
664032812
748032812
867032812
958032812
1074032812
1158032812
1263032812
85314
34032838
237032838
345032838
444032838
548032838
656032838
748032838
867032838
958032838
1073032838
1156032838
1263032838
85340
37032864
235032864
347032864
444032864
548032864
656032864
748032864
867032864
958032864
1073032864
1156032864
1264032864
85406
35032890
234032890
344032890
444032890
554032890
661032890
748032890
867032890
958032890
1073032890
1156032890
1263032890
85432
35032916
235032916
344032916
444032916
548032916
654032916
748032916
867032916
958032916
1073032916
1156032916
1263032916
85458
34032942
235032942
347032942
442032942
551032942
652032942
748032942
867032942
958032942
1073032942
1156032942
1263032942
85524
34032968
235032968
344032968
446032968
230
548032968
656032968
748032968
868032968
958032968
1073032968
1156032968
1264032968
85550
36032994
235032994
344032994
442032994
548032994
652032994
749032994
868032994
958032994
1073032994
1156032994
1263032994
85616
37033020
234033020
342033020
442033020
548033020
656033020
749033020
868033020
958033020
1074033020
1156033020
1264033020
85642
35033046
234033046
342033046
448033046
548033046
661033046
758033046
868033046
958033046
1073033046
1156033046
1263033046
85708
35033072
237033072
341033072
442033072
552033072
664033072
748033072
868033072
960033072
1073033072
1156033072
1263033072
85734
35033098
237033098
342033098
442033098
552033098
661033098
748033098
868033098
958033098
1073033098
1156033098
1263033098
85800
34033124
237033124
342033124
442033124
553033124
664033124
748033124
868033124
958033124
1073033124
1156033124
1263033124
85826
34033150
235033150
347033150
444033150
548033150
661033150
748033150
868033150
958033150
1074033150
1157033150
1263033150
85852
34033176
237033176
342033176
448033176
548033176
652033176
748033176
868033176
958033176
1074033176
1156033176
1263033176
85918
34033202
235033202
346033202
448033202
554033202
661033202
748033202
868033202
958033202
1074033202
1156033202
1264033202
85944
34033228
237033228
344033228
446033228
553033228
653033228
748033228
868033228
958033228
1074033228
1156033228
1264033228
90010
38033254
234033254
347033254
448033254
550033254
652033254
748033254
868033254
958033254
1076033254
1156033254
1264033254
90036
37033280
235033280
347033280
446033280
548033280
661033280
748033280
868033280
958033280
1075033280
1156033280
1264033280
90102
237033306
347033306
441033306
548033306
661033306
748033306
867033306
958033306
1075033306
1159033306
1268033306
90128
235033332
347033332
444033332
548033332
664033332
748033332
867033332
958033332
1076033332
1156033332
1268033332
90154
234033358
344033358
444033358
548033358
661033358
749033358
867033358
958033358
1080033358
1157033358
1263033358
90220
237033384
345033384
448033384
548033384
749033384
1075033384
1159033384
1264033384
90246
234033410
345033410
444033410
553033410
654033410
755033410
867033410
960033410
1081033410
1159033410
1263033410
90312
234033436
347033436
442033436
548033436
665033436
868033436
960033436
1076033436
1263033436
90338
235033462
344033462
444033462
550033462
664033462
755033462
868033462
959033462
229
1075033462
1159033462
1264033462
90404
235033488
341033488
442033488
548033488
662033488
749033488
868033488
958033488
1075033488
1159033488
1265033488
90430
237033514
341033514
444033514
548033514
656033514
755033514
867033514
958033514
1075033514
1159033514
1264033514
90456
237033540
342033540
441033540
548033540
654033540
749033540
868033540
958033540
1075033540
1156033540
1264033540
90522
234033566
347033566
446033566
552033566
664033566
748033566
867033566
958033566
1075033566
1156033566
1264033566
90548
237033592
342033592
442033592
550033592
654033592
749033592
868033592
958033592
1075033592
1157033592
1264033592
90614
237033618
344033618
443033618
549033618
665033618
749033618
867033618
958033618
1075033618
1156033618
1264033618
90640
235033644
347033644
444033644
550033644
661033644
749033644
867033644
958033644
1075033644
1156033644
1264033644
90706
235033670
341033670
444033670
550033670
654033670
758033670
868033670
958033670
1075033670
1264033670
90732
237033696
341033696
446033696
553033696
654033696
748033696
867033696
958033696
1075033696
1156033696
1264033696
90758
235033722
347033722
441033722
548033722
661033722
748033722
868033722
959033722
1074033722
1156033722
1264033722
90824
237033748
341033748
551033748
653033748
1156033748
90850
235033774
342033774
448033774
550033774
661033774
758033774
867033774
960033774
1074033774
1156033774
1263033774
90916
235033800
342033800
441033800
552033800
653033800
868033800
1074033800
1156033800
1264033800
90942
235033826
341033826
441033826
552033826
656033826
749033826
867033826
958033826
1075033826
1156033826
1263033826
91008
234033852
345033852
446033852
554033852
656033852
751033852
867033852
958033852
1074033852
1156033852
1263033852
91034
235033878
347033878
442033878
552033878
661033878
748033878
958033878
1074033878
1156033878
1263033878
91100
234033904
342033904
444033904
554033904
657033904
751033904
867033904
958033904
1074033904
1157033904
1263033904
91126
235033930
341033930
444033930
548033930
755033930
959033930
1075033930
1264033930
91152
237033956
344033956
441033956
552033956
653033956
749033956
867033956
958033956
1074033956
1156033956
1263033956
91218
235033982
341033982
441033982
550033982
654033982
751033982
867033982
958033982
1074033982
1156033982
1264033982
91244
235034008
347034008
448034008
554034008
656034008
748034008
868034008
958034008
1074034008
228
1156034008
1263034008
91310
235034034
347034034
441034034
554034034
656034034
759034034
867034034
958034034
1074034034
1156034034
1263034034
91336
235034060
345034060
550034060
661034060
868034060
958034060
1074034060
1156034060
91402
234034086
347034086
444034086
548034086
654034086
749034086
867034086
958034086
1074034086
1156034086
1263034086
91428
237034112
342034112
444034112
554034112
654034112
748034112
867034112
958034112
1074034112
1156034112
1263034112
91454
235034138
345034138
444034138
550034138
653034138
749034138
867034138
958034138
1073034138
1156034138
1263034138
91520
235034164
345034164
448034164
550034164
654034164
758034164
867034164
959034164
1074034164
1156034164
1264034164
91546
235034190
345034190
442034190
550034190
657034190
751034190
867034190
958034190
1076034190
1156034190
1263034190
91612
235034216
345034216
448034216
550034216
654034216
759034216
867034216
958034216
1073034216
1156034216
1263034216
91638
35034242
237034242
345034242
446034242
550034242
755034242
868034242
1264034242
91704
36034268
235034268
347034268
442034268
551034268
661034268
751034268
868034268
958034268
1073034268
1156034268
1263034268
91730
35034294
237034294
347034294
444034294
554034294
665034294
748034294
868034294
958034294
1078034294
1156034294
1263034294
91756
36034320
235034320
342034320
442034320
549034320
656034320
749034320
868034320
958034320
1073034320
1156034320
1263034320
91822
235034346
347034346
442034346
552034346
652034346
748034346
867034346
958034346
1074034346
1156034346
1263034346
91848
34034372
344034372
441034372
548034372
664034372
749034372
868034372
958034372
1156034372
1263034372
91914
234034398
347034398
446034398
552034398
665034398
749034398
868034398
958034398
1073034398
1156034398
1263034398
91940
36034424
235034424
341034424
442034424
653034424
755034424
868034424
958034424
1078034424
1156034424
1264034424
92006
235034450
345034450
442034450
548034450
664034450
751034450
868034450
958034450
1073034450
1156034450
1263034450
92032
235034476
341034476
446034476
550034476
657034476
751034476
868034476
958034476
1073034476
1156034476
1263034476
92058
36034502
234034502
344034502
448034502
548034502
661034502
751034502
867034502
958034502
1073034502
1156034502
1263034502
92124
34034528
235034528
342034528
446034528
550034528
656034528
748034528
868034528
958034528
1078034528
1156034528
1263034528
227
92150
37034554
235034554
347034554
442034554
548034554
656034554
758034554
868034554
958034554
1078034554
1156034554
1263034554
92216
35034580
235034580
344034580
446034580
554034580
664034580
749034580
867034580
958034580
1073034580
1157034580
1264034580
92242
237034606
341034606
446034606
554034606
653034606
751034606
867034606
958034606
1079034606
1159034606
1263034606
92308
35034632
237034632
342034632
444034632
550034632
654034632
749034632
868034632
958034632
1073034632
1159034632
1263034632
92334
235034658
345034658
448034658
548034658
654034658
755034658
868034658
958034658
1073034658
1156034658
1264034658
92400
35034684
235034684
347034684
441034684
554034684
664034684
749034684
867034684
958034684
1073034684
1156034684
1263034684
92426
237034710
341034710
444034710
549034710
653034710
751034710
868034710
958034710
1073034710
1157034710
1263034710
92452
237034736
344034736
448034736
552034736
664034736
748034736
868034736
958034736
1073034736
1156034736
1264034736
92518
341034762
442034762
552034762
653034762
755034762
868034762
960034762
1073034762
1156034762
1264034762
92544
235034788
347034788
446034788
552034788
661034788
759034788
867034788
968034788
1073034788
1156034788
1263034788
92610
35034814
234034814
341034814
448034814
554034814
665034814
960034814
1073034814
1156034814
1264034814
92636
36034840
237034840
342034840
444034840
554034840
662034840
748034840
868034840
958034840
1073034840
1156034840
1264034840
92702
35034866
234034866
344034866
444034866
551034866
661034866
753034866
868034866
964034866
1073034866
1157034866
1263034866
92728
235034892
345034892
448034892
550034892
652034892
751034892
867034892
958034892
1073034892
1156034892
1263034892
92754
36034918
234034918
344034918
444034918
549034918
665034918
755034918
868034918
958034918
1077034918
1156034918
1264034918
92820
234034944
345034944
448034944
552034944
654034944
751034944
868034944
958034944
1073034944
1156034944
1263034944
92846
37034970
234034970
345034970
442034970
548034970
656034970
748034970
868034970
958034970
1072034970
1156034970
1263034970
92912
37034996
237034996
342034996
441034996
550034996
661034996
755034996
868034996
958034996
1073034996
1156034996
1264034996
92938
237035022
341035022
442035022
552035022
655035022
751035022
868035022
1073035022
1156035022
93004
235035048
344035048
448035048
550035048
653035048
749035048
226
868035048
958035048
1073035048
1156035048
1264035048
93030
35035074
235035074
342035074
441035074
548035074
664035074
748035074
868035074
959035074
1073035074
1156035074
1268035074
93056
37035100
234035100
344035100
446035100
554035100
661035100
748035100
868035100
958035100
1073035100
1156035100
1264035100
93122
34035126
235035126
347035126
442035126
554035126
656035126
748035126
867035126
958035126
1072035126
1156035126
1269035126
93148
237035152
341035152
444035152
549035152
653035152
749035152
867035152
958035152
1073035152
1156035152
1266035152
93214
35035178
235035178
345035178
444035178
554035178
656035178
755035178
868035178
958035178
1073035178
1156035178
1263035178
93240
36035204
237035204
344035204
442035204
550035204
664035204
749035204
867035204
958035204
1073035204
1156035204
1263035204
93306
235035230
341035230
442035230
552035230
664035230
751035230
867035230
958035230
1072035230
1156035230
1269035230
93332
35035256
235035256
347035256
446035256
550035256
652035256
751035256
868035256
1156035256
1271035256
93358
37035282
237035282
347035282
444035282
548035282
661035282
751035282
867035282
958035282
1073035282
1157035282
1270035282
93424
37035308
234035308
341035308
446035308
550035308
657035308
868035308
958035308
1073035308
1159035308
1264035308
93450
37035334
235035334
347035334
442035334
552035334
654035334
751035334
868035334
958035334
1073035334
1156035334
1264035334
93516
35035360
234035360
347035360
441035360
550035360
661035360
749035360
867035360
1073035360
1156035360
1264035360
93542
35035386
237035386
347035386
446035386
552035386
656035386
758035386
868035386
958035386
1073035386
1156035386
1266035386
93608
35035412
235035412
341035412
446035412
554035412
654035412
759035412
868035412
958035412
1073035412
1156035412
1264035412
93634
35035438
235035438
343035438
445035438
549035438
654035438
755035438
868035438
958035438
1077035438
1156035438
1267035438
93700
36035464
237035464
347035464
441035464
552035464
664035464
749035464
867035464
958035464
1083035464
1156035464
1268035464
93726
235035490
343035490
444035490
548035490
654035490
755035490
868035490
958035490
1073035490
1157035490
1269035490
93752
34035516
237035516
341035516
444035516
554035516
653035516
758035516
868035516
958035516
1073035516
1156035516
1264035516
93818
237035542
347035542
442035542
748035542
868035542
958035542
1073035542
225
1156035542
93844
35035568
235035568
344035568
442035568
550035568
664035568
751035568
867035568
958035568
1073035568
1156035568
1264035568
93910
237035594
344035594
446035594
548035594
664035594
755035594
868035594
958035594
1073035594
1156035594
1264035594
93936
34035620
237035620
345035620
448035620
548035620
654035620
748035620
867035620
958035620
1073035620
1156035620
1270035620
94002
234035646
342035646
441035646
548035646
661035646
749035646
867035646
958035646
1074035646
1156035646
1264035646
94028
34035672
237035672
346035672
443035672
551035672
654035672
748035672
867035672
958035672
1072035672
1159035672
1266035672
94054
235035698
344035698
441035698
552035698
654035698
749035698
868035698
958035698
1072035698
1164035698
1263035698
94120
34035724
237035724
342035724
444035724
554035724
868035724
958035724
1072035724
1270035724
94146
35035750
237035750
344035750
446035750
548035750
664035750
749035750
868035750
957035750
1072035750
1156035750
1263035750
94212
35035776
235035776
347035776
446035776
550035776
654035776
749035776
869035776
958035776
1072035776
1159035776
1270035776
94238
235035802
345035802
448035802
548035802
656035802
748035802
868035802
958035802
1072035802
1156035802
1263035802
94304
34035828
237035828
341035828
446035828
548035828
661035828
751035828
868035828
959035828
1072035828
1157035828
1270035828
94329
235035852
441035852
1157035852
94354
34035878
237035878
347035878
444035878
550035878
657035878
755035878
868035878
958035878
1072035878
1164035878
1270035878
94420
35035904
234035904
341035904
548035904
749035904
960035904
1073035904
1156035904
1264035904
94446
36035930
234035930
344035930
448035930
548035930
652035930
755035930
868035930
958035930
1072035930
1156035930
1270035930
94512
35035956
237035956
345035956
444035956
554035956
654035956
751035956
871035956
958035956
1072035956
1157035956
1269035956
94538
235035982
347035982
446035982
550035982
653035982
754035982
958035982
1156035982
1263035982
94604
237036008
347036008
441036008
548036008
654036008
758036008
870036008
958036008
1072036008
1156036008
1264036008
94630
34036034
237036034
341036034
444036034
550036034
661036034
751036034
868036034
957036034
1072036034
1156036034
1263036034
94656
35036060
235036060
347036060
441036060
548036060
656036060
755036060
870036060
958036060
1074036060
1157036060
1264036060
94722
35036086
224
237036086
344036086
446036086
552036086
662036086
759036086
958036086
1079036086
1264036086
94748
35036112
235036112
342036112
448036112
548036112
656036112
759036112
865036112
961036112
1056036112
1159036112
1265036112
94814
37036138
235036138
347036138
446036138
548036138
749036138
869036138
961036138
1159036138
1265036138
94840
37036164
234036164
342036164
441036164
554036164
655036164
756036164
865036164
962036164
1055036164
1159036164
1265036164
94906
37036190
234036190
341036190
448036190
550036190
662036190
748036190
873036190
959036190
1060036190
1159036190
1264036190
94932
237036216
341036216
444036216
550036216
652036216
751036216
873036216
958036216
1072036216
1158036216
1264036216
94958
37036242
347036242
441036242
554036242
652036242
759036242
1072036242
1157036242
1263036242
95024
35036268
237036268
344036268
446036268
552036268
656036268
759036268
868036268
957036268
1072036268
1157036268
1263036268
95050
37036294
237036294
347036294
441036294
548036294
652036294
758036294
873036294
957036294
1072036294
1157036294
1263036294
95116
36036320
237036320
345036320
442036320
554036320
665036320
751036320
868036320
957036320
1072036320
1156036320
1263036320
95142
36036346
236036346
344036346
443036346
551036346
654036346
748036346
868036346
957036346
1072036346
1157036346
1264036346
95208
35036372
237036372
344036372
446036372
552036372
661036372
751036372
868036372
957036372
1072036372
1156036372
1263036372
95234
36036398
237036398
344036398
441036398
552036398
654036398
748036398
958036398
1073036398
1157036398
1263036398
95300
35036424
235036424
345036424
441036424
550036424
664036424
758036424
868036424
957036424
1072036424
1156036424
1263036424
95326
34036450
236036450
345036450
445036450
549036450
661036450
755036450
868036450
1073036450
1156036450
1263036450
95352
235036476
341036476
442036476
548036476
661036476
759036476
957036476
1074036476
1159036476
1264036476
95418
37036502
235036502
345036502
448036502
552036502
654036502
755036502
873036502
1076036502
1157036502
95444
235036528
341036528
446036528
548036528
656036528
748036528
868036528
957036528
1079036528
1157036528
1266036528
95510
35036554
235036554
344036554
446036554
552036554
749036554
868036554
957036554
1073036554
1157036554
1264036554
95536
35036580
235036580
344036580
448036580
550036580
664036580
749036580
868036580
957036580
1074036580
223
1156036580
1264036580
95602
35036606
234036606
345036606
448036606
652036606
748036606
957036606
1156036606
1263036606
95628
35036632
235036632
347036632
444036632
548036632
664036632
748036632
868036632
957036632
1073036632
1156036632
1264036632
95654
35036658
237036658
345036658
444036658
548036658
654036658
748036658
868036658
957036658
1073036658
1156036658
1263036658
95720
37036684
237036684
347036684
444036684
554036684
656036684
748036684
868036684
957036684
1074036684
1157036684
1263036684
95746
35036710
235036710
344036710
443036710
552036710
662036710
748036710
867036710
959036710
1062036710
1165036710
1265036710
95812
34036736
235036736
343036736
445036736
549036736
657036736
756036736
867036736
966036736
1064036736
1160036736
1265036736
95838
34036762
237036762
345036762
448036762
548036762
662036762
748036762
867036762
958036762
1066036762
1158036762
1265036762
95904
35036788
237036788
343036788
445036788
547036788
653036788
749036788
868036788
958036788
1078036788
1157036788
1264036788
95930
235036814
341036814
442036814
548036814
656036814
755036814
868036814
958036814
1073036814
1159036814
1263036814
95956
34036840
235036840
347036840
441036840
548036840
652036840
748036840
868036840
1072036840
1159036840
1263036840
100000