250
70048590
168048590
268048590
385048590
495048590
572048590
674048590
780048590
881048590
978048590
1173048590
76048618
175048618
259048618
380048618
495048618
568048618
672048618
780048618
876048618
978048618
1173048618
76048647
174048647
270048647
387048647
494048647
573048647
674048647
786048647
880048647
971048647
1173048647
76048675
170048675
265048675
380048675
494048675
570048675
674048675
787048675
877048675
971048675
1173048675
72048704
175048704
259048704
385048704
494048704
566048704
675048704
781048704
880048704
968048704
1173048704
71048732
173048732
269048732
380048732
494048732
573048732
671048732
783048732
881048732
967048732
1173048732
72048760
176048760
262048760
391048760
494048760
573048760
669048760
782048760
876048760
969048760
1173048760
76048789
170048789
259048789
385048789
495048789
571048789
669048789
782048789
882048789
969048789
1173048789
70048817
175048817
262048817
380048817
494048817
570048817
675048817
783048817
878048817
970048817
1173048817
71048845
175048845
261048845
380048845
494048845
573048845
674048845
784048845
882048845
967048845
1174048845
71048874
175048874
261048874
385048874
495048874
573048874
674048874
782048874
874048874
967048874
1173048874
73048902
174048902
260048902
380048902
493048902
568048902
674048902
781048902
882048902
973048902
1173048902
70048930
174048930
270048930
389048930
493048930
570048930
669048930
781048930
877048930
969048930
1173048930
75048959
174048959
270048959
385048959
494048959
570048959
674048959
788048959
877048959
967048959
1173048959
71048987
170048987
259048987
386048987
495048987
573048987
675048987
783048987
877048987
967048987
1173048987
70049015
168049015
269049015
393049015
493049015
570049015
675049015
781049015
875049015
967049015
1173049015
73049044
172049044
270049044
388049044
495049044
572049044
673049044
784049044
878049044
969049044
74049072
170049072
263049072
384049072
492049072
565049072
675049072
787049072
882049072
967049072
72049100
171049100
259049100
380049100
493049100
570049100
671049100
780049100
876049100
967049100
72049129
174049129
259049129
381049129
493049129
569049129
669049129
791049129
877049129
967049129
72049157
171049157
259049157
389049157
493049157
573049157
674049157
787049157
876049157
967049157
1182049157
74049185
168049185
260049185
392049185
495049185
575049185
674049185
796049185
877049185
967049185
1174049185
73049213
172049213
249
263049213
385049213
495049213
568049213
673049213
791049213
882049213
967049213
76049242
171049242
259049242
392049242
493049242
568049242
675049242
790049242
881049242
1180049242
71049270
170049270
270049270
382049270
493049270
566049270
669049270
781049270
881049270
1173049270
76049298
173049298
264049298
381049298
495049298
573049298
673049298
781049298
881049298
1177049298
73049327
170049327
266049327
382049327
494049327
566049327
672049327
789049327
875049327
974049327
1179049327
76049355
175049355
267049355
382049355
494049355
571049355
671049355
780049355
879049355
973049355
1175049355
71049383
174049383
264049383
390049383
494049383
572049383
669049383
779049383
877049383
970049383
1178049383
73049412
170049412
265049412
393049412
493049412
566049412
674049412
779049412
880049412
971049412
1180049412
71049440
175049440
263049440
380049440
493049440
569049440
672049440
782049440
878049440
969049440
1173049440
72049468
170049468
266049468
382049468
494049468
572049468
674049468
779049468
879049468
976049468
1175049468
76049497
170049497
266049497
383049497
494049497
572049497
669049497
780049497
875049497
968049497
1180049497
72049525
174049525
268049525
381049525
494049525
573049525
673049525
784049525
877049525
976049525
1179049525
76049553
174049553
266049553
385049553
493049553
568049553
674049553
779049553
875049553
969049553
1178049553
73049582
175049582
269049582
381049582
493049582
566049582
674049582
780049582
876049582
971049582
1175049582
75049610
173049610
269049610
381049610
494049610
566049610
673049610
781049610
881049610
969049610
1179049610
75049638
174049638
267049638
382049638
493049638
565049638
674049638
780049638
880049638
967049638
1177049638
74049667
170049667
266049667
380049667
493049667
569049667
672049667
780049667
875049667
970049667
1182049667
74049695
174049695
268049695
383049695
494049695
565049695
674049695
779049695
882049695
968049695
1181049695
1296049695
71049723
175049723
263049723
379049723
491049723
566049723
673049723
782049723
873049723
975049723
1174049723
1283049723
77049752
170049752
269049752
384049752
494049752
567049752
672049752
784049752
872049752
967049752
1173049752
72049780
169049780
259049780
380049780
493049780
565049780
672049780
784049780
873049780
977049780
1175049780
1288049780
76049808
170049808
259049808
378049808
492049808
566049808
673049808
780049808
879049808
975049808
1173049808
1293049808
248
72049837
169049837
270049837
388049837
491049837
565049837
672049837
783049837
875049837
969049837
1176049837
1288049837
1396049837
73049865
171049865
266049865
389049865
495049865
565049865
673049865
784049865
874049865
974049865
1174049865
1279049865
70049894
171049894
270049894
386049894
492049894
566049894
669049894
789049894
876049894
967049894
1175049894
71049922
168049922
266049922
376049922
489049922
675049922
780049922
874049922
975049922
1176049922
1288049922
73049950
169049950
260049950
377049950
496049950
572049950
670049950
779049950
876049950
973049950
1175049950
1284049950
73049979
170049979
260049979
379049979
568049979
675049979
782049979
875049979
975049979
1175049979
1288049979
73050007
169050007
270050007
385050007
572050007
673050007
784050007
883050007
971050007
1175050007
1281050007
70050035
173050035
263050035
386050035
495050035
573050035
675050035
779050035
876050035
971050035
1173050035
1278050035
73050064
171050064
264050064
381050064
570050064
672050064
778050064
880050064
977050064
1174050064
1280050064
77050092
171050092
266050092
383050092
573050092
673050092
779050092
876050092
972050092
1180050092
1289050092
71050120
168050120
264050120
378050120
487050120
568050120
672050120
790050120
875050120
975050120
1179050120
1286050120
72050149
170050149
260050149
385050149
493050149
568050149
671050149
783050149
881050149
971050149
1181050149
1282050149
76050177
171050177
266050177
382050177
487050177
572050177
672050177
781050177
879050177
967050177
1174050177
1285050177
72050205
168050205
268050205
391050205
484050205
573050205
672050205
777050205
881050205
970050205
1181050205
1291050205
81050234
173050234
267050234
382050234
569050234
671050234
776050234
873050234
975050234
1173050234
1288050234
93050262
169050262
269050262
383050262
496050262
567050262
671050262
782050262
879050262
973050262
1172050262
1287050262
173050290
269050290
384050290
569050290
672050290
783050290
878050290
968050290
1175050290
1280050290
172050319
268050319
385050319
562050319
669050319
778050319
875050319
967050319
1173050319
1286050319
1393050319
172050347
263050347
386050347
571050347
674050347
776050347
873050347
975050347
1173050347
1283050347
175050375
263050375
386050375
565050375
670050375
776050375
873050375
974050375
1174050375
1294050375
173050404
271050404
381050404
567050404
672050404
785050404
880050404
994050404
1174050404
1296050404
177050432
289050432
386050432
247
564050432
668050432
787050432
885050432
990050432
1185050432
1296050432
173050461
291050461
388050461
558050461
668050461
789050461
885050461
996050461
1176050461
1285050461
174050489
292050489
387050489
560050489
669050489
784050489
885050489
995050489
1186050489
1278050489
1396050489
176050517
293050517
386050517
490050517
566050517
669050517
789050517
884050517
991050517
1187050517
1273050517
175050546
293050546
380050546
482050546
565050546
668050546
789050546
882050546
1186050546
1279050546
96050574
175050574
296050574
386050574
487050574
563050574
670050574
792050574
880050574
996050574
1183050574
1292050574
174050602
379050602
496050602
560050602
672050602
792050602
885050602
1177050602
1288050602
96050630
175050630
380050630
484050630
563050630
668050630
785050630
885050630
1180050630
1287050630
174050659
296050659
380050659
486050659
565050659
668050659
785050659
883050659
1186050659
1285050659
174050687
384050687
488050687
565050687
667050687
781050687
885050687
1183050687
1285050687
93050715
174050715
385050715
494050715
566050715
672050715
780050715
894050715
996050715
1184050715
1288050715
175050744
296050744
381050744
486050744
559050744
667050744
778050744
896050744
1181050744
1295050744
176050772
385050772
486050772
559050772
668050772
781050772
895050772
1182050772
1283050772
174050800
378050800
565050800
671050800
781050800
891050800
1183050800
1294050800
174050829
387050829
565050829
673050829
781050829
891050829
1179050829
1296050829
96050857
193050857
391050857
588050857
692050857
793050857
887050857
996050857
1193050857
1292050857
194050885
390050885
590050885
684050885
795050885
996050885
1195050885
1296050885
193050913
394050913
496050913
595050913
695050913
792050913
891050913
993050913
1192050913
96050942
887050942
1296050942
85050970
272050970
88050998
272050998
496050998
1291050998
68051026
196051026
296051026
89051054
296051054
396051054
780051054
896051054
1296051054
94051083
793051083
92051111
291051111
496051111
792051111
1296051111
294051139
1296051139
296051167
1296051167
293051195
1296051195
295051224
1295051224
296051252
1296051252
296051280
1296051280
96051308
1296051308
1296051336
296051364
296051393
1296051393
1296051421
291051449
1291051449
296051533
1296051533
296051562
1296051562
296051590
1296051590
296051618
1296051618
296051646
296051674
295051702
93051731
278051731
792051731
1293051731
296051759
296051787
296051815
293051843
92051872
291051872
94051900