250
74000128
181000128
269000128
358000128
449000128
554000128
663000128
770000128
872000128
984000128
1062000128
1150000128
67000157
180000157
261000157
357000157
450000157
556000157
667000157
766000157
867000157
993000157
1063000157
1150000157
1349000157
67000185
165000185
269000185
354000185
451000185
551000185
662000185
769000185
873000185
979000185
1066000185
1150000185
1352000185
68000213
165000213
270000213
358000213
451000213
557000213
667000213
762000213
870000213
979000213
1066000213
1150000213
1350000213
69000242
167000242
278000242
380000242
451000242
547000242
662000242
767000242
870000242
984000242
1062000242
1152000242
1348000242
68000270
165000270
276000270
386000270
471000270
553000270
663000270
767000270
872000270
985000270
1061000270
1154000270
1350000270
65000298
167000298
289000298
384000298
470000298
574000298
666000298
769000298
872000298
984000298
1063000298
1150000298
1350000298
69000327
165000327
287000327
372000327
470000327
578000327
685000327
771000327
873000327
985000327
1067000327
1150000327
1354000327
69000355
166000355
274000355
383000355
472000355
578000355
691000355
785000355
877000355
983000355
1067000355
1150000355
1354000355
65000383
162000383
282000383
384000383
465000383
575000383
684000383
789000383
888000383
986000383
1063000383
1150000383
1354000383
65000412
167000412
277000412
378000412
471000412
576000412
689000412
788000412
891000412
991000412
1082000412
1150000412
1354000412
66000440
165000440
274000440
381000440
470000440
579000440
689000440
786000440
891000440
991000440
1150000440
1354000440
66000468
168000468
278000468
377000468
464000468
574000468
691000468
790000468
891000468
989000468
1195000468
1348000468
1350000497
1361000525
1355000553
1351000581
1359000610
1355000638
1361000666
1355000694
1353000722
1361000751
1359000779
1350000807
1359000835
1355000863
1351000891
1359000920
1355000948
1361000976
1355001004
1353001032
1361001061
1395001089
195001117
295001117
395001117
694001117
794001117
893001117
1189001117
95001145
295001145
395001145
595001145
690001145
795001145
1195001145
95001173
695001173
95001202
195001202
295001202
495001202
195001230
294001230
394001230
494001230
595001230
688001230
792001230
891001230
1193001230
195001258
495001258
595001258
795001258
994001258
95001286
595001286
795001286
895001286
995001286
1195001286
93001342
194001342
288001342
394001342
492001342
592001342
694001342
793001342
890001342
1192001342
95001399
291001399
249
495001399
595001399
695001399
795001399
895001399
995001399
1193001399
1395001399
395001427
495001427
595001427
895001427
995001427
93001455
195001455
295001455
395001455
495001455
695001455
795001455
894001455
1195001455
93001484
195001484
295001484
395001484
495001484
95001512
295001512
395001512
594001512
695001512
795001512
1195001512
1395001512
95001540
395001540
495001540
595001540
94001568
195001568
295001568
395001568
595001568
695001568
795001568
895001568
1195001568
95001596
195001596
295001596
389001596
495001596
595001596
693001596
795001596
895001596
995001596
1194001596
94001625
195001625
295001625
395001625
495001625
595001625
693001625
791001625
95001653
395001653
295001681
393001681
595001681
695001681
895001681
1195001681
95001709
295001709
382001709
595001709
995001709
95001737
95001794
795001794
95001850
395001850
295001878
294001906
695001906
95001935
195001935
392001935
495001935
595001935
694001935
789001935
895001935
995001935
1194001935
94001963
195001963
395001963
495001963
595001963
795001963
393001991
695001991
795001991
895001991
1195001991
95002019
195002019
495002019
595002019
95002047
95002075
295002075
94002104
195002104
393002104
495002104
595002104
1195002104
291002160
988002160
292002188
995002188
295002216
995002216
295002273
1195002301
294002329
992002329
294002357
995002357
995002386
295002470
294002498
995002498
295002526
995002526
1183002526
291002555
995002555
1193002555
395002583
1184002583
295002611
1188002611
395002639
1194002639
295002667
395002667
1192002667
292002696
1193002752
1394002780
287002865
195002893
395002893
595002893
795002893
994002893
195002921
495002921
195002949
995003005
195003034
395003062
495003062
395003090
595003146
195003287
195003315
595003315
294003344
494003344
293003372
292003400
593003400
495003428
285003456
295003484
493003484
494003513
495003569
195003597
395003597
490003625
591003625
480003654
585003654
488003682
584003682
490003710
583003710
490003738
581003738
795003738
495003795
293003851
395003851
595003851
787003879
195003907
795003907
1395003907
495003936
595003936
295003964
1395003964
295003992
795003992
1391003992
689004020
395004048
595004048
295004076
395004076
685004076
85004105
290004105
493004105
693004105
92004133
695004133
95004161
195004189
1195004189
195004217
1187004217
1195004274
195004358
1181004358
1195004386
1195004415
195004443
395004443
595004443
694004443
1195004443
248
1395004443
95004499
195004499
393004499
495004499
692004499
1195004499
1395004499
95004527
195004527
391004527
695004527
1395004527
395004556
695004556
795004556
295004584
494004584
295004612
493004612
695004612
195004640
195004668
1195004668
395004809
695004809
1195004837
395004866
95004894
395005063
395005091
195005204
486005232
1193005232
492005260
490005288
1195005288
486005316
1189005316
495005345
595005345
694005345
95005514
586005514
1195005514
690005542
795005542
395005570
1192005570
695005598
795005598
1193005598
494005626
1194005626
193005655
395005655
1195005655
393005683
595005683
695005683
1195005683
195005711
194005739
1193005739
95005767
395005767
695005767
1194005767
1192005796
1195005824
393005880
495005880
592005880
692005880
795005880
394005908
493005908
595005908
695005908
494005936
494005965
495005993
495006134
495006162
492006218
385006246
595006246
95006331
494006331
495006359
694006387
791006415
791006444
494006500
595006500
695006500
795006500
695006528
795006528
495006556
95006585
95006641
495006641
595006641
695006641
494006669
586006669
95006697
491006697
1195006697
395006754
695006754
694006782
795006810
694006838
695006866
1195006895
195006951
594006951
593006979
595007007
595007036
592007064
95007092
95007233
395007233
594007233
1395007261
94007317
593007430
1195007430
1195007458
395007486
595007486
395007515
495007515
584007515
1194007515
495007627
494007655
92007684
95007740
395007768
795007768
1190007768
195007796
394007796
595007796
695007796
1194007853
795007881
1195007881
795007965
1192007965
95007994
1188008022
1195008050
195008078
595008078
1190008078
1180008106
190008191
395008191
591008191
695008191
795008191
1195008191
395008219
94008247
793008247
95008303
94008332
94008360
95008388
195008416
395008416
595008416
695008444
395008473
795008473
1195008473
195008501
495008501
695008501
789008501
1192008501
493008529
592008529
694008529
792008529
1191008529
495008557
795008557
1195008557
695008585
1195008585
1389009346
1195010163
95010191
195010191
394010191
494010191
595010191
694010191
791010191
1193010191
95010219
393010219
492010219
595010219
695010219
1195010219
95010248
195010248
393010248
595010248
695010248
1195010248
591010304
1195010304
594010332
1195010332
94010360
1393010417
1387010445
495010586
193010642
794010642
595010670
492010727
1194010727
1194010755
592010980
594011008
392011037
395011065
393011121
594011121
195011149
384011178
247
795053811
1194053811
795053839
495053867
595053867
890053867
494053895
694053895
795053895
894053895
795053923
895053923
677053952
695053980
695054008
691054036
692054064
794054064
894054064
1187054064
395054092
795054092
893054092
294054121
395054121
595054121
795054121
892054121
1195054121
195054149
293054149
593054149
895054149
695054177
895054177
1194054177
695054205
790054205
895054205
1188054205
695054233
795054233
892054233
1195054233
95054262
494054262
694054262
895054262
1192054262
195054290
295054290
395054290
595054290
889054290
195054318
295054318
395054318
595054318
894054318
695054346
795054346
1180054346
693054374
793054374
1190054374
895054403
95054459
695054459
1188054459
685054487
95054515
495054544
679054544
495054572
675054572
677054600
1195054600
682054628
693054656
1195054656
91054684
1195054684
95054713
1195054713
95054769
194054769
295054769
594054769
189054797
580054797
95054825
1195054825
1195054854
95054882
91054910
795054938
594054994
693054994
895054994
1395054994
595055023
191055051
692055051
195055079
294055079
395055079
595055079
695055079
795055079
893055079
1195055079
295055107
1394055107
95055135
195055135
294055135
395055135
495055135
595055135
795055135
888055135
1194055135
1395055135
195055164
395055164
495055164
594055164
691055164
793055164
893055164
1191055164
95055192
395055192
492055192
592055192
690055192
792055192
895055192
1194055192
194055220
395055220
493055220
592055220
687055220
794055220
894055220
1193055220
95055248
195055248
395055248
491055248
592055248
691055248
792055248
894055248
1193055248
195055277
395055277
494055277
594055277
692055277
795055277
894055277
1193055277
395055305
494055305
595055305
690055305
791055305
895055305
1194055305
495055333
695055333
795055333
595055361
695055361
795055361
895055361
1195055361
395055389
495055389
594055389
693055389
793055389
894055389
1195055389
395055418
495055418
595055418
691055418
793055418
895055418
1194055418
695055446
795055446
895055446
495055474
595055474
695055474
794055474
893055474
1195055474
395055502
495055502
595055502
795055502
892055502
1195055502
395055530
495055530
595055530
695055530
794055530
894055530
1195055530
595055558
695055558
795055558
895055558
1195055558
195055587
395055587
495055587
595055587
695055587
795055587
895055587
1193055587
495055615
595055615
693055615
795055615
895055615
1195055615
95055643
195055643
394055643
495055643
594055643
689055643
246
792055643
890055643
1194055643
195055671
395055671
493055671
594055671
693055671
793055671
894055671
1194055671
495055700
695055700
795055700
895055700
1191055700
395055728
495055728
595055728
694055728
791055728
889055728
1193055728
595055756
692055756
794055756
890055756
1192055756
495055784
595055784
692055784
790055784
891055784
1194055784
395055813
495055813
595055813
692055813
789055813
887055813
1192055813
295055841
395055841
495055841
595055841
694055841
790055841
892055841
1192055841
195055869
394055869
495055869
594055869
693055869
794055869
892055869
1189055869
195055897
295055897
395055897
595055897
695055897
895055897
1195055897
194055926
395055926
495055926
594055926
694055926
795055926
893055926
1191055926
195055954
595055954
695055954
895055954
195055982
395055982
595055982
895055982
1195055982
194056010
394056010
594056010
693056010
893056010
1194056010
1395056010
895056038
1195056038
195056067
291056067
395056067
590056067
693056067
890056067
1193056067
195056095
295056095
395056095
594056095
693056095
894056095
1194056095
395056123
595056123
695056123
1195056123
195056151
682056151
895056151
1195056151
1394056151
195056179
395056179
495056179
595056179
695056179
795056179
895056179
1195056179
94056208
395056208
579056208
895056208
95056236
195056236
395056236
593056236
695056236
795056236
894056236
1195056236
1394056236
95056264
595056264
695056264
1195056264
1395056264
95056292
395056292
595056292
695056292
895056292
1195056292
895056320
1195056320
95056348
595056348
695056348
895056348
1195056348
94056377
195056377
395056377
595056377
694056377
895056377
1194056377
1395056377
95056405
195056405
395056405
595056405
695056405
895056405
1193056405
1395056405
595056433
695056433
895056433
95056546
194056546
395056546
593056546
694056546
795056546
894056546
1193056546
1395056546
95056574
195056574
395056574
593056574
692056574
795056574
894056574
1193056574
1395056574
93056602
191056602
393056602
493056602
590056602
693056602
795056602
895056602
1177056602
1395056602
92056630
194056630
391056630
495056630
591056630
690056630
791056630
895056630
1182056630
87056659
183056659
391056659
490056659
592056659
678056659
795056659
893056659
1176056659
1395056659
89056687
192056687
394056687
495056687
592056687
686056687
795056687
894056687
1177056687
1395056687
94056715
194056715
395056715
590056715
694056715
795056715
895056715
1191056715
1395056715
1395056772
1395057138
1395057307