250
86000581
164000581
249000581
68000609
167000609
250000609
456000609
556000609
669000609
769000609
867000609
968000609
1064000609
1152000609
1260000609
1360000609
67000638
182000638
251000638
456000638
551000638
667000638
775000638
869000638
967000638
1060000638
1147000638
1257000638
1358000638
68000666
169000666
278000666
454000666
553000666
670000666
774000666
872000666
970000666
1062000666
1153000666
1252000666
1364000666
64000694
169000694
273000694
452000694
556000694
670000694
775000694
869000694
968000694
1060000694
1148000694
1258000694
1355000694
68000723
176000723
480000723
576000723
679000723
778000723
875000723
982000723
1189000723
1293000723
1374000723
70000751
172000751
270000751
472000751
578000751
674000751
773000751
877000751
983000751
1075000751
1181000751
1282000751
1369000751
69000780
170000780
272000780
470000780
580000780
691000780
775000780
876000780
980000780
1077000780
1182000780
1275000780
1369000780
70000808
172000808
272000808
472000808
578000808
686000808
790000808
874000808
980000808
1074000808
1186000808
1275000808
1369000808
74000836
170000836
270000836
472000836
577000836
676000836
790000836
888000836
979000836
1082000836
1191000836
1279000836
1368000836
70000865
168000865
274000865
471000865
579000865
685000865
789000865
880000865
992000865
1075000865
1188000865
1278000865
1376000865
70000893
169000893
274000893
472000893
578000893
677000893
792000893
878000893
993000893
1083000893
1192000893
1281000893
1374000893
70000921
169000921
270000921
473000921
574000921
681000921
792000921
890000921
993000921
1192000921
1272000921
1371000921
70000950
168000950
273000950
470000950
577000950
687000950
788000950
885000950
993000950
1183000950
1289000950
1390000950
70000978
170000978
272000978
470000978
577000978
680000978
789000978
885000978
993000978
1184000978
71001006
168001006
276001006
472001006
579001006
690001006
791001006
885001006
993001006
1185001006
70001035
169001035
270001035
473001035
577001035
681001035
789001035
885001035
993001035
1184001035
70001063
168001063
271001063
472001063
584001063
683001063
786001063
880001063
990001063
1188001063
77001091
170001091
274001091
469001091
582001091
686001091
788001091
888001091
993001091
1185001091
73001119
170001119
269001119
470001119
578001119
686001119
786001119
886001119
993001119
1187001119
73001148
170001148
272001148
470001148
576001148
685001148
791001148
889001148
993001148
1187001148
71001176
277001176
249
473001176
578001176
686001176
791001176
887001176
993001176
1186001176
70001204
268001204
472001204
573001204
682001204
792001204
889001204
993001204
1185001204
72001233
171001233
274001233
471001233
574001233
684001233
792001233
890001233
993001233
1186001233
72001261
172001261
272001261
470001261
581001261
685001261
792001261
883001261
1184001261
70001289
170001289
270001289
469001289
582001289
688001289
792001289
882001289
993001289
1189001289
70001318
171001318
272001318
471001318
581001318
683001318
792001318
885001318
993001318
1187001318
73001346
171001346
270001346
470001346
582001346
686001346
792001346
885001346
993001346
1189001346
70001374
172001374
270001374
472001374
586001374
685001374
791001374
885001374
993001374
1183001374
70001403
173001403
270001403
472001403
579001403
679001403
790001403
887001403
1187001403
69001431
173001431
269001431
472001431
580001431
687001431
791001431
890001431
993001431
1186001431
72001459
168001459
270001459
472001459
578001459
680001459
791001459
882001459
1186001459
72001488
170001488
270001488
472001488
579001488
687001488
790001488
883001488
1183001488
69001516
174001516
272001516
469001516
582001516
685001516
792001516
882001516
993001516
1186001516
69001544
169001544
274001544
472001544
584001544
686001544
790001544
885001544
993001544
1190001544
71001572
169001572
273001572
471001572
582001572
684001572
790001572
882001572
993001572
1188001572
68001601
174001601
274001601
471001601
584001601
690001601
790001601
884001601
993001601
1186001601
1293001601
70001629
168001629
272001629
471001629
582001629
686001629
790001629
888001629
993001629
1183001629
70001657
171001657
273001657
470001657
577001657
686001657
790001657
884001657
993001657
1189001657
70001686
169001686
273001686
470001686
576001686
685001686
790001686
884001686
993001686
1183001686
70001714
173001714
272001714
471001714
574001714
689001714
788001714
885001714
993001714
1184001714
72001742
177001742
272001742
471001742
578001742
687001742
790001742
885001742
993001742
1187001742
1293001742
1393001742
73001771
169001771
281001771
472001771
574001771
687001771
791001771
886001771
993001771
1187001771
1393001771
73001799
174001799
278001799
473001799
572001799
684001799
792001799
886001799
993001799
1187001799
73001827
171001827
278001827
471001827
575001827
685001827
789001827
883001827
993001827
1186001827
74001856
176001856
280001856
469001856
248
576001856
684001856
792001856
885001856
992001856
1186001856
1393001856
73001884
172001884
279001884
473001884
574001884
686001884
792001884
889001884
993001884
1189001884
1393001884
75001912
169001912
280001912
471001912
572001912
687001912
793001912
888001912
992001912
1188001912
1293001912
74001941
172001941
281001941
471001941
573001941
685001941
792001941
887001941
993001941
1187001941
1293001941
1393001941
72001969
170001969
278001969
472001969
577001969
686001969
792001969
883001969
993001969
1186001969
1293001969
1393001969
74001997
171001997
276001997
470001997
575001997
685001997
792001997
887001997
992001997
1184001997
1293001997
1393001997
89002025
191002025
291002025
490002025
584002025
688002025
785002025
892002025
991002025
1193002025
91002054
190002054
292002054
492002054
592002054
691002054
792002054
892002054
992002054
1187002054
1290002054
92002082
193002082
293002082
490002082
593002082
693002082
793002082
893002082
993002082
1191002082
1288002082
77002110
190002110
283002110
490002110
582002110
673002110
775002110
887002110
990002110
1189002110
1293002110
77002139
189002139
285002139
487002139
588002139
681002139
785002139
891002139
986002139
1185002139
1291002139
91002167
193002167
293002167
493002167
591002167
693002167
793002167
890002167
993002167
1185002167
1287002167
83002195
186002195
286002195
486002195
583002195
685002195
787002195
882002195
987002195
1191002195
1287002195
72002224
184002224
277002224
491002224
576002224
676002224
778002224
881002224
976002224
1176002224
1293002224
92002252
192002252
289002252
487002252
590002252
692002252
792002252
889002252
993002252
1192002252
1393002252
88002280
185002280
279002280
490002280
581002280
691002280
792002280
892002280
993002280
1191002280
92002308
192002308
285002308
490002308
589002308
671002308
776002308
873002308
978002308
1179002308
79002337
185002337
290002337
491002337
584002337
688002337
778002337
876002337
973002337
1182002337
87002365
191002365
487002365
593002365
678002365
778002365
879002365
981002365
1177002365
93002393
193002393
293002393
488002393
593002393
685002393
781002393
884002393
993002393
1174002393
80002422
185002422
492002422
580002422
681002422
774002422
876002422
991002422
1177002422
1293002422
88002450
191002450
491002450
583002450
674002450
774002450
878002450
1189002450
92002478
188002478
493002478
592002478
687002478
784002478
886002478
1181002478
1292002478
83002507
247
182002507
486002507
585002507
677002507
778002507
875002507
1179002507
79002535
190002535
291002535
486002535
592002535
677002535
777002535
870002535
993002535
1171002535
90002563
192002563
291002563
492002563
592002563
793002563
893002563
1193002563
1293002563
92002592
191002592
493002592
576002592
692002592
791002592
892002592
1177002592
193002620
593002620
693002620
893002620
1393002620
81002648
180002648
490002648
578002648
677002648
784002648
879002648
1172002648
86002676
187002676
486002676
574002676
678002676
781002676
876002676
1183002676
1390002676
88002705
186002705
492002705
576002705
677002705
778002705
883002705
993002705
1183002705
576002733
693002733
1193002733
93002761
193002761
291002761
493002761
577002761
692002761
789002761
887002761
1191002761
92002789
192002789
493002789
571002789
692002789
792002789
891002789
1393002789
93002818
193002818
493002818
593002818
691002818
793002818
887002818
93002846
591002846
692002846
893002846
93002874
193002874
493002874
591002874
692002874
787002874
893002874
93002902
593002902
693002902
793002902
893002902
993002902
1193002902
93002930
193002930
569002930
691002930
793002930
1193002930
93002959
493002959
593002959
693002959
91002987
193002987
493002987
593002987
693002987
793002987
1193002987
588003015
693003015
92003043
193003043
493003043
593003043
693003043
793003043
90003072
193003072
293003072
489003072
592003072
692003072
792003072
993003072
1193003072
92003100
193003100
290003100
493003100
593003100
693003100
793003100
982003100
1193003100
93003128
1288003128
91003156
192003156
492003156
591003156
692003156
792003156
92003184
185003184
293003184
590003184
682003184
788003184
1293003184
93003213
193003213
492003213
585003213
680003213
785003213
993003213
1193003213
1390003213
84003241
185003241
492003241
586003241
682003241
785003241
993003241
1193003241
1293003241
1392003241
86003269
187003269
493003269
569003269
688003269
792003269
992003269
85003297
192003297
589003297
691003297
787003297
993003297
93003354
190003354
593003354
693003354
793003354
193003382
293003382
493003382
693003382
793003382
1192003382
1293003382
188003495
293003495
592003495
692003495
793003495
993003495
1393003495
193003523
293003523
693003523
793003523
1390003523
493003551
593003579
1293003579
1387003579
93003608
193003608
693003608
1393003608
93003636
693003636
793003636
1393003636
93003664
693003664
793003664
993003664
246
1193003664
1393003664
1293003805
92003833
193003833
793003833
991003833
93003861
193003861
589003861
690003861
793003861
993003861
1393003861
793003889
193003917
793003918
993003918
1393003918
193003974
993003974
192004030
793004030
1393004030
93004058
193004058
1293004058
1393004058
93004087
193004087
693004087
1193004087
1393004087
193004115
1393004115
193004143
93004171
193004171
792004171
1393004171
193004199
693004199
193004227
1193004227
693004284
193004340
693004340
1193004340
1393004340
193004368
1193004368
193004481
593004509
693004509
1393004509
190004537
589004537
692004537
791004537
1293004537
293004566
593004566
692004566
793004566
1292004566
793004594
1393004594
193004622
592004622
793004622
1193004622
1393004622
193004650
593004650
1193004650
1393004650
693004678
292004706
593004706
693004706
793004706
193004735
193004763
593004763
693004763
92004791
193004791
293004791
592004791
789004791
1393004791
192004819
693004819
793004819
493004847
1193004847
1293004847
93004876
193004876
293004876
493004876
592004876
793004876
92004904
191004904
293004904
493004904
693004904
793004904
92004932
193004932
293004932
593004932
692004932
793004932
1286004932
93004960
693004960
1393004960
92004988
293004988
593004988
693004988
1293004988
1393004988
92005016
293005016
693005016
793005016
1393005016
93005045
592005045
693005045
793005045
1392005045
90005073
293005073
593005073
92005101
193005101
277005101
493005101
592005101
692005101
793005101
93005129
493005129
593005129
693005129
793005129
93005157
687005157
92005186
193005186
688005186
1393005186
92005214
193005214
93005242
293005242
693005242
93005270
193005270
693005270
1293005270
1392005270
93005298
193005298
692005298
193005355
693005355
793005355
93005383
193005383
593005383
793005383
93005411
193005411
593005439
93005467
193005467
593005467
693005467
793005467
1193005467
1393005467
92005524
793005552
1293005552
193005580
793005580
1193005580
1293005580
193005608
93005636
193005636
491005636
593005636
693005636
793005636
93005665
193005665
693005665
793005665
1290005665
93005693
193005693
593005693
693005693
93005721
193005721
793005721
92005749
193005749
793005749
93005777
193005777
93005806
92005834
193005834
793005834
93005862
193005862
89005890
93005918
193005918
493005918
1393005918
92005946
593005946
1193005946
1393005946
193005975
93006003
193006003
93006031
1193006031
93006059
1293006059
1393006059
245
93006087
193006087
693006087
92006116
190006116
493006116
593006116
693006116
793006116
1192006116
1393006116
92006144
192006144
592006144
793006144
1189006144
1293006144
93006172
193006172
592006172
93006200
187006200
589006200
693006200
1193006200
193006228
580006228
793006228
1191006228
90006257
193006257
592006257
693006257
793006257
1193006257
492006285
93006313
193006313
593006313
1193006313
1293006313
93006341
193006341
493006341
1181006341
93006369
493006369
590006369
689006369
793006369
1193006369
1293006369
93006398
193006398
493006398
593006398
687006398
1193006398
1292006398
93006426
193006426
582006426
693006426
1192006426
93006454
193006454
587006454
693006454
793006454
1193006454
93006482
193006482
582006482
693006482
793006482
1193006482
93006510
193006510
587006510
93006539
193006539
588006539
193006567
579006567
93006595
193006595
591006595
793006595
93006623
193006623
585006623
93006652
193006652
587006652
693006652
593006680
687006680
793006680
1193006680
1393006680
193006708
593006708
690006708
792006708
1193006708
1393006708
493006736
589006736
593006764
1193006764
591006792
693006792
793006792
1193006792
593006821
693006821
1190006821
593006849
693006849
792006849
1193006849
593006877
692006877
1192006877
592006905
693006905
1193006905
191006933
493006933
579006933
193006962
493006962
586006962
693006962
193006990
493006990
585006990
693006990
793006990
1393006990
193007018
592007018
793007018
1292007018
193007046
593007046
793007046
1193007046
1393007046
593007074
193007103
591007103
692007103
793007103
1193007103
93007131
193007131
593007131
691007131
693007159
193007215
580007215
688007215
793007215
1193007215
193007243
589007243
692007243
793007243
1193007243
1293007243
585007272
193007300
591007300
693007300
193007328
593007328
693007328
1193007328
1293007328
192007356
590007356
793007356
1393007356
193007384
589007384
93007413
186007413
493007413
593007413
93007441
493007441
593007441
793007441
1193007441
92007469
593007469
93007497
193007497
792007497
1193007497
593007525
792007525
1188007525
84007554
488007554
192007582
490007582
793007582
1393007582
93007610
193007610
483007610
793007610
68007638
576007638
1188007638
93007666
580007666
1169007666
92007695
1182007695
1392007695
84007723
592007723
93007751
589007751
593007807
93007835
593007835
583007864
1393007864
93007892
592007892
192007920
492007920
793007920
193007948
793007948
71007976
244
568007976
1192007976
93008005
193008005
493008005
576008005
793008005
1191008005
1290008005
193008033
493008033
580008033
693008033
1193008033
193008061
493008061
581008061
692008061
793008061
1393008061
193008089
493008089
592008089
690008089
1193008089
168008117
493008117
582008117
693008117
1293008117
172008146
493008146
563008146
693008146
793008146
170008174
493008174
566008174
687008174
170008202
493008202
566008202
684008202
170008230
493008230
566008230
686008230
1193008230
167008259
493008259
564008259
686008259
793008259
171008287
493008287
565008287
684008287
793008287
171008315
563008315
685008315
793008315
168008343
566008343
682008343
793008343
171008372
493008372
564008372
684008372
1193008372
169008400
492008400
565008400
684008400
792008400
172008428
490008428
563008428
684008428
792008428
168008456
492008456
564008456
685008456
790008456
169008485
491008485
564008485
682008485
790008485
1193008485
172008513
491008513
563008513
688008513
788008513
167008541
488008541
566008541
682008541
788008541
168008569
490008569
566008569
681008569
791008569
168008598
490008598
562008598
688008598
790008598
1193008598
168008626
486008626
565008626
689008626
790008626
1193008626
167008654
488008654
562008654
687008654
790008654
1192008654
165008683
487008683
563008683
683008683
791008683
1192008683
1293008683
165008711
491008711
563008711
687008711
788008711
1191008711
1292008711
93008739
166008739
486008739
562008739
682008739
789008739
1192008739
167008767
487008767
561008767
685008767
789008767
1190008767
1293008767
168008796
488008796
562008796
687008796
789008796
1191008796
169008824
489008824
566008824
684008824
788008824
1192008824
166008852
489008852
562008852
683008852
790008852
1193008852
171008880
490008880
563008880
685008880
789008880
1192008880
92008909
167008909
488008909
564008909
687008909
787008909
1192008909
1293008909
73008937
173008937
490008937
563008937
685008937
792008937
1192008937
77008965
171008965
489008965
562008965
680008965
792008965
1192008965
76008994
167008994
491008994
563008994
682008994
788008994
1192008994
75009022
168009022
489009022
564009022
679009022
790009022
1190009022
1293009022
75009050
172009050
490009050
564009050
682009050
790009050
1191009050
75009079
174009079
490009079
563009079
686009079
787009079
1192009079
79009107
166009107
491009107
564009107
682009107
791009107
1193009107
77009135
166009135
489009135
563009135
683009135
243
785009135
1191009135
74009163
172009163
489009163
563009163
687009163
786009163
1193009163
79009192
168009192
488009192
563009192
684009192
787009192
1193009192
71009220
167009220
488009220
565009220
681009220
789009220
1193009220
79009248
169009248
488009248
565009248
682009248
786009248
1193009248
74009277
166009277
489009277
564009277
682009277
788009277
1193009277
79009305
167009305
490009305
563009305
685009305
786009305
1193009305
74009333
168009333
487009333
564009333
681009333
787009333
1192009333
71009362
169009362
490009362
566009362
687009362
786009362
1193009362
75009390
167009390
489009390
564009390
689009390
789009390
1193009390
74009418
174009418
488009418
563009418
685009418
788009418
1193009418
74009446
174009446
490009446
566009446
685009446
786009446
1193009446
79009475
173009475
489009475
563009475
682009475
787009475
1193009475
71009503
172009503
489009503
564009503
682009503
786009503
1193009503
74009531
172009531
489009531
566009531
682009531
787009531
1193009531
79009560
167009560
489009560
565009560
681009560
786009560
1193009560
74009588
168009588
490009588
563009588
683009588
786009588
1193009588
76009616
174009616
489009616
565009616
686009616
786009616
1193009616
75009644
169009644
487009644
565009644
681009644
787009644
1193009644
77009673
174009673
490009673
566009673
685009673
786009673
1193009673
72009701
174009701
490009701
566009701
685009701
790009701
1193009701
76009728
173009728
490009728
565009728
687009728
787009728
1193009728
71009756
167009756
490009756
566009756
681009756
786009756
1193009756
71009784
172009784
490009784
563009784
681009784
786009784
1193009784
71009812
174009812
489009812
566009812
682009812
790009812
1193009812
71009841
173009841
490009841
564009841
681009841
786009841
1193009841
71009869
167009869
489009869
564009869
681009869
786009869
1193009869
71009897
174009897
491009897
564009897
681009897
788009897
1193009897
71009926
174009926
488009926
562009926
685009926
789009926
1193009926
71009954
174009954
489009954
563009954
681009954
789009954
1193009954
71009982
174009982
488009982
564009982
681009982
786009982
1192009982
71010010
167010010
491010010
566010010
681010010
786010010
1193010010
71010039
174010039
487010039
566010039
681010039
786010039
1193010039
71010067
174010067
488010067
563010067
682010067
785010067
1193010067
71010095
172010095
488010095
563010095
681010095
786010095
1193010095
242
71010123
167010123
489010123
566010123
681010123
785010123
1193010123
71010152
166010152
488010152
564010152
682010152
786010152
1193010152
71010180
172010180
489010180
566010180
681010180
789010180
1193010180
71010208
174010208
491010208
564010208
681010208
790010208
1193010208
71010236
166010236
490010236
563010236
681010236
786010236
1193010236
70010265
167010265
488010265
566010265
683010265
790010265
1193010265
70010293
166010293
491010293
564010293
681010293
790010293
1193010293
70010321
169010321
491010321
566010321
681010321
786010321
1193010321
70010349
167010349
487010349
564010349
685010349
786010349
1193010349
70010378
167010378
490010378
565010378
686010378
786010378
1193010378
70010406
172010406
490010406
566010406
681010406
786010406
1193010406
70010434
168010434
487010434
564010434
681010434
790010434
1193010434
70010462
168010462
489010462
564010462
681010462
786010462
1193010462
70010491
174010491
491010491
563010491
681010491
786010491
1193010491
70010519
167010519
489010519
562010519
681010519
789010519
1193010519
70010547
174010547
490010547
566010547
685010547
786010547
1193010547
70010575
174010575
488010575
564010575
686010575
786010575
1193010575
70010604
166010604
488010604
566010604
690010604
786010604
1193010604
70010632
172010632
488010632
563010632
681010632
788010632
1193010632
70010660
171010660
489010660
564010660
684010660
789010660
1193010660
71010688
169010688
488010688
566010688
681010688
787010688
1191010688
1293010688
72010717
169010717
492010717
566010717
692010717
789010717
1189010717
1289010717
91010745
190010745
493010745
584010745
681010745
790010745
1188010745
1292010745
1393010745
191010773
587010773
693010773
792010773
1191010773
1291010773
593010801
693010830
1392010830
587010858
1393010858
1393010970
693011055
691011111
693011139
593011224
592011252
593011308
593011337
590011365
593011393
692011393
793011393
1188011393
593011421
693011421
793011421
1193011421
792011506
1193011506
1393011506
593011534
1292011534
193011562
1293011590
591011618
691011618
1393011618
193011647
193011675
593011675
1293011675
193011703
593011703
1293011703
1290011731
193011759
593011759
1283011759
593011788
593011816
692011816
1193011816
1289011816
193011844
592011844
1193011844
193011872
593011872
687011872
193011900
593011900
689011900
591011928
593011957
688011957
1292011957
688011985
1193011985
193012013
590012013
793012013
1293012013
692012041
193012069
241
593012069
691012069
1193012069
1393012069
693012098
1193012098
692012126
1291012126
1391012126
593012154
1393012154
193012182
592012182
693012182
792012182
1193012182
1390012182
593012210
792012210
1392012210
593012239
692012239
1193012239
1392012239
692012267
1183012267
693012295
787012295
1189012295
1393012295
692012323
1168012323
1393012323
689012352
1168012352
688012380
1192012380
1393012380
691012408
1193012408
193012436
592012436
791012436
1189012436
1292012436
679012464
686012493
1185012493
1393012493
689012521
689012549
1193012549
692012577
1193012577
1390012577
691012605
1184012605
1393012605
692012634
1190012634
691012662
1193012662
693012690
1193012690
1393012690
693012718
693012746
1189012746
693012774
1193012774
693012803
693012831
1193012831
693012859
1193012859
693012887
1188012887
687012915
1192012915
1393012915
193012944
688012944
1193012944
1393012944
193012972
693012972
693013000
693013028
1193013028
693013056
1193013056
693013084
1193013084
692013113
1192013113
692013141
1192013141
691013169
1192013169
693013197
1184013197
690013226
692013254
693013282
684013310
690013338
689013366
1193013366
693013395
687013423
689013451
688013479
693013507
1193013507
1193013536
692013564
1193013564
693013592
1193013592
593013620
786013620
193013648
593013648
793013648
193013677
593013705
693013705
693013733
1193013733
1293013761
693013789
1393013789
193013817
693013817
690013846
1193013846
1286013846
593013874
691013874
1192013874
1292013874
592013902
793013902
1393013902
582013930
688013930
1393013930
588013958
693013958
688013987
1193013987
1292013987
1393013987
680014015
1193014015
1393014015
676014043
1393014043
673014071
1189014071
1393014071
593014099
793014099
1193014099
1191014128
1393014128
693014156
1190014184
1391014184
693014212
793014212
1288014212
692014240
790014269
1193014269
692014297
691014325
693014353
790014353
1192014353
793014381
1193014381
1287014381
692014409
793014409
1288014409
787014438
1193014438
793014466
1193014466
1293014466
786014494
1192014494
1289014494
693014522
793014522
1193014522
686014550
785014578
1193014578
1291014578
692014607
790014607
1293014607
793014635
1192014635
687014663
1287014663
792014719
1293014719
793014776
1392014776
1393014804
1393014832
1393014888
1393014917
693014945
793014945
693015001
793015001
1392015001
693015057
793015057
1392015057
793015086
1393015086
681087120
793087120
682087148
793087148
682087176
793087176
689087205
793087205
682087233
793087233
682087261
793087261
682087289
793087289