250
82000310
178000310
287000310
368000310
461000310
551000310
654000310
64000338
179000338
283000338
375000338
464000338
550000338
654000338
879000338
984000338
1074000338
1176000338
1267000338
1358000338
67000367
161000367
280000367
375000367
467000367
554000367
658000367
881000367
982000367
1075000367
1177000367
1262000367
1358000367
67000395
168000395
285000395
368000395
463000395
550000395
654000395
881000395
984000395
1076000395
1178000395
1262000395
1358000395
67000424
166000424
279000424
376000424
461000424
552000424
654000424
884000424
985000424
1077000424
1177000424
1264000424
1358000424
64000452
166000452
285000452
378000452
488000452
550000452
654000452
884000452
984000452
1078000452
1180000452
1262000452
1362000452
64000480
162000480
279000480
373000480
474000480
585000480
655000480
880000480
984000480
1076000480
1177000480
1270000480
1363000480
67000509
166000509
276000509
380000509
466000509
574000509
685000509
876000509
989000509
1071000509
1183000509
1261000509
1358000509
95000537
285000537
390000537
484000537
572000537
665000537
896000537
1096000537
1195000537
1291000537
1396000537
89000565
196000565
276000565
389000565
488000565
572000565
667000565
995000565
1095000565
1195000565
1287000565
1394000565
96000594
196000594
281000594
390000594
485000594
571000594
665000594
995000594
1090000594
1194000594
1291000594
1391000594
95000622
190000622
277000622
385000622
484000622
572000622
665000622
996000622
1288000622
1395000622
96000650
281000650
391000650
479000650
572000650
665000650
996000650
1196000650
1293000650
1396000650
95000679
196000679
276000679
390000679
482000679
572000679
668000679
996000679
1176000679
96000707
196000707
275000707
396000707
480000707
572000707
665000707
882000707
996000707
1183000707
96000735
190000735
276000735
396000735
483000735
571000735
665000735
883000735
996000735
1173000735
193000763
277000763
388000763
478000763
665000763
885000763
996000763
1174000763
190000792
277000792
396000792
480000792
665000792
886000792
996000792
1171000792
96000820
194000820
282000820
396000820
480000820
572000820
667000820
882000820
996000820
1172000820
96000848
277000848
487000848
667000848
884000848
996000848
1172000848
95000877
278000877
396000877
485000877
572000877
668000877
883000877
996000877
1182000877
95000905
181000905
281000905
482000905
578000905
667000905
884000905
996000905
1174000905
93000933
192000933
281000933
394000933
484000933
574000933
667000933
249
884000933
996000933
1181000933
92000962
191000962
278000962
396000962
486000962
574000962
667000962
883000962
996000962
1177000962
96000990
196000990
283000990
395000990
489000990
574000990
667000990
882000990
996000990
1171000990
96001018
196001018
283001018
394001018
483001018
574001018
667001018
882001018
996001018
1174001018
96001047
196001047
287001047
394001047
490001047
575001047
667001047
881001047
996001047
1171001047
96001075
196001075
288001075
394001075
487001075
572001075
667001075
880001075
995001075
1174001075
92001103
196001103
285001103
396001103
482001103
578001103
668001103
880001103
996001103
1173001103
95001132
196001132
282001132
391001132
489001132
575001132
667001132
880001132
996001132
1174001132
95001160
196001160
285001160
392001160
484001160
577001160
667001160
878001160
996001160
1174001160
95001188
196001188
283001188
395001188
484001188
574001188
667001188
879001188
996001188
1175001188
94001216
196001216
283001216
392001216
484001216
574001216
667001216
882001216
996001216
1171001216
94001245
196001245
282001245
394001245
483001245
578001245
667001245
883001245
996001245
1172001245
96001273
190001273
279001273
393001273
479001273
574001273
669001273
884001273
996001273
1174001273
94001301
190001301
280001301
391001301
480001301
573001301
667001301
883001301
996001301
1176001301
1293001301
95001330
187001330
278001330
389001330
487001330
576001330
664001330
880001330
988001330
1176001330
1284001330
95001358
191001358
283001358
388001358
477001358
571001358
666001358
878001358
987001358
1172001358
95001386
188001386
281001386
391001386
480001386
573001386
665001386
878001386
987001386
1175001386
95001415
191001415
287001415
388001415
478001415
572001415
665001415
879001415
992001415
1175001415
1296001415
94001443
193001443
277001443
389001443
482001443
577001443
665001443
886001443
994001443
1176001443
1296001443
1396001443
95001471
195001471
278001471
388001471
485001471
577001471
665001471
880001471
994001471
1171001471
1296001471
1396001471
87001500
195001500
276001500
395001500
482001500
573001500
665001500
883001500
994001500
1177001500
1396001500
89001528
196001528
280001528
395001528
483001528
572001528
665001528
882001528
994001528
1177001528
1396001528
93001556
195001556
288001556
388001556
482001556
573001556
665001556
878001556
995001556
1171001556
91001584
193001584
274001584
394001584
481001584
573001584
665001584
881001584
248
994001585
1172001585
1293001585
96001613
195001613
276001613
394001613
484001613
574001613
665001613
882001613
995001613
1172001613
1293001613
94001641
194001641
280001641
394001641
483001641
572001641
665001641
882001641
996001641
1173001641
1296001641
93001669
195001669
275001669
394001669
480001669
574001669
666001669
881001669
996001669
1171001669
1296001669
92001698
195001698
278001698
394001698
482001698
575001698
665001698
880001698
995001698
1172001698
91001726
192001726
276001726
386001726
478001726
573001726
666001726
883001726
996001726
1173001726
92001754
194001754
276001754
383001754
482001754
579001754
665001754
883001754
996001754
1174001754
1296001754
91001783
194001783
277001783
391001783
482001783
574001783
665001783
878001783
996001783
1176001783
1295001783
92001811
194001811
276001811
393001811
482001811
573001811
665001811
882001811
995001811
1180001811
1292001811
93001839
195001839
274001839
386001839
480001839
577001839
665001839
882001839
994001839
1182001839
1296001839
95001868
189001868
275001868
396001868
480001868
572001868
666001868
876001868
989001868
1176001868
95001896
193001896
276001896
386001896
479001896
576001896
666001896
878001896
990001896
1177001896
1296001896
95001924
194001924
276001924
396001924
479001924
577001924
666001924
876001924
989001924
1176001924
83001952
194001952
279001952
390001952
478001952
586001952
666001952
878001952
992001952
1174001952
93001981
194001981
274001981
387001981
478001981
576001981
665001981
877001981
987001981
1173001981
91002009
193002009
275002009
379002009
477002009
581002009
665002009
876002009
991002009
1171002009
1396002009
79002037
191002037
293002037
386002037
477002037
578002037
665002037
882002037
993002037
1172002037
1385002037
88002066
188002066
296002066
383002066
479002066
574002066
665002066
879002066
995002066
1171002066
89002094
194002094
296002094
378002094
478002094
582002094
666002094
884002094
994002094
1172002094
86002122
193002122
372002122
476002122
583002122
666002122
880002122
1171002122
1296002122
91002151
192002151
392002151
475002151
575002151
664002151
883002151
1172002151
1295002151
90002179
195002179
387002179
476002179
583002179
667002179
875002179
1174002179
1286002179
81002207
193002207
374002207
475002207
582002207
662002207
884002207
1181002207
1296002207
83002236
190002236
378002236
476002236
592002236
667002236
878002236
1172002236
95002264
190002264
285002264
247
387002264
476002264
596002264
665002264
884002264
996002264
1175002264
87002292
188002292
296002292
395002292
479002292
662002292
877002292
1183002292
88002320
190002320
394002320
475002320
595002320
664002320
877002320
1180002320
83002349
190002349
385002349
475002349
584002349
662002349
879002349
1177002349
88002377
192002377
392002377
477002377
591002377
662002377
876002377
1183002377
1395002377
85002405
195002405
389002405
476002405
590002405
662002405
877002405
1178002405
91002434
191002434
388002434
481002434
596002434
662002434
879002434
1189002434
86002462
194002462
391002462
476002462
583002462
664002462
878002462
995002462
1177002462
87002490
196002490
389002490
478002490
595002490
664002490
879002490
1195002490
1396002490
88002518
195002518
396002518
478002518
596002518
663002518
884002518
1396002518
88002547
196002547
396002547
479002547
596002547
663002547
875002547
1396002547
90002575
196002575
388002575
483002575
590002575
667002575
881002575
1396002575
90002603
196002603
292002603
396002603
479002603
593002603
664002603
876002603
1195002603
1391002603
87002632
196002632
396002632
481002632
590002632
664002632
895002632
1196002632
1391002632
86002660
196002660
395002660
478002660
590002660
664002660
1185002660
1396002660
87002688
196002688
296002688
396002688
479002688
589002688
663002688
1176002688
80002716
196002716
292002716
480002716
596002716
664002716
1196002716
1396002716
90002744
196002744
481002744
596002744
665002744
1396002744
87002773
196002773
296002773
478002773
596002773
664002773
1196002773
1396002773
86002801
196002801
296002801
396002801
479002801
595002801
665002801
89002829
196002829
396002829
485002829
592002829
664002829
996002829
1396002829
91002857
196002857
296002857
479002857
592002857
665002857
996002857
1196002857
92002886
196002886
395002886
482002886
591002886
664002886
995002886
1196002886
1396002886
91002914
196002914
296002914
379002914
486002914
590002914
664002914
1196002914
91002942
189002942
381002942
494002942
579002942
659002942
996002942
1395002942
96002970
189002970
391002970
492002970
575002970
663002970
1396002970
95002999
184002999
578002999
659002999
993002999
1196002999
92003027
184003027
396003027
584003027
659003027
1196003027
183003055
394003055
581003055
661003055
996003055
186003083
384003083
496003083
588003083
660003083
996003083
1196003083
184003112
588003112
660003112
994003112
1395003112
186003140
246
496003140
575003140
661003140
994003140
1396003140
186003168
576003168
659003168
189003196
396003196
572003196
660003196
188003225
394003225
587003225
660003225
991003225
187003253
396003253
581003253
660003253
991003253
188003281
583003281
660003281
995003281
187003309
396003309
579003309
660003309
996003309
188003338
396003338
593003338
660003338
994003338
188003366
595003366
660003366
987003366
187003394
596003394
660003394
994003394
195003422
296003422
496003422
587003422
664003422
994003422
196003450
590003450
686003450
989003450
196003479
590003479
683003479
994003479
196003507
496003507
578003507
684003507
995003507
196003535
395003535
592003535
683003535
995003535
196003563
396003563
583003563
691003563
196003591
696003591
196003620
396003620
196003648
396003648
196003676
196003704
396003704
496003704
1196003704
195003732
396003732
196003761
1196003761
193003789
196003817
1196003817
193003845
1196003845
195003873
396003873
96003901
296003901
396003901
695003901
1196003901
494003930
595003930
1290003930
493003958
596003958
196004071
696004071
1196004071
1296004071
696004099
1296004099
195004155
681004155
1296004155
196004183
196004211
692004211
1295004211
1396004211
196004240
396004240
593004240
396004268
596004268
395004296
594004296
592004324
396004352
592004352
593004381
696004381
396004409
596004409
696004409
595004437
696004437
594004465
693004465
596004493
395004522
592004522
696004522
96004550
592004550
296004578
396004578
496004578
582004578
1396004578
96004606
296004606
396004606
496004606
596004606
1394004606
96004634
388004634
496004634
580004634
96004663
496004663
595004663
1395004663
396004691
496004691
592004691
696004691
1192004691
1289004691
296004719
687004719
496004747
591004747
688004747
591004775
682004775
293004804
494004804
591004804
696004804
396004832
577004832
286004860
575004860
1186004860
196004888
396004888
592004888
594004916
496004944
595004944
96005029
196005029
278005029
395005029
494005029
595005029
696005029
1395005029
96005057
93005085
196005085
396005085
696005085
96005114
396005114
596005114
696005114
96005142
595005142
696005142
95005170
496005170
594005170
696005170
1396005170
81005198
594005198
1396005198
96005226
196005226
592005226
696005226
1396005226
96005254
496005254
590005254
90005283
396005283
496005283
593005283
696005283
1396005283
195005339
396005339
96005367
196005367
396005367
596005367
1196005367
196005395
245
96005424
193005424
94005452
195005452
396005452
695005452
596005480
687005480
696005508
96005536
496005536
587005536
696005536
1396005536
595005565
1196005565
596005593
696005593
1196005593
496005621
596005621
696005621
1195005621
496005649
596005649
696005649
1196005649
593005677
1196005677
593005706
696005706
1296005706
596005734
1296005734
396005762
694005762
96005790
395005790
694005790
1196005790
1296005790
96005818
392005818
596005818
696005818
1196005818
190005846
395005846
595005846
691005846
1195005846
96005875
196005875
593005875
1194005875
96005903
596005903
1196005903
96005931
396005931
492005931
596005931
96005959
595005959
696005959
1196005959
95005987
196005987
595005987
1196005987
596006015
696006015
1196006015
96006044
696006044
1196006044
395006072
495006072
594006072
688006072
1196006072
1296006072
95006100
396006100
496006100
593006100
694006100
1196006100
96006128
396006128
695006128
1196006128
96006156
396006156
596006156
696006156
1195006156
396006184
596006184
693006184
1196006184
196006213
596006213
1196006213
596006241
696006241
1195006241
592006269
1196006269
96006297
196006297
590006297
196006325
591006325
596006382
1196006382
1196006410
96006438
196006438
695006438
1187006438
1396006438
696006466
1179006466
1396006466
396006494
693006494
96006523
396006523
596006523
1196006551
196006579
1296006579
696006607
1196006607
196006635
394006635
495006635
587006635
696006635
1196006635
1292006635
696006664
1194006664
396006692
595006692
1296006692
396006720
596006720
1296006720
396006748
1296006748
396006776
1196006804
396006833
595006833
395006861
1196006861
1196006889
396006917
596006917
1196006917
595006945
1296006945
1294007002
96007030
1196007030
96007058
596007058
1196007058
1295007058
1196007086
596007114
496007143
496007199
396007227
1196007227
396007255
1195007255
396007283
96007340
496007340
1196007452
1196007481
1196007509
196007537
1193007537
1178007565
1171007593
396007622
1196007622
196007650
396007650
393007706
596007706
1194007706
1292007706
596007734
1172007734
94007762
196007762
396007762
596007762
1195007762
1396007762
96007791
1177007791
196007847
596007847
1194007847
196007875
596007875
1195007875
96007932
1195007932
396007960
1193007960
496007988
396008016
496008016
1396008016
396008044
496008044
196008072
396008072
496008072
596008072
396008101
496008101
1395008101
193008129
392008129
596008129
194008157
392008157
493008157
588008157
194008185
391008185
486008185
244
586008185
684008185
1196008185
194008214
386008214
484008214
590008214
685008214
189008242
387008242
490008242
588008242
686008242
1196008242
187008270
393008270
490008270
590008270
686008270
1196008270
190008298
393008298
489008298
582008298
684008298
188008327
388008327
489008327
582008327
691008327
191008355
388008355
485008355
589008355
688008355
1184008355
191008383
390008383
484008383
584008383
688008383
1173008383
192008411
389008411
483008411
588008411
692008411
1168008411
1296008411
95008440
191008440
391008440
487008440
592008440
679008440
1168008440
191008468
389008468
484008468
590008468
682008468
1168008468
187008496
389008496
484008496
584008496
694008496
1168008496
192008525
389008525
490008525
582008525
683008525
1168008525
189008553
390008553
485008553
582008553
694008553
1168008553
96008581
187008581
389008581
484008581
584008581
1168008581
96008609
187008609
386008609
484008609
588008609
1168008609
1295008609
90008638
189008638
394008638
489008638
585008638
686008638
1171008638
89008666
189008666
396008666
482008666
591008666
1172008666
91008694
192008694
394008694
485008694
587008694
677008694
1173008694
1296008694
85008723
184008723
390008723
484008723
579008723
686008723
1168008723
1295008723
91008751
190008751
389008751
489008751
582008751
696008751
1172008751
1294008751
89008779
187008779
390008779
484008779
580008779
684008779
1169008779
89008807
190008807
389008807
485008807
581008807
1168008807
93008836
187008836
388008836
484008836
581008836
689008836
1170008836
85008864
184008864
391008864
485008864
589008864
696008864
1167008864
85008892
190008892
390008892
484008892
581008892
1174008892
85008921
184008921
390008921
484008921
584008921
692008921
1168008921
84008949
190008949
390008949
484008949
590008949
689008949
1168008949
84008977
188008977
384008977
484008977
584008977
1168008977
84009005
190009005
388009005
484009005
581009005
689009005
1168009005
84009034
184009034
390009034
484009034
590009034
1168009034
84009062
184009062
390009062
484009062
584009062
696009062
1168009062
84009090
184009090
384009090
484009090
590009090
682009090
1168009090
84009119
187009119
390009119
484009119
590009119
1168009119
85009147
185009147
388009147
484009147
583009147
690009147
1168009147
84009175
184009175
394009175
484009175
590009175
1171009175
84009203
188009203
384009203
484009203
591009203
692009203
1168009203
84009232
184009232
388009232
484009232
243
580009232
1173009232
84009260
184009260
388009260
484009260
580009260
1168009260
84009288
188009288
388009288
484009288
590009288
1172009288
84009317
184009317
395009317
484009317
590009317
689009317
1168009317
84009345
184009345
387009345
484009345
591009345
693009345
1168009345
88009373
185009373
388009373
484009373
588009373
696009373
1172009373
84009401
184009401
390009401
484009401
584009401
696009401
1168009401
84009430
184009430
384009430
484009430
584009430
1168009430
84009458
184009458
390009458
484009458
581009458
1168009458
87009486
184009486
395009486
484009486
580009486
693009486
1168009486
93009515
184009515
393009515
484009515
581009515
1168009515
88009543
184009543
390009543
580009543
682009543
1168009543
86009571
184009571
384009571
484009571
581009571
693009571
1168009571
89009599
184009599
384009599
484009599
580009599
689009599
1168009599
93009628
184009628
390009628
580009628
696009628
1168009628
92009656
184009656
396009656
484009656
580009656
692009656
1168009656
87009684
184009684
384009684
580009684
692009684
1168009684
89009712
184009712
388009712
580009712
692009712
1168009712
89009741
184009741
390009741
584009741
692009741
1170009741
85009769
189009769
384009769
584009769
692009769
1168009769
87009797
184009797
384009797
580009797
1168009797
90009825
187009825
388009825
584009825
1168009825
90009854
184009854
390009854
583009854
1168009854
91009882
184009882
396009882
580009882
693009882
1174009882
90009910
184009910
390009910
580009910
681009910
1168009910
84009938
184009938
388009938
580009938
1171009938
92009967
184009967
395009967
580009967
682009967
1169009967
93009995
184009995
384009995
580009995
682009995
1171009995
91010023
184010023
387010023
580010023
1168010023
87010051
184010051
384010051
496010051
580010051
681010051
1168010051
94010080
184010080
384010080
689010080
1170010080
91010108
184010108
388010108
580010108
696010108
1169010108
90010136
184010136
388010136
484010136
580010136
696010136
1168010136
91010164
184010164
390010164
581010164
692010164
1169010164
92010193
184010193
395010193
581010193
696010193
1168010193
94010221
184010221
389010221
492010221
692010221
1169010221
93010249
184010249
388010249
484010249
681010249
1170010249
96010277
184010277
388010277
496010277
689010277
1168010277
96010306
184010306
390010306
484010306
689010306
1174010306
84010334
184010334
395010334
489010334
1168010334
84010362
242
184010362
389010362
493010362
1170010362
96010390
184010390
388010390
496010390
689010390
1168010390
1288010390
86010419
187010419
396010419
490010419
678010419
1171010419
1396010419
84010447
184010447
395010447
496010447
583010447
678010447
1168010447
1290010447
1395010447
95010475
185010475
388010475
592010475
682010475
1175010475
96010503
183010503
679010503
1171010503
96010532
184010532
695010532
1173010532
96010560
183010560
596010560
686010560
1170010560
186010588
690010588
1174010588
187010616
696010616
1171010616
185010644
695010644
1172010644
188010673
695010673
1171010673
184010701
691010701
1171010701
186010729
1172010729
185010757
1171010757
184010785
1171010785
184010814
1171010814
194010842
1194010842
1295010842
196010870
1196010870
691010926
692010955
696010983
695011011
1195011011
1182011039
1192011067
1395011067
596011096
1195011096
396011124
1194011124
584011152
1185011152
1186011180
378011208
1196011208
696011236
1395011236
696011265
1396011265
1190011349
1196011377
1196011406
1196011434
1396011434
1196011462
1395011462
696011490
1194011490
1395011518
696011546
1196011546
1296011546
1396011546
1395011575
396011687
696011687
396011715
1395011744
1194011772
196011800
596011800
196011828
596011856
390011885
591011885
1396011885
391011913
580011913
696011913
583011941
696011941
1396011941
395011997
595011997
1196011997
587012025
576012054
1296012054
1396012054
591012082
1296012082
589012110
196012138
388012138
579012138
1194012138
585012166
1189012166
1396012166
196012195
583012195
196012223
577012223
1186012223
196012251
578012251
174012279
576012279
1195012279
583012307
196012336
570012336
581012364
1194012364
196012392
572012392
575012420
196012448
571012448
196012476
573012476
574012505
1296012505
196012533
573012533
196012561
573012561
196012589
577012589
585012617
582012646
196012674
572012674
196012702
576012702
584012730
196012758
568012758
196012786
573012786
579012815
196012843
572012843
196012871
582012871
196012899
570012899
196012927
584012927
572012956
194012984
196013040
582013040
575013068
579013096
196013125
569013125
594013153
196013181
591013181
582013209
595013237
196013266
591013266
196013294
592013294
196013350
393013350
591013350
196013378
396013378
572013378
584013407
196013435
577013435
196013463
588013463
196013491
589013491
577013519
592013547
573013576
577013604
1295013604
583013632
1296013632
594013688
1296013688
594013717
592013745
1296013745
594013773
396013801
593013801