250
83000214
153000214
264000214
368000214
487000214
572000214
679000214
780000214
857000214
72000242
153000242
258000242
367000242
483000242
570000242
670000242
786000242
861000242
1060000242
1161000242
1280000242
1372000242
70000270
173000270
255000270
367000270
482000270
571000270
674000270
782000270
859000270
1058000270
1167000270
1280000270
1374000270
67000299
171000299
278000299
369000299
484000299
571000299
674000299
784000299
857000299
1056000299
1162000299
1278000299
1374000299
71000327
171000327
285000327
377000327
481000327
572000327
677000327
784000327
860000327
1056000327
1163000327
1282000327
1375000327
68000356
172000356
288000356
380000356
482000356
572000356
679000356
788000356
857000356
1164000356
1287000356
1374000356
70000384
171000384
278000384
377000384
472000384
583000384
675000384
787000384
858000384
1052000384
1166000384
1283000384
1374000384
71000412
173000412
283000412
376000412
470000412
590000412
691000412
788000412
859000412
1054000412
1161000412
1282000412
1370000412
68000441
171000441
282000441
377000441
471000441
580000441
691000441
784000441
861000441
1053000441
1164000441
1279000441
1370000441
66000469
173000469
277000469
375000469
474000469
583000469
691000469
793000469
893000469
1052000469
1167000469
1283000469
1375000469
89000497
192000497
291000497
393000497
493000497
583000497
682000497
793000497
876000497
1093000497
1191000497
1292000497
1392000497
90000526
191000526
292000526
392000526
493000526
588000526
684000526
792000526
875000526
1192000526
1288000526
1389000526
90000554
192000554
293000554
393000554
493000554
586000554
686000554
791000554
875000554
1175000554
1288000554
1389000554
91000582
192000582
293000582
393000582
493000582
581000582
686000582
793000582
875000582
1171000582
88000611
191000611
291000611
393000611
493000611
583000611
684000611
793000611
874000611
1171000611
88000639
190000639
292000639
393000639
493000639
588000639
686000639
793000639
875000639
1171000639
89000667
189000667
290000667
393000667
493000667
580000667
688000667
793000667
874000667
1170000667
89000696
189000696
291000696
393000696
493000696
584000696
684000696
793000696
874000696
1171000696
92000724
193000724
293000724
393000724
493000724
581000724
685000724
793000724
874000724
1171000724
91000752
193000752
293000752
393000752
493000752
588000752
688000752
793000752
874000752
1171000752
91000780
189000780
293000780
393000780
493000780
583000780
686000780
793000780
249
875000780
1171000780
91000809
190000809
293000809
393000809
493000809
580000809
687000809
793000809
874000809
1170000809
92000837
191000837
293000837
393000837
493000837
581000837
687000837
793000837
874000837
1171000837
89000865
191000865
292000865
393000865
492000865
581000865
689000865
793000865
873000865
1169000865
85000894
189000894
292000894
393000894
493000894
580000894
686000894
793000894
874000894
1171000894
90000922
191000922
292000922
393000922
493000922
579000922
683000922
793000922
874000922
1170000922
87000950
191000950
293000950
393000950
493000950
584000950
683000950
793000950
874000950
1171000950
88000979
191000979
292000979
393000979
493000979
581000979
684000979
793000979
874000979
1169000979
88001007
190001007
293001007
493001007
583001007
686001007
793001007
873001007
1171001007
88001035
189001035
293001035
393001035
493001035
584001035
684001035
793001035
873001035
1170001035
89001064
190001064
293001064
493001064
583001064
684001064
793001064
874001064
1169001064
89001092
190001092
293001092
493001092
582001092
689001092
793001092
874001092
1170001092
89001120
190001120
293001120
493001120
585001120
686001120
793001120
874001120
1170001120
91001149
190001149
293001149
393001149
493001149
584001149
684001149
793001149
874001149
1170001149
88001177
190001177
293001177
393001177
493001177
581001177
685001177
793001177
874001177
1171001177
88001205
190001205
293001205
393001205
491001205
580001205
684001205
792001205
874001205
1170001205
1293001205
90001234
193001234
293001234
393001234
492001234
584001234
686001234
792001234
884001234
1170001234
93001262
193001262
293001262
393001262
492001262
577001262
688001262
788001262
877001262
1171001262
93001290
193001290
293001290
393001290
492001290
577001290
691001290
788001290
876001290
1170001290
89001318
191001318
292001318
393001318
492001318
580001318
685001318
792001318
875001318
1171001318
1393001318
88001347
191001347
288001347
492001347
583001347
683001347
792001347
875001347
1171001347
1293001347
87001375
193001375
293001375
492001375
581001375
685001375
792001375
875001375
1168001375
1392001375
91001403
193001403
293001403
393001403
490001403
582001403
685001403
792001403
874001403
1170001403
1392001403
90001432
193001432
293001432
393001432
488001432
586001432
682001432
792001432
873001432
1170001432
1393001432
90001460
192001460
293001460
393001460
491001460
578001460
685001460
792001460
248
873001460
1171001460
1393001460
90001488
191001488
293001488
393001488
490001488
577001488
679001488
792001488
873001488
1171001488
1293001488
1392001488
90001516
192001516
392001516
490001516
578001516
686001516
793001516
871001516
1169001516
91001545
191001545
293001545
393001545
490001545
581001545
682001545
793001545
871001545
1170001545
1292001545
89001573
190001573
293001573
393001573
488001573
583001573
683001573
793001573
873001573
1171001573
91001601
191001601
293001601
392001601
488001601
578001601
684001601
793001601
872001601
1171001601
93001630
189001630
390001630
489001630
578001630
683001630
793001630
872001630
1172001630
93001658
190001658
393001658
488001658
583001658
686001658
792001658
873001658
1172001658
1291001658
91001686
191001686
293001686
392001686
491001686
580001686
685001686
792001686
871001686
1171001686
1293001686
93001714
192001714
293001714
391001714
491001714
579001714
677001714
793001714
871001714
1172001714
293001743
393001743
492001743
578001743
685001743
792001743
869001743
1169001743
1284001743
193001771
293001771
393001771
492001771
580001771
677001771
789001771
869001771
1168001771
92001799
390001799
492001799
584001799
685001799
784001799
871001799
1172001799
1292001799
90001828
193001828
493001828
585001828
677001828
785001828
871001828
1170001828
1293001828
89001856
391001856
490001856
593001856
677001856
786001856
874001856
1169001856
86001884
193001884
293001884
391001884
493001884
589001884
680001884
789001884
873001884
1173001884
91001913
190001913
293001913
378001913
490001913
584001913
682001913
791001913
873001913
1171001913
92001941
192001941
290001941
374001941
491001941
583001941
684001941
793001941
872001941
1171001941
91001969
378001969
489001969
588001969
687001969
793001969
871001969
1172001969
93001997
191001997
392001997
593001997
692001997
791001997
893001997
1186001997
92002026
192002026
393002026
593002026
690002026
792002026
891002026
1192002026
1291002026
291002054
289002082
193002138
293002138
393002138
72002167
183002167
268002167
391002167
489002167
592002167
688002167
793002167
889002167
1189002167
1293002167
284002223
291002251
1293002251
291002279
292002364
1192002392
1293002392
292002420
1193002420
1292002420
293002449
1193002449
1293002449
1293002477
292002589
1292002589
293002618
1193002618
292002646
1193002646
289002674
1192002674
292002702
693002702
1193002702
90002730
193002730
393002730
493002730
693002730