10000,0,-128
10000,1,-97
10000,2,-128
10000,3,-128
10000,4,-97
10000,5,-97
10000,6,-97
10000,7,-97
30037,0,-128
30037,1,-128
30037,2,-128
30037,3,-128
30037,4,-97
30037,5,-128
30037,6,-128
30037,7,-128
50058,0,-128
50058,1,-96
50058,2,-96
50058,3,-128
50058,4,-128
50058,5,-93
50058,6,-128
50058,7,-95
70079,0,-128
70079,1,-128
70079,2,-97
70079,3,-128
70079,4,-128
70079,5,-128
70079,6,-97
70079,7,-97
90100,0,-128
90100,1,-97
90100,2,-128
90100,3,-128
90100,4,-128
90100,5,-128
90100,6,-128
90100,7,-128
110121,0,-128
110121,1,-128
110121,2,-128
110121,3,-128
110121,4,-128
110121,5,-128
110121,6,-128
110121,7,-128
130142,0,-128
130142,1,-128
130142,2,-128
130142,3,-128
130142,4,-128
130142,5,-128
130142,6,-128
130142,7,-128
150163,0,-128
150163,1,-128
150163,2,-128
150163,3,-128
150163,4,-97
150163,5,-128
150163,6,-128
150163,7,-97
170184,0,-128
170184,1,-128
170184,2,-128
170184,3,-128
170184,4,-97
170184,5,-128
170184,6,-128
170184,7,-128
190205,0,-128
190205,1,-128
190205,2,-128
190205,3,-128
190205,4,-128
190205,5,-97
190205,6,-128
190205,7,-128
249
210259,0,-128
210259,1,-128
210259,2,-128
210259,3,-128
210259,4,-128
210259,5,-128
210259,6,-128
210259,7,-128
230280,0,-128
230280,1,-97
230280,2,-128
230280,3,-128
230280,4,-128
230280,5,-128
230280,6,-128
230280,7,-128
250301,0,-128
250301,1,-128
250301,2,-128
250301,3,-128
250301,4,-128
250301,5,-128
250301,6,-128
250301,7,-128
270322,0,-128
270322,1,-128
270322,2,-128
270322,3,-128
270322,4,-128
270322,5,-128
270322,6,-128
270322,7,-128
290343,0,-128
290343,1,-97
290343,2,-128
290343,3,-128
290343,4,-128
290343,5,-128
290343,6,-128
290343,7,-128
310364,0,-128
310364,1,-128
310364,2,-128
310364,3,-128
310364,4,-128
310364,5,-128
310364,6,-128
310364,7,-128
330385,0,-128
330385,1,-128
330385,2,-128
330385,3,-128
330385,4,-128
330385,5,-128
330385,6,-128
330385,7,-128
350406,0,-128
350406,1,-128
350406,2,-128
350406,3,-128
350406,4,-128
350406,5,-128
350406,6,-128
350406,7,-128
370427,0,-128
370427,1,-128
370427,2,-128
370427,3,-128
370427,4,-128
370427,5,-128
370427,6,-128
370427,7,-128
390448,0,-128
390448,1,-128
390448,2,-128
390448,3,-128
390448,4,-128
390448,5,-128
390448,6,-128
390448,7,-128
248
410503,0,-128
410503,1,-128
410503,2,-128
410503,3,-128
410503,4,-128
410503,5,-128
410503,6,-128
410503,7,-128
430524,0,-128
430524,1,-128
430524,2,-128
430524,3,-128
430524,4,-128
430524,5,-128
430524,6,-128
430524,7,-128
450545,0,-128
450545,1,-128
450545,2,-128
450545,3,-128
450545,4,-97
450545,5,-97
450545,6,-128
450545,7,-128
470566,0,-128
470566,1,-128
470566,2,-128
470566,3,-128
470566,4,-128
470566,5,-128
470566,6,-128
470566,7,-128
490587,0,-128
490587,1,-128
490587,2,-128
490587,3,-128
490587,4,-128
490587,5,-128
490587,6,-128
490587,7,-128
510608,0,-128
510608,1,-128
510608,2,-128
510608,3,-128
510608,4,-128
510608,5,-128
510608,6,-128
510608,7,-128
530629,0,-128
530629,1,-128
530629,2,-128
530629,3,-128
530629,4,-128
530629,5,-128
530629,6,-128
530629,7,-128
550650,0,-128
550650,1,-128
550650,2,-128
550650,3,-128
550650,4,-128
550650,5,-128
550650,6,-128
550650,7,-128
570671,0,-128
570671,1,-128
570671,2,-128
570671,3,-128
570671,4,-128
570671,5,-128
570671,6,-128
570671,7,-128
590692,0,-128
590692,1,-128
590692,2,-128
590692,3,-128
590692,4,-128
590692,5,-128
590692,6,-128
590692,7,-128
247
610747,0,-128
610747,1,-128
610747,2,-128
610747,3,-128
610747,4,-128
610747,5,-128
610747,6,-128
610747,7,-128
630768,0,-128
630768,1,-97
630768,2,-128
630768,3,-128
630768,4,-128
630768,5,-128
630768,6,-128
630768,7,-128
650789,0,-128
650789,1,-128
650789,2,-128
650789,3,-128
650789,4,-128
650789,5,-128
650789,6,-128
650789,7,-128
670810,0,-128
670810,1,-128
670810,2,-128
670810,3,-128
670810,4,-128
670810,5,-128
670810,6,-128
670810,7,-128
690831,0,-128
690831,1,-128
690831,2,-128
690831,3,-128
690831,4,-128
690831,5,-128
690831,6,-128
690831,7,-128
710852,0,-128
710852,1,-128
710852,2,-128
710852,3,-128
710852,4,-97
710852,5,-128
710852,6,-128
710852,7,-128
730873,0,-128
730873,1,-128
730873,2,-128
730873,3,-128
730873,4,-128
730873,5,-128
730873,6,-128
730873,7,-128
750894,0,-128
750894,1,-128
750894,2,-128
750894,3,-128
750894,4,-97
750894,5,-128
750894,6,-128
750894,7,-128
770915,0,-128
770915,1,-128
770915,2,-128
770915,3,-128
770915,4,-128
770915,5,-128
770915,6,-128
770915,7,-128
790936,0,-128
790936,1,-128
790936,2,-128
790936,3,-128
790936,4,-97
790936,5,-128
790936,6,-128
790936,7,-128
246
810991,0,-128
810991,1,-128
810991,2,-128
810991,3,-128
810991,4,-128
810991,5,-128
810991,6,-128
810991,7,-128
831012,0,-128
831012,1,-128
831012,2,-128
831012,3,-128
831012,4,-128
831012,5,-128
831012,6,-128
831012,7,-128
851033,0,-128
851033,1,-128
851033,2,-128
851033,3,-128
851033,4,-128
851033,5,-128
851033,6,-128
851033,7,-128
871054,0,-128
871054,1,-128
871054,2,-128
871054,3,-128
871054,4,-128
871054,5,-128
871054,6,-128
871054,7,-128
891075,0,-128
891075,1,-128
891075,2,-128
891075,3,-128
891075,4,-128
891075,5,-128
891075,6,-128
891075,7,-128
911096,0,-128
911096,1,-97
911096,2,-128
911096,3,-128
911096,4,-128
911096,5,-128
911096,6,-128
911096,7,-97
931117,0,-128
931117,1,-128
931117,2,-128
931117,3,-128
931117,4,-97
931117,5,-128
931117,6,-128
931117,7,-128
951138,0,-128
951138,1,-97
951138,2,-128
951138,3,-128
951138,4,-128
951138,5,-128
951138,6,-128
951138,7,-128
971159,0,-128
971159,1,-128
971159,2,-128
971159,3,-128
971159,4,-128
971159,5,-128
971159,6,-128
971159,7,-128
991180,0,-128
991180,1,-97
991180,2,-128
991180,3,-128
991180,4,-128
991180,5,-128
991180,6,-128
991180,7,-97
245
1011235,0,-128
1011235,1,-97
1011235,2,-128
1011235,3,-128
1011235,4,-97
1011235,5,-128
1011235,6,-128
1011235,7,-128
1031256,0,-128
1031256,1,-128
1031256,2,-128
1031256,3,-128
1031256,4,-97
1031256,5,-128
1031256,6,-128
1031256,7,-97
1051277,0,-128
1051277,1,-128
1051277,2,-128
1051277,3,-128
1051277,4,-97
1051277,5,-128
1051277,6,-128
1051277,7,-128
1071298,0,-128
1071298,1,-97
1071298,2,-128
1071298,3,-128
1071298,4,-97
1071298,5,-128
1071298,6,-128
1071298,7,-128
1091319,0,-128
1091319,1,-97
1091319,2,-128
1091319,3,-128
1091319,4,-128
1091319,5,-128
1091319,6,-128
1091319,7,-97
1111340,0,-128
1111340,1,-128
1111340,2,-128
1111340,3,-128
1111340,4,-97
1111340,5,-128
1111340,6,-128
1111340,7,-94
1131361,0,-128
1131361,1,-97
1131361,2,-128
1131361,3,-128
1131361,4,-128
1131361,5,-128
1131361,6,-128
1131361,7,-97
1151382,0,-128
1151382,1,-128
1151382,2,-128
1151382,3,-128
1151382,4,-128
1151382,5,-128
1151382,6,-128
1151382,7,-88
1171403,0,-128
1171403,1,-97
1171403,2,-128
1171403,3,-128
1171403,4,-128
1171403,5,-97
1171403,6,-128
1171403,7,-95
1191424,0,-128
1191424,1,-97
1191424,2,-128
1191424,3,-128
1191424,4,-128
1191424,5,-128
1191424,6,-128
1191424,7,-97
244
1211479,0,-128
1211479,1,-97
1211479,2,-128
1211479,3,-128
1211479,4,-128
1211479,5,-128
1211479,6,-128
1211479,7,-128
1231500,0,-128
1231500,1,-97
1231500,2,-128
1231500,3,-128
1231500,4,-128
1231500,5,-128
1231500,6,-128
1231500,7,-97
1251521,0,-128
1251521,1,-128
1251521,2,-128
1251521,3,-128
1251521,4,-128
1251521,5,-128
1251521,6,-128
1251521,7,-128
1271542,0,-128
1271542,1,-128
1271542,2,-128
1271542,3,-128
1271542,4,-128
1271542,5,-128
1271542,6,-128
1271542,7,-97
1291563,0,-128
1291563,1,-128
1291563,2,-128
1291563,3,-128
1291563,4,-128
1291563,5,-128
1291563,6,-128
1291563,7,-128
1311584,0,-128
1311584,1,-128
1311584,2,-128
1311584,3,-128
1311584,4,-128
1311584,5,-128
1311584,6,-128
1311584,7,-128
1331605,0,-128
1331605,1,-128
1331605,2,-128
1331605,3,-128
1331605,4,-128
1331605,5,-128
1331605,6,-128
1331605,7,-128
1351626,0,-128
1351626,1,-128
1351626,2,-128
1351626,3,-128
1351626,4,-97
1351626,5,-128
1351626,6,-128
1351626,7,-96
1371647,0,-128
1371647,1,-128
1371647,2,-128
1371647,3,-128
1371647,4,-128
1371647,5,-128
1371647,6,-128
1371647,7,-96
1391668,0,-128
1391668,1,-128
1391668,2,-128
1391668,3,-128
1391668,4,-128
1391668,5,-128
1391668,6,-128
1391668,7,-128
243
1411723,0,-128
1411723,1,-128
1411723,2,-128
1411723,3,-128
1411723,4,-128
1411723,5,-128
1411723,6,-128
1411723,7,-90
1431744,0,-128
1431744,1,-97
1431744,2,-128
1431744,3,-128
1431744,4,-128
1431744,5,-128
1431744,6,-128
1431744,7,-94
1451765,0,-128
1451765,1,-128
1451765,2,-128
1451765,3,-128
1451765,4,-128
1451765,5,-128
1451765,6,-128
1451765,7,-95
1471786,0,-128
1471786,1,-128
1471786,2,-128
1471786,3,-128
1471786,4,-128
1471786,5,-128
1471786,6,-128
1471786,7,-128
1491807,0,-128
1491807,1,-128
1491807,2,-128
1491807,3,-128
1491807,4,-128
1491807,5,-128
1491807,6,-128
1491807,7,-128
1511828,0,-128
1511828,1,-97
1511828,2,-128
1511828,3,-128
1511828,4,-128
1511828,5,-128
1511828,6,-128
1511828,7,-82
1531849,0,-128
1531849,1,-128
1531849,2,-128
1531849,3,-128
1531849,4,-128
1531849,5,-128
1531849,6,-128
1531849,7,-96
1551870,0,-128
1551870,1,-128
1551870,2,-128
1551870,3,-128
1551870,4,-128
1551870,5,-128
1551870,6,-128
1551870,7,-95
1571891,0,-128
1571891,1,-128
1571891,2,-128
1571891,3,-128
1571891,4,-128
1571891,5,-128
1571891,6,-128
1571891,7,-97
1591912,0,-128
1591912,1,-128
1591912,2,-128
1591912,3,-128
1591912,4,-128
1591912,5,-128
1591912,6,-128
1591912,7,-128
242
1611967,0,-128
1611967,1,-128
1611967,2,-128
1611967,3,-128
1611967,4,-128
1611967,5,-85
1611967,6,-128
1611967,7,-95
1631988,0,-128
1631988,1,-128
1631988,2,-128
1631988,3,-128
1631988,4,-128
1631988,5,-78
1631988,6,-128
1631988,7,-96
1652009,0,-128
1652009,1,-128
1652009,2,-128
1652009,3,-128
1652009,4,-128
1652009,5,-94
1652009,6,-128
1652009,7,-97
1672030,0,-128
1672030,1,-128
1672030,2,-128
1672030,3,-128
1672030,4,-128
1672030,5,-97
1672030,6,-128
1672030,7,-128
1692051,0,-128
1692051,1,-128
1692051,2,-128
1692051,3,-128
1692051,4,-128
1692051,5,-128
1692051,6,-128
1692051,7,-128
1712072,0,-128
1712072,1,-128
1712072,2,-128
1712072,3,-128
1712072,4,-128
1712072,5,-95
1712072,6,-128
1712072,7,-97
1732093,0,-128
1732093,1,-128
1732093,2,-128
1732093,3,-97
1732093,4,-128
1732093,5,-96
1732093,6,-97
1732093,7,-96
1752114,0,-128
1752114,1,-128
1752114,2,-128
1752114,3,-97
1752114,4,-128
1752114,5,-97
1752114,6,-128
1752114,7,-92
1772135,0,-128
1772135,1,-128
1772135,2,-128
1772135,3,-97
1772135,4,-97
1772135,5,-97
1772135,6,-128
1772135,7,-97
1792156,0,-128
1792156,1,-128
1792156,2,-128
1792156,3,-97
1792156,4,-94
1792156,5,-97
1792156,6,-97
1792156,7,-96
241
1812211,0,-128
1812211,1,-128
1812211,2,-128
1812211,3,-97
1812211,4,-128
1812211,5,-128
1812211,6,-97
1812211,7,-96
1832232,0,-128
1832232,1,-128
1832232,2,-128
1832232,3,-128
1832232,4,-97
1832232,5,-96
1832232,6,-128
1832232,7,-97
1852253,0,-128
1852253,1,-128
1852253,2,-128
1852253,3,-128
1852253,4,-97
1852253,5,-96
1852253,6,-97
1852253,7,-128
1872274,0,-128
1872274,1,-128
1872274,2,-128
1872274,3,-97
1872274,4,-88
1872274,5,-84
1872274,6,-128
1872274,7,-128
1892295,0,-128
1892295,1,-128
1892295,2,-128
1892295,3,-97
1892295,4,-91
1892295,5,-86
1892295,6,-128
1892295,7,-128
1912316,0,-128
1912316,1,-128
1912316,2,-97
1912316,3,-128
1912316,4,-94
1912316,5,-90
1912316,6,-128
1912316,7,-95
1932337,0,-128
1932337,1,-128
1932337,2,-128
1932337,3,-128
1932337,4,-97
1932337,5,-89
1932337,6,-128
1932337,7,-95
1952358,0,-128
1952358,1,-128
1952358,2,-128
1952358,3,-128
1952358,4,-97
1952358,5,-96
1952358,6,-128
1952358,7,-97
1972379,0,-128
1972379,1,-128
1972379,2,-128
1972379,3,-97
1972379,4,-97
1972379,5,-97
1972379,6,-128
1972379,7,-97
1992400,0,-128
1992400,1,-128
1992400,2,-128
1992400,3,-128
1992400,4,-95
1992400,5,-97
1992400,6,-128
1992400,7,-97
240
2012454,0,-128
2012454,1,-128
2012454,2,-128
2012454,3,-128
2012454,4,-88
2012454,5,-96
2012454,6,-128
2012454,7,-97
2032475,0,-128
2032475,1,-128
2032475,2,-128
2032475,3,-97
2032475,4,-97
2032475,5,-97
2032475,6,-128
2032475,7,-128
2052496,0,-128
2052496,1,-128
2052496,2,-128
2052496,3,-97
2052496,4,-97
2052496,5,-96
2052496,6,-97
2052496,7,-96
2072517,0,-128
2072517,1,-128
2072517,2,-128
2072517,3,-97
2072517,4,-97
2072517,5,-95
2072517,6,-128
2072517,7,-128
2092538,0,-128
2092538,1,-128
2092538,2,-128
2092538,3,-95
2092538,4,-97
2092538,5,-89
2092538,6,-128
2092538,7,-128
2112559,0,-128
2112559,1,-128
2112559,2,-128
2112559,3,-96
2112559,4,-97
2112559,5,-79
2112559,6,-128
2112559,7,-128
2132580,0,-128
2132580,1,-128
2132580,2,-128
2132580,3,-97
2132580,4,-93
2132580,5,-95
2132580,6,-128
2132580,7,-128
2152601,0,-128
2152601,1,-128
2152601,2,-128
2152601,3,-94
2152601,4,-97
2152601,5,-82
2152601,6,-128
2152601,7,-128
2172622,0,-128
2172622,1,-96
2172622,2,-128
2172622,3,-97
2172622,4,-128
2172622,5,-83
2172622,6,-128
2172622,7,-128
2192643,0,-128
2192643,1,-97
2192643,2,-128
2192643,3,-97
2192643,4,-97
2192643,5,-91
2192643,6,-128
2192643,7,-128
239
2212698,0,-128
2212698,1,-128
2212698,2,-128
2212698,3,-97
2212698,4,-97
2212698,5,-94
2212698,6,-128
2212698,7,-128
2232719,0,-128
2232719,1,-128
2232719,2,-128
2232719,3,-128
2232719,4,-97
2232719,5,-97
2232719,6,-128
2232719,7,-128
2252740,0,-128
2252740,1,-128
2252740,2,-128
2252740,3,-96
2252740,4,-96
2252740,5,-128
2252740,6,-97
2252740,7,-128
2272761,0,-128
2272761,1,-128
2272761,2,-128
2272761,3,-95
2272761,4,-96
2272761,5,-97
2272761,6,-128
2272761,7,-128
2292782,0,-128
2292782,1,-128
2292782,2,-128
2292782,3,-97
2292782,4,-95
2292782,5,-93
2292782,6,-97
2292782,7,-128
2312803,0,-128
2312803,1,-128
2312803,2,-128
2312803,3,-97
2312803,4,-93
2312803,5,-96
2312803,6,-97
2312803,7,-128
2332824,0,-128
2332824,1,-95
2332824,2,-90
2332824,3,-95
2332824,4,-96
2332824,5,-97
2332824,6,-128
2332824,7,-93
2352845,0,-128
2352845,1,-95
2352845,2,-97
2352845,3,-97
2352845,4,-97
2352845,5,-97
2352845,6,-128
2352845,7,-96
2372866,0,-128
2372866,1,-95
2372866,2,-87
2372866,3,-96
2372866,4,-97
2372866,5,-97
2372866,6,-128
2372866,7,-97
2392887,0,-128
2392887,1,-94
2392887,2,-97
2392887,3,-96
2392887,4,-95
2392887,5,-128
2392887,6,-94
2392887,7,-96
238
2412942,0,-128
2412942,1,-128
2412942,2,-96
2412942,3,-96
2412942,4,-97
2412942,5,-128
2412942,6,-128
2412942,7,-96
2432963,0,-128
2432963,1,-128
2432963,2,-96
2432963,3,-97
2432963,4,-97
2432963,5,-97
2432963,6,-128
2432963,7,-128
2452984,0,-128
2452984,1,-128
2452984,2,-97
2452984,3,-96
2452984,4,-97
2452984,5,-128
2452984,6,-128
2452984,7,-97
2473005,0,-128
2473005,1,-128
2473005,2,-128
2473005,3,-128
2473005,4,-97
2473005,5,-97
2473005,6,-128
2473005,7,-97
2493026,0,-128
2493026,1,-128
2493026,2,-128
2493026,3,-97
2493026,4,-97
2493026,5,-97
2493026,6,-128
2493026,7,-97
2513047,0,-128
2513047,1,-128
2513047,2,-93
2513047,3,-128
2513047,4,-97
2513047,5,-97
2513047,6,-128
2513047,7,-128
2533068,0,-128
2533068,1,-128
2533068,2,-128
2533068,3,-97
2533068,4,-97
2533068,5,-97
2533068,6,-128
2533068,7,-97
2553089,0,-128
2553089,1,-128
2553089,2,-128
2553089,3,-128
2553089,4,-97
2553089,5,-128
2553089,6,-128
2553089,7,-97
2573110,0,-128
2573110,1,-128
2573110,2,-128
2573110,3,-128
2573110,4,-128
2573110,5,-128
2573110,6,-128
2573110,7,-97
2593131,0,-128
2593131,1,-128
2593131,2,-128
2593131,3,-128
2593131,4,-97
2593131,5,-128
2593131,6,-128
2593131,7,-128
237
2613186,0,-128
2613186,1,-128
2613186,2,-97
2613186,3,-97
2613186,4,-97
2613186,5,-128
2613186,6,-128
2613186,7,-128
2633207,0,-128
2633207,1,-128
2633207,2,-128
2633207,3,-128
2633207,4,-97
2633207,5,-128
2633207,6,-128
2633207,7,-128
2653228,0,-128
2653228,1,-128
2653228,2,-97
2653228,3,-97
2653228,4,-97
2653228,5,-128
2653228,6,-128
2653228,7,-128
2673249,0,-128
2673249,1,-128
2673249,2,-97
2673249,3,-128
2673249,4,-97
2673249,5,-97
2673249,6,-128
2673249,7,-128
2693270,0,-128
2693270,1,-128
2693270,2,-128
2693270,3,-97
2693270,4,-97
2693270,5,-128
2693270,6,-128
2693270,7,-128
2713291,0,-128
2713291,1,-128
2713291,2,-96
2713291,3,-128
2713291,4,-128
2713291,5,-128
2713291,6,-128
2713291,7,-128
2733312,0,-128
2733312,1,-128
2733312,2,-95
2733312,3,-128
2733312,4,-128
2733312,5,-128
2733312,6,-128
2733312,7,-128
2753333,0,-128
2753333,1,-128
2753333,2,-97
2753333,3,-97
2753333,4,-97
2753333,5,-128
2753333,6,-128
2753333,7,-128
2773354,0,-128
2773354,1,-128
2773354,2,-97
2773354,3,-128
2773354,4,-97
2773354,5,-128
2773354,6,-128
2773354,7,-96
2793375,0,-128
2793375,1,-128
2793375,2,-97
2793375,3,-97
2793375,4,-128
2793375,5,-128
2793375,6,-128
2793375,7,-96
236
2813429,0,-128
2813429,1,-128
2813429,2,-128
2813429,3,-97
2813429,4,-128
2813429,5,-128
2813429,6,-96
2813429,7,-94
2833450,0,-128
2833450,1,-128
2833450,2,-128
2833450,3,-128
2833450,4,-128
2833450,5,-128
2833450,6,-96
2833450,7,-128
2853471,0,-128
2853471,1,-128
2853471,2,-97
2853471,3,-128
2853471,4,-97
2853471,5,-128
2853471,6,-128
2853471,7,-128
2873492,0,-128
2873492,1,-128
2873492,2,-97
2873492,3,-128
2873492,4,-128
2873492,5,-128
2873492,6,-128
2873492,7,-97
2893513,0,-128
2893513,1,-128
2893513,2,-97
2893513,3,-128
2893513,4,-128
2893513,5,-128
2893513,6,-128
2893513,7,-97
2913534,0,-128
2913534,1,-128
2913534,2,-97
2913534,3,-128
2913534,4,-97
2913534,5,-128
2913534,6,-128
2913534,7,-97
2933555,0,-128
2933555,1,-128
2933555,2,-97
2933555,3,-128
2933555,4,-128
2933555,5,-128
2933555,6,-128
2933555,7,-89
2953576,0,-128
2953576,1,-128
2953576,2,-97
2953576,3,-128
2953576,4,-128
2953576,5,-128
2953576,6,-128
2953576,7,-97
2973597,0,-128
2973597,1,-128
2973597,2,-128
2973597,3,-128
2973597,4,-128
2973597,5,-128
2973597,6,-128
2973597,7,-97
2993618,0,-128
2993618,1,-128
2993618,2,-128
2993618,3,-128
2993618,4,-128
2993618,5,-96
2993618,6,-128
2993618,7,-97
235
3013672,0,-128
3013672,1,-128
3013672,2,-97
3013672,3,-97
3013672,4,-97
3013672,5,-94
3013672,6,-128
3013672,7,-95
3033693,0,-128
3033693,1,-128
3033693,2,-97
3033693,3,-128
3033693,4,-97
3033693,5,-97
3033693,6,-128
3033693,7,-96
3053714,0,-128
3053714,1,-128
3053714,2,-97
3053714,3,-128
3053714,4,-90
3053714,5,-95
3053714,6,-128
3053714,7,-96
3072000,0,-128
3072000,1,-128
3072000,2,-128
3072000,3,-128
3072000,4,-97
3072000,5,-95
3072000,6,-128
3072000,7,-97
3092021,0,-128
3092021,1,-128
3092021,2,-128
3092021,3,-128
3092021,4,-97
3092021,5,-97
3092021,6,-128
3092021,7,-128
3112042,0,-128
3112042,1,-128
3112042,2,-128
3112042,3,-97
3112042,4,-94
3112042,5,-97
3112042,6,-128
3112042,7,-128
3132063,0,-128
3132063,1,-128
3132063,2,-128
3132063,3,-97
3132063,4,-96
3132063,5,-97
3132063,6,-128
3132063,7,-97
3152084,0,-128
3152084,1,-128
3152084,2,-128
3152084,3,-128
3152084,4,-96
3152084,5,-94
3152084,6,-128
3152084,7,-97
3172105,0,-128
3172105,1,-128
3172105,2,-128
3172105,3,-97
3172105,4,-128
3172105,5,-91
3172105,6,-128
3172105,7,-128
3192126,0,-128
3192126,1,-128
3192126,2,-97
3192126,3,-128
3192126,4,-97
3192126,5,-97
3192126,6,-128
3192126,7,-128
234
3212181,0,-128
3212181,1,-128
3212181,2,-97
3212181,3,-97
3212181,4,-96
3212181,5,-97
3212181,6,-128
3212181,7,-97
3232202,0,-128
3232202,1,-128
3232202,2,-95
3232202,3,-128
3232202,4,-96
3232202,5,-97
3232202,6,-128
3232202,7,-128
3252223,0,-128
3252223,1,-128
3252223,2,-94
3252223,3,-97
3252223,4,-92
3252223,5,-128
3252223,6,-128
3252223,7,-128
3272245,0,-128
3272245,1,-93
3272245,2,-97
3272245,3,-97
3272245,4,-90
3272245,5,-128
3272245,6,-128
3272245,7,-128
3292266,0,-128
3292266,1,-95
3292266,2,-97
3292266,3,-128
3292266,4,-93
3292266,5,-97
3292266,6,-128
3292266,7,-97
3312287,0,-128
3312287,1,-88
3312287,2,-97
3312287,3,-128
3312287,4,-93
3312287,5,-97
3312287,6,-128
3312287,7,-82
3332308,0,-128
3332308,1,-128
3332308,2,-97
3332308,3,-97
3332308,4,-93
3332308,5,-82
3332308,6,-128
3332308,7,-96
3352329,0,-128
3352329,1,-128
3352329,2,-97
3352329,3,-97
3352329,4,-95
3352329,5,-91
3352329,6,-128
3352329,7,-128
3372350,0,-128
3372350,1,-96
3372350,2,-97
3372350,3,-128
3372350,4,-97
3372350,5,-83
3372350,6,-128
3372350,7,-97
3392371,0,-128
3392371,1,-97
3392371,2,-97
3392371,3,-128
3392371,4,-97
3392371,5,-87
3392371,6,-128
3392371,7,-97
233
3412426,0,-128
3412426,1,-128
3412426,2,-97
3412426,3,-128
3412426,4,-96
3412426,5,-81
3412426,6,-128
3412426,7,-128
3432447,0,-128
3432447,1,-128
3432447,2,-96
3432447,3,-97
3432447,4,-90
3432447,5,-81
3432447,6,-128
3432447,7,-128
3452468,0,-128
3452468,1,-128
3452468,2,-97
3452468,3,-97
3452468,4,-88
3452468,5,-92
3452468,6,-97
3452468,7,-97
3472489,0,-128
3472489,1,-128
3472489,2,-97
3472489,3,-128
3472489,4,-87
3472489,5,-96
3472489,6,-97
3472489,7,-97
3492510,0,-128
3492510,1,-128
3492510,2,-97
3492510,3,-128
3492510,4,-97
3492510,5,-80
3492510,6,-97
3492510,7,-97
3512531,0,-128
3512531,1,-128
3512531,2,-90
3512531,3,-128
3512531,4,-97
3512531,5,-90
3512531,6,-97
3512531,7,-97
3532552,0,-128
3532552,1,-128
3532552,2,-97
3532552,3,-128
3532552,4,-96
3532552,5,-93
3532552,6,-97
3532552,7,-95
3552573,0,-128
3552573,1,-128
3552573,2,-92
3552573,3,-97
3552573,4,-84
3552573,5,-96
3552573,6,-97
3552573,7,-97
3572594,0,-128
3572594,1,-128
3572594,2,-96
3572594,3,-97
3572594,4,-86
3572594,5,-128
3572594,6,-128
3572594,7,-128
3592615,0,-128
3592615,1,-128
3592615,2,-96
3592615,3,-97
3592615,4,-95
3592615,5,-89
3592615,6,-95
3592615,7,-128
232
3612670,0,-128
3612670,1,-128
3612670,2,-97
3612670,3,-97
3612670,4,-128
3612670,5,-83
3612670,6,-128
3612670,7,-95
3632691,0,-128
3632691,1,-128
3632691,2,-97
3632691,3,-96
3632691,4,-95
3632691,5,-79
3632691,6,-128
3632691,7,-94
3652712,0,-128
3652712,1,-128
3652712,2,-97
3652712,3,-96
3652712,4,-128
3652712,5,-84
3652712,6,-128
3652712,7,-97
3672733,0,-128
3672733,1,-128
3672733,2,-97
3672733,3,-97
3672733,4,-128
3672733,5,-93
3672733,6,-128
3672733,7,-128
3692754,0,-128
3692754,1,-128
3692754,2,-97
3692754,3,-96
3692754,4,-97
3692754,5,-92
3692754,6,-128
3692754,7,-92
3712775,0,-128
3712775,1,-97
3712775,2,-128
3712775,3,-97
3712775,4,-97
3712775,5,-92
3712775,6,-128
3712775,7,-97
3732796,0,-128
3732796,1,-97
3732796,2,-97
3732796,3,-95
3732796,4,-97
3732796,5,-96
3732796,6,-128
3732796,7,-96
3752817,0,-128
3752817,1,-97
3752817,2,-97
3752817,3,-128
3752817,4,-128
3752817,5,-96
3752817,6,-128
3752817,7,-96
3772838,0,-128
3772838,1,-88
3772838,2,-97
3772838,3,-97
3772838,4,-128
3772838,5,-97
3772838,6,-128
3772838,7,-128
3792859,0,-128
3792859,1,-93
3792859,2,-128
3792859,3,-97
3792859,4,-128
3792859,5,-95
3792859,6,-128
3792859,7,-96
231
3812914,0,-128
3812914,1,-95
3812914,2,-128
3812914,3,-97
3812914,4,-93
3812914,5,-95
3812914,6,-128
3812914,7,-97
3832936,0,-128
3832936,1,-128
3832936,2,-97
3832936,3,-97
3832936,4,-97
3832936,5,-95
3832936,6,-128
3832936,7,-95
3852957,0,-128
3852957,1,-128
3852957,2,-128
3852957,3,-97
3852957,4,-97
3852957,5,-97
3852957,6,-128
3852957,7,-97
3872978,0,-128
3872978,1,-128
3872978,2,-128
3872978,3,-97
3872978,4,-97
3872978,5,-93
3872978,6,-128
3872978,7,-94
3892999,0,-128
3892999,1,-128
3892999,2,-97
3892999,3,-97
3892999,4,-95
3892999,5,-91
3892999,6,-128
3892999,7,-128
3913020,0,-128
3913020,1,-128
3913020,2,-97
3913020,3,-97
3913020,4,-95
3913020,5,-90
3913020,6,-128
3913020,7,-97
3933041,0,-128
3933041,1,-128
3933041,2,-97
3933041,3,-97
3933041,4,-92
3933041,5,-95
3933041,6,-128
3933041,7,-97
3953062,0,-128
3953062,1,-128
3953062,2,-97
3953062,3,-97
3953062,4,-91
3953062,5,-97
3953062,6,-128
3953062,7,-128
3973083,0,-128
3973083,1,-128
3973083,2,-97
3973083,3,-97
3973083,4,-94
3973083,5,-96
3973083,6,-128
3973083,7,-94
3993104,0,-128
3993104,1,-128
3993104,2,-97
3993104,3,-128
3993104,4,-95
3993104,5,-96
3993104,6,-128
3993104,7,-92
230
4013159,0,-128
4013159,1,-128
4013159,2,-97
4013159,3,-96
4013159,4,-92
4013159,5,-96
4013159,6,-128
4013159,7,-97
4033180,0,-128
4033180,1,-128
4033180,2,-128
4033180,3,-97
4033180,4,-92
4033180,5,-97
4033180,6,-128
4033180,7,-97
4053201,0,-128
4053201,1,-128
4053201,2,-97
4053201,3,-128
4053201,4,-92
4053201,5,-95
4053201,6,-128
4053201,7,-97
4073222,0,-128
4073222,1,-128
4073222,2,-128
4073222,3,-128
4073222,4,-128
4073222,5,-96
4073222,6,-128
4073222,7,-128
4093243,0,-128
4093243,1,-128
4093243,2,-97
4093243,3,-97
4093243,4,-97
4093243,5,-97
4093243,6,-128
4093243,7,-128
4113264,0,-128
4113264,1,-128
4113264,2,-97
4113264,3,-128
4113264,4,-97
4113264,5,-89
4113264,6,-128
4113264,7,-128
4133285,0,-128
4133285,1,-128
4133285,2,-97
4133285,3,-128
4133285,4,-97
4133285,5,-90
4133285,6,-128
4133285,7,-128
4153306,0,-128
4153306,1,-128
4153306,2,-97
4153306,3,-128
4153306,4,-96
4153306,5,-91
4153306,6,-128
4153306,7,-128
4173327,0,-128
4173327,1,-128
4173327,2,-96
4173327,3,-128
4173327,4,-94
4173327,5,-88
4173327,6,-128
4173327,7,-128
4193348,0,-128
4193348,1,-128
4193348,2,-97
4193348,3,-97
4193348,4,-96
4193348,5,-89
4193348,6,-128
4193348,7,-97
229
4213402,0,-128
4213402,1,-128
4213402,2,-96
4213402,3,-97
4213402,4,-91
4213402,5,-93
4213402,6,-128
4213402,7,-97
4233423,0,-128
4233423,1,-128
4233423,2,-97
4233423,3,-128
4233423,4,-94
4233423,5,-88
4233423,6,-128
4233423,7,-97
4253444,0,-128
4253444,1,-128
4253444,2,-128
4253444,3,-128
4253444,4,-90
4253444,5,-93
4253444,6,-128
4253444,7,-97
4273465,0,-128
4273465,1,-128
4273465,2,-97
4273465,3,-128
4273465,4,-89
4273465,5,-94
4273465,6,-128
4273465,7,-97
4293486,0,-128
4293486,1,-128
4293486,2,-128
4293486,3,-128
4293486,4,-93
4293486,5,-91
4293486,6,-128
4293486,7,-92
4313507,0,-128
4313507,1,-85
4313507,2,-128
4313507,3,-128
4313507,4,-94
4313507,5,-91
4313507,6,-128
4313507,7,-94
4333528,0,-128
4333528,1,-97
4333528,2,-97
4333528,3,-128
4333528,4,-92
4333528,5,-78
4333528,6,-128
4333528,7,-95
4353549,0,-128
4353549,1,-128
4353549,2,-97
4353549,3,-97
4353549,4,-87
4353549,5,-87
4353549,6,-128
4353549,7,-97
4373570,0,-128
4373570,1,-128
4373570,2,-97
4373570,3,-97
4373570,4,-90
4373570,5,-89
4373570,6,-128
4373570,7,-128
4393591,0,-128
4393591,1,-128
4393591,2,-97
4393591,3,-128
4393591,4,-93
4393591,5,-88
4393591,6,-97
4393591,7,-128
228
4413646,0,-128
4413646,1,-128
4413646,2,-97
4413646,3,-128
4413646,4,-94
4413646,5,-92
4413646,6,-97
4413646,7,-128
4433667,0,-128
4433667,1,-97
4433667,2,-97
4433667,3,-128
4433667,4,-90
4433667,5,-94
4433667,6,-128
4433667,7,-128
4453688,0,-128
4453688,1,-89
4453688,2,-97
4453688,3,-97
4453688,4,-91
4453688,5,-92
4453688,6,-97
4453688,7,-94
4473709,0,-128
4473709,1,-128
4473709,2,-128
4473709,3,-128
4473709,4,-93
4473709,5,-87
4473709,6,-128
4473709,7,-87
4493730,0,-128
4493730,1,-128
4493730,2,-128
4493730,3,-128
4493730,4,-92
4493730,5,-97
4493730,6,-96
4493730,7,-94
4513751,0,-128
4513751,1,-128
4513751,2,-128
4513751,3,-128
4513751,4,-92
4513751,5,-97
4513751,6,-97
4513751,7,-96
4533772,0,-128
4533772,1,-128
4533772,2,-128
4533772,3,-128
4533772,4,-96
4533772,5,-96
4533772,6,-96
4533772,7,-97
4553793,0,-128
4553793,1,-128
4553793,2,-128
4553793,3,-128
4553793,4,-94
4553793,5,-97
4553793,6,-97
4553793,7,-97
4573814,0,-128
4573814,1,-128
4573814,2,-128
4573814,3,-128
4573814,4,-92
4573814,5,-96
4573814,6,-96
4573814,7,-97
4593835,0,-128
4593835,1,-128
4593835,2,-128
4593835,3,-97
4593835,4,-128
4593835,5,-92
4593835,6,-97
4593835,7,-97
227
4608000,0,-128
4608000,1,-128
4608000,2,-97
4608000,3,-128
4608000,4,-95
4608000,5,-93
4608000,6,-128
4608000,7,-128
4628021,0,-128
4628021,1,-128
4628021,2,-128
4628021,3,-128
4628021,4,-97
4628021,5,-88
4628021,6,-128
4628021,7,-97
4648042,0,-128
4648042,1,-128
4648042,2,-97
4648042,3,-128
4648042,4,-128
4648042,5,-93
4648042,6,-95
4648042,7,-97
4668063,0,-128
4668063,1,-128
4668063,2,-97
4668063,3,-128
4668063,4,-128
4668063,5,-94
4668063,6,-76
4668063,7,-97
4688084,0,-128
4688084,1,-95
4688084,2,-128
4688084,3,-97
4688084,4,-128
4688084,5,-96
4688084,6,-90
4688084,7,-128
4708105,0,-128
4708105,1,-128
4708105,2,-97
4708105,3,-97
4708105,4,-128
4708105,5,-93
4708105,6,-93
4708105,7,-128
4728126,0,-128
4728126,1,-128
4728126,2,-128
4728126,3,-128
4728126,4,-128
4728126,5,-96
4728126,6,-89
4728126,7,-97
4748147,0,-128
4748147,1,-128
4748147,2,-128
4748147,3,-97
4748147,4,-128
4748147,5,-96
4748147,6,-128
4748147,7,-128
4768168,0,-128
4768168,1,-128
4768168,2,-128
4768168,3,-96
4768168,4,-128
4768168,5,-95
4768168,6,-93
4768168,7,-97
4788189,0,-128
4788189,1,-128
4788189,2,-97
4788189,3,-128
4788189,4,-128
4788189,5,-97
4788189,6,-77
4788189,7,-128
226
4808244,0,-128
4808244,1,-96
4808244,2,-128
4808244,3,-128
4808244,4,-128
4808244,5,-84
4808244,6,-80
4808244,7,-97
4828265,0,-128
4828265,1,-128
4828265,2,-128
4828265,3,-128
4828265,4,-128
4828265,5,-83
4828265,6,-82
4828265,7,-128
4848286,0,-128
4848286,1,-128
4848286,2,-128
4848286,3,-128
4848286,4,-128
4848286,5,-90
4848286,6,-79
4848286,7,-128
4868307,0,-128
4868307,1,-97
4868307,2,-128
4868307,3,-128
4868307,4,-128
4868307,5,-87
4868307,6,-82
4868307,7,-128
4888328,0,-128
4888328,1,-128
4888328,2,-128
4888328,3,-128
4888328,4,-128
4888328,5,-90
4888328,6,-97
4888328,7,-97
4908349,0,-128
4908349,1,-97
4908349,2,-128
4908349,3,-128
4908349,4,-128
4908349,5,-96
4908349,6,-96
4908349,7,-128
4928370,0,-128
4928370,1,-97
4928370,2,-97
4928370,3,-128
4928370,4,-128
4928370,5,-97
4928370,6,-92
4928370,7,-128
4948391,0,-128
4948391,1,-97
4948391,2,-128
4948391,3,-128
4948391,4,-128
4948391,5,-74
4948391,6,-84
4948391,7,-128
4968412,0,-128
4968412,1,-97
4968412,2,-128
4968412,3,-128
4968412,4,-128
4968412,5,-89
4968412,6,-97
4968412,7,-128
4988433,0,-128
4988433,1,-97
4988433,2,-97
4988433,3,-128
4988433,4,-128
4988433,5,-83
4988433,6,-96
4988433,7,-88
225
5008488,0,-128
5008488,1,-97
5008488,2,-128
5008488,3,-128
5008488,4,-128
5008488,5,-84
5008488,6,-90
5008488,7,-128
5028509,0,-128
5028509,1,-97
5028509,2,-128
5028509,3,-128
5028509,4,-89
5028509,5,-91
5028509,6,-90
5028509,7,-97
5048530,0,-128
5048530,1,-97
5048530,2,-128
5048530,3,-128
5048530,4,-96
5048530,5,-89
5048530,6,-97
5048530,7,-128
5068551,0,-128
5068551,1,-95
5068551,2,-128
5068551,3,-128
5068551,4,-86
5068551,5,-84
5068551,6,-97
5068551,7,-128
5088572,0,-128
5088572,1,-97
5088572,2,-128
5088572,3,-97
5088572,4,-128
5088572,5,-94
5088572,6,-91
5088572,7,-128
5108593,0,-128
5108593,1,-95
5108593,2,-97
5108593,3,-96
5108593,4,-128
5108593,5,-97
5108593,6,-78
5108593,7,-128
5120000,0,-128
5120000,1,-95
5120000,2,-128
5120000,3,-97
5120000,4,-128
5120000,5,-95
5120000,6,-78
5120000,7,-128
5140021,0,-128
5140021,1,-97
5140021,2,-128
5140021,3,-97
5140021,4,-128
5140021,5,-128
5140021,6,-80
5140021,7,-128
5160042,0,-128
5160042,1,-97
5160042,2,-97
5160042,3,-97
5160042,4,-128
5160042,5,-95
5160042,6,-88
5160042,7,-128
5180063,0,-128
5180063,1,-97
5180063,2,-128
5180063,3,-97
5180063,4,-128
5180063,5,-96
5180063,6,-95
5180063,7,-128
224
5200117,0,-128
5200117,1,-97
5200117,2,-128
5200117,3,-96
5200117,4,-128
5200117,5,-96
5200117,6,-96
5200117,7,-97
5220138,0,-128
5220138,1,-94
5220138,2,-128
5220138,3,-97
5220138,4,-128
5220138,5,-128
5220138,6,-96
5220138,7,-128
5240159,0,-128
5240159,1,-128
5240159,2,-128
5240159,3,-95
5240159,4,-128
5240159,5,-128
5240159,6,-78
5240159,7,-97
5260180,0,-128
5260180,1,-128
5260180,2,-128
5260180,3,-128
5260180,4,-128
5260180,5,-128
5260180,6,-94
5260180,7,-128
5280201,0,-128
5280201,1,-128
5280201,2,-128
5280201,3,-128
5280201,4,-128
5280201,5,-128
5280201,6,-82
5280201,7,-97
5300222,0,-128
5300222,1,-128
5300222,2,-128
5300222,3,-128
5300222,4,-128
5300222,5,-128
5300222,6,-97
5300222,7,-128
5320243,0,-128
5320243,1,-128
5320243,2,-128
5320243,3,-128
5320243,4,-128
5320243,5,-128
5320243,6,-96
5320243,7,-128
5340264,0,-128
5340264,1,-128
5340264,2,-128
5340264,3,-97
5340264,4,-128
5340264,5,-95
5340264,6,-85
5340264,7,-97
5360285,0,-128
5360285,1,-128
5360285,2,-128
5360285,3,-97
5360285,4,-128
5360285,5,-96
5360285,6,-97
5360285,7,-97
5380306,0,-128
5380306,1,-97
5380306,2,-128
5380306,3,-97
5380306,4,-128
5380306,5,-97
5380306,6,-83
5380306,7,-128
223
5400361,0,-128
5400361,1,-96
5400361,2,-128
5400361,3,-97
5400361,4,-128
5400361,5,-97
5400361,6,-84
5400361,7,-97
5420382,0,-128
5420382,1,-97
5420382,2,-128
5420382,3,-97
5420382,4,-128
5420382,5,-128
5420382,6,-88
5420382,7,-128
5440403,0,-128
5440403,1,-97
5440403,2,-128
5440403,3,-128
5440403,4,-128
5440403,5,-90
5440403,6,-85
5440403,7,-128
5460424,0,-128
5460424,1,-96
5460424,2,-128
5460424,3,-128
5460424,4,-128
5460424,5,-128
5460424,6,-92
5460424,7,-93
5480445,0,-128
5480445,1,-97
5480445,2,-97
5480445,3,-128
5480445,4,-128
5480445,5,-128
5480445,6,-87
5480445,7,-128
5500466,0,-128
5500466,1,-128
5500466,2,-97
5500466,3,-128
5500466,4,-128
5500466,5,-128
5500466,6,-88
5500466,7,-97
5520487,0,-128
5520487,1,-97
5520487,2,-97
5520487,3,-128
5520487,4,-128
5520487,5,-128
5520487,6,-97
5520487,7,-96
5540508,0,-128
5540508,1,-128
5540508,2,-128
5540508,3,-128
5540508,4,-128
5540508,5,-128
5540508,6,-97
5540508,7,-128
5560529,0,-128
5560529,1,-128
5560529,2,-128
5560529,3,-128
5560529,4,-128
5560529,5,-94
5560529,6,-97
5560529,7,-128
5580550,0,-128
5580550,1,-128
5580550,2,-128
5580550,3,-128
5580550,4,-128
5580550,5,-128
5580550,6,-97
5580550,7,-128
222
5600604,0,-128
5600604,1,-128
5600604,2,-128
5600604,3,-128
5600604,4,-128
5600604,5,-97
5600604,6,-97
5600604,7,-95
5620625,0,-128
5620625,1,-97
5620625,2,-97
5620625,3,-128
5620625,4,-128
5620625,5,-128
5620625,6,-97
5620625,7,-128
5632000,0,-128
5632000,1,-128
5632000,2,-128
5632000,3,-128
5632000,4,-128
5632000,5,-128
5632000,6,-94
5632000,7,-128
5652021,0,-128
5652021,1,-128
5652021,2,-128
5652021,3,-128
5652021,4,-128
5652021,5,-128
5652021,6,-93
5652021,7,-97
5672042,0,-128
5672042,1,-97
5672042,2,-128
5672042,3,-128
5672042,4,-128
5672042,5,-128
5672042,6,-97
5672042,7,-128
5692063,0,-128
5692063,1,-128
5692063,2,-128
5692063,3,-128
5692063,4,-128
5692063,5,-128
5692063,6,-94
5692063,7,-97
5712084,0,-128
5712084,1,-97
5712084,2,-128
5712084,3,-128
5712084,4,-128
5712084,5,-128
5712084,6,-90
5712084,7,-128
5732105,0,-128
5732105,1,-97
5732105,2,-128
5732105,3,-128
5732105,4,-128
5732105,5,-128
5732105,6,-97
5732105,7,-128
5752126,0,-128
5752126,1,-97
5752126,2,-128
5752126,3,-128
5752126,4,-128
5752126,5,-128
5752126,6,-95
5752126,7,-128
5772147,0,-128
5772147,1,-97
5772147,2,-128
5772147,3,-128
5772147,4,-128
5772147,5,-128
5772147,6,-90
5772147,7,-128
221
5792202,0,-128
5792202,1,-97
5792202,2,-128
5792202,3,-128
5792202,4,-128
5792202,5,-128
5792202,6,-97
5792202,7,-128
5812223,0,-128
5812223,1,-97
5812223,2,-97
5812223,3,-128
5812223,4,-128
5812223,5,-128
5812223,6,-97
5812223,7,-128
5832244,0,-128
5832244,1,-97
5832244,2,-128
5832244,3,-128
5832244,4,-128
5832244,5,-128
5832244,6,-97
5832244,7,-128
5852265,0,-128
5852265,1,-97
5852265,2,-128
5852265,3,-128
5852265,4,-128
5852265,5,-128
5852265,6,-97
5852265,7,-128
5872286,0,-128
5872286,1,-97
5872286,2,-128
5872286,3,-128
5872286,4,-128
5872286,5,-128
5872286,6,-128
5872286,7,-128
5892307,0,-128
5892307,1,-97
5892307,2,-128
5892307,3,-128
5892307,4,-128
5892307,5,-128
5892307,6,-128
5892307,7,-128
5912328,0,-128
5912328,1,-97
5912328,2,-128
5912328,3,-128
5912328,4,-128
5912328,5,-128
5912328,6,-128
5912328,7,-128
5932349,0,-128
5932349,1,-128
5932349,2,-128
5932349,3,-128
5932349,4,-128
5932349,5,-128
5932349,6,-128
5932349,7,-97
5952370,0,-128
5952370,1,-128
5952370,2,-128
5952370,3,-97
5952370,4,-128
5952370,5,-97
5952370,6,-128
5952370,7,-128
5972391,0,-128
5972391,1,-97
5972391,2,-128
5972391,3,-128
5972391,4,-128
5972391,5,-94
5972391,6,-128
5972391,7,-128
220
5992446,0,-128
5992446,1,-128
5992446,2,-128
5992446,3,-97
5992446,4,-128
5992446,5,-97
5992446,6,-128
5992446,7,-97
6012467,0,-128
6012467,1,-97
6012467,2,-128
6012467,3,-128
6012467,4,-128
6012467,5,-97
6012467,6,-128
6012467,7,-128
6032488,0,-128
6032488,1,-97
6032488,2,-97
6032488,3,-128
6032488,4,-97
6032488,5,-97
6032488,6,-128
6032488,7,-128
6052509,0,-128
6052509,1,-97
6052509,2,-97
6052509,3,-128
6052509,4,-128
6052509,5,-97
6052509,6,-128
6052509,7,-128
6072530,0,-128
6072530,1,-97
6072530,2,-97
6072530,3,-128
6072530,4,-128
6072530,5,-94
6072530,6,-128
6072530,7,-97
6092551,0,-128
6092551,1,-97
6092551,2,-128
6092551,3,-97
6092551,4,-128
6092551,5,-97
6092551,6,-128
6092551,7,-97
6112572,0,-128
6112572,1,-128
6112572,2,-128
6112572,3,-128
6112572,4,-128
6112572,5,-128
6112572,6,-128
6112572,7,-96
6132593,0,-128
6132593,1,-128
6132593,2,-128
6132593,3,-128
6132593,4,-128
6132593,5,-97
6132593,6,-128
6132593,7,-97
6152614,0,-128
6152614,1,-128
6152614,2,-97
6152614,3,-128
6152614,4,-128
6152614,5,-128
6152614,6,-128
6152614,7,-128
6172635,0,-128
6172635,1,-97
6172635,2,-128
6172635,3,-128
6172635,4,-128
6172635,5,-128
6172635,6,-128
6172635,7,-95
219
6192690,0,-128
6192690,1,-97
6192690,2,-128
6192690,3,-128
6192690,4,-97
6192690,5,-94
6192690,6,-128
6192690,7,-128
6212711,0,-128
6212711,1,-97
6212711,2,-128
6212711,3,-128
6212711,4,-128
6212711,5,-128
6212711,6,-128
6212711,7,-128
6232732,0,-128
6232732,1,-97
6232732,2,-97
6232732,3,-128
6232732,4,-128
6232732,5,-128
6232732,6,-128
6232732,7,-128
6252753,0,-128
6252753,1,-97
6252753,2,-128
6252753,3,-128
6252753,4,-94
6252753,5,-128
6252753,6,-128
6252753,7,-128
6272774,0,-128
6272774,1,-128
6272774,2,-128
6272774,3,-128
6272774,4,-128
6272774,5,-93
6272774,6,-128
6272774,7,-128
6292795,0,-128
6292795,1,-97
6292795,2,-128
6292795,3,-128
6292795,4,-128
6292795,5,-128
6292795,6,-128
6292795,7,-128
6312816,0,-128
6312816,1,-128
6312816,2,-97
6312816,3,-128
6312816,4,-97
6312816,5,-97
6312816,6,-128
6312816,7,-95
6332837,0,-128
6332837,1,-95
6332837,2,-97
6332837,3,-128
6332837,4,-128
6332837,5,-128
6332837,6,-128
6332837,7,-97
6352858,0,-128
6352858,1,-97
6352858,2,-97
6352858,3,-128
6352858,4,-128
6352858,5,-128
6352858,6,-128
6352858,7,-97
6372879,0,-128
6372879,1,-128
6372879,2,-128
6372879,3,-128
6372879,4,-97
6372879,5,-128
6372879,6,-128
6372879,7,-97
218
6392934,0,-128
6392934,1,-128
6392934,2,-97
6392934,3,-128
6392934,4,-97
6392934,5,-96
6392934,6,-97
6392934,7,-97
6412955,0,-128
6412955,1,-97
6412955,2,-128
6412955,3,-128
6412955,4,-97
6412955,5,-91
6412955,6,-128
6412955,7,-97
6432976,0,-128
6432976,1,-97
6432976,2,-97
6432976,3,-128
6432976,4,-128
6432976,5,-128
6432976,6,-128
6432976,7,-128
6452997,0,-128
6452997,1,-128
6452997,2,-97
6452997,3,-128
6452997,4,-128
6452997,5,-128
6452997,6,-128
6452997,7,-128
6473018,0,-128
6473018,1,-128
6473018,2,-128
6473018,3,-128
6473018,4,-128
6473018,5,-128
6473018,6,-128
6473018,7,-128
6493039,0,-128
6493039,1,-128
6493039,2,-128
6493039,3,-128
6493039,4,-128
6493039,5,-128
6493039,6,-128
6493039,7,-128
6513060,0,-128
6513060,1,-128
6513060,2,-128
6513060,3,-128
6513060,4,-128
6513060,5,-128
6513060,6,-128
6513060,7,-128
6533081,0,-128
6533081,1,-128
6533081,2,-97
6533081,3,-128
6533081,4,-128
6533081,5,-128
6533081,6,-128
6533081,7,-128
6553102,0,-128
6553102,1,-128
6553102,2,-128
6553102,3,-128
6553102,4,-128
6553102,5,-92
6553102,6,-128
6553102,7,-128
6573123,0,-128
6573123,1,-128
6573123,2,-97
6573123,3,-97
6573123,4,-128
6573123,5,-97
6573123,6,-128
6573123,7,-128
217
6593178,0,-128
6593178,1,-128
6593178,2,-128
6593178,3,-128
6593178,4,-128
6593178,5,-97
6593178,6,-97
6593178,7,-128
6613199,0,-128
6613199,1,-128
6613199,2,-128
6613199,3,-128
6613199,4,-128
6613199,5,-97
6613199,6,-128
6613199,7,-97
6633220,0,-128
6633220,1,-128
6633220,2,-128
6633220,3,-128
6633220,4,-128
6633220,5,-128
6633220,6,-128
6633220,7,-128
6653241,0,-128
6653241,1,-128
6653241,2,-128
6653241,3,-128
6653241,4,-128
6653241,5,-97
6653241,6,-97
6653241,7,-128
6673262,0,-128
6673262,1,-128
6673262,2,-128
6673262,3,-97
6673262,4,-128
6673262,5,-128
6673262,6,-128
6673262,7,-128
6693283,0,-128
6693283,1,-97
6693283,2,-128
6693283,3,-128
6693283,4,-128
6693283,5,-128
6693283,6,-128
6693283,7,-128
6713304,0,-128
6713304,1,-128
6713304,2,-128
6713304,3,-128
6713304,4,-97
6713304,5,-128
6713304,6,-128
6713304,7,-128
6733325,0,-128
6733325,1,-97
6733325,2,-128
6733325,3,-128
6733325,4,-128
6733325,5,-97
6733325,6,-128
6733325,7,-128
6753346,0,-128
6753346,1,-97
6753346,2,-128
6753346,3,-128
6753346,4,-128
6753346,5,-128
6753346,6,-128
6753346,7,-128
6773367,0,-128
6773367,1,-128
6773367,2,-97
6773367,3,-128
6773367,4,-128
6773367,5,-128
6773367,6,-128
6773367,7,-97
216
6793422,0,-128
6793422,1,-128
6793422,2,-97
6793422,3,-128
6793422,4,-128
6793422,5,-128
6793422,6,-128
6793422,7,-97
6813443,0,-128
6813443,1,-97
6813443,2,-128
6813443,3,-128
6813443,4,-128
6813443,5,-128
6813443,6,-128
6813443,7,-97
6833464,0,-128
6833464,1,-97
6833464,2,-128
6833464,3,-128
6833464,4,-128
6833464,5,-128
6833464,6,-128
6833464,7,-97
6853485,0,-128
6853485,1,-97
6853485,2,-128
6853485,3,-128
6853485,4,-128
6853485,5,-128
6853485,6,-128
6853485,7,-97
6873506,0,-128
6873506,1,-128
6873506,2,-128
6873506,3,-128
6873506,4,-128
6873506,5,-128
6873506,6,-128
6873506,7,-128
6893527,0,-128
6893527,1,-128
6893527,2,-128
6893527,3,-128
6893527,4,-128
6893527,5,-128
6893527,6,-128
6893527,7,-97
6913548,0,-128
6913548,1,-128
6913548,2,-128
6913548,3,-128
6913548,4,-128
6913548,5,-128
6913548,6,-128
6913548,7,-128
6933569,0,-128
6933569,1,-128
6933569,2,-128
6933569,3,-128
6933569,4,-128
6933569,5,-128
6933569,6,-128
6933569,7,-128
6953590,0,-128
6953590,1,-128
6953590,2,-128
6953590,3,-128
6953590,4,-128
6953590,5,-128
6953590,6,-128
6953590,7,-128
6973611,0,-128
6973611,1,-128
6973611,2,-128
6973611,3,-128
6973611,4,-128
6973611,5,-128
6973611,6,-128
6973611,7,-128
215
6993666,0,-128
6993666,1,-128
6993666,2,-128
6993666,3,-128
6993666,4,-128
6993666,5,-128
6993666,6,-128
6993666,7,-128
7013687,0,-128
7013687,1,-128
7013687,2,-128
7013687,3,-128
7013687,4,-128
7013687,5,-128
7013687,6,-128
7013687,7,-128
7033708,0,-128
7033708,1,-128
7033708,2,-128
7033708,3,-128
7033708,4,-128
7033708,5,-128
7033708,6,-128
7033708,7,-128
7053729,0,-128
7053729,1,-128
7053729,2,-128
7053729,3,-128
7053729,4,-128
7053729,5,-128
7053729,6,-128
7053729,7,-128
7073750,0,-128
7073750,1,-128
7073750,2,-128
7073750,3,-128
7073750,4,-128
7073750,5,-128
7073750,6,-128
7073750,7,-128
7093771,0,-128
7093771,1,-128
7093771,2,-128
7093771,3,-128
7093771,4,-128
7093771,5,-128
7093771,6,-128
7093771,7,-128
7113792,0,-128
7113792,1,-128
7113792,2,-128
7113792,3,-128
7113792,4,-128
7113792,5,-128
7113792,6,-128
7113792,7,-128
7133813,0,-128
7133813,1,-128
7133813,2,-128
7133813,3,-128
7133813,4,-128
7133813,5,-128
7133813,6,-128
7133813,7,-128
7153834,0,-128
7153834,1,-128
7153834,2,-128
7153834,3,-128
7153834,4,-128
7153834,5,-128
7153834,6,-128
7153834,7,-128
7173855,0,-128
7173855,1,-128
7173855,2,-128
7173855,3,-128
7173855,4,-128
7173855,5,-128
7173855,6,-128
7173855,7,-128
214
7193910,0,-128
7193910,1,-128
7193910,2,-128
7193910,3,-128
7193910,4,-128
7193910,5,-128
7193910,6,-128
7193910,7,-128
7213931,0,-128
7213931,1,-128
7213931,2,-128
7213931,3,-128
7213931,4,-128
7213931,5,-128
7213931,6,-128
7213931,7,-128
7233952,0,-128
7233952,1,-128
7233952,2,-128
7233952,3,-128
7233952,4,-128
7233952,5,-128
7233952,6,-128
7233952,7,-128
7253973,0,-128
7253973,1,-128
7253973,2,-128
7253973,3,-128
7253973,4,-128
7253973,5,-128
7253973,6,-128
7253973,7,-128
7273994,0,-128
7273994,1,-128
7273994,2,-128
7273994,3,-128
7273994,4,-128
7273994,5,-128
7273994,6,-128
7273994,7,-128
7294015,0,-128
7294015,1,-128
7294015,2,-128
7294015,3,-128
7294015,4,-128
7294015,5,-128
7294015,6,-128
7294015,7,-128
7314036,0,-128
7314036,1,-128
7314036,2,-128
7314036,3,-128
7314036,4,-128
7314036,5,-128
7314036,6,-128
7314036,7,-128
7334057,0,-128
7334057,1,-128
7334057,2,-128
7334057,3,-128
7334057,4,-128
7334057,5,-128
7334057,6,-128
7334057,7,-128
7354078,0,-128
7354078,1,-128
7354078,2,-128
7354078,3,-128
7354078,4,-128
7354078,5,-128
7354078,6,-128
7354078,7,-128
7374099,0,-128
7374099,1,-128
7374099,2,-128
7374099,3,-128
7374099,4,-128
7374099,5,-128
7374099,6,-128
7374099,7,-128
213
7394154,0,-128
7394154,1,-128
7394154,2,-128
7394154,3,-128
7394154,4,-128
7394154,5,-128
7394154,6,-128
7394154,7,-128
7414175,0,-128
7414175,1,-128
7414175,2,-128
7414175,3,-128
7414175,4,-128
7414175,5,-128
7414175,6,-128
7414175,7,-128
7434196,0,-128
7434196,1,-128
7434196,2,-128
7434196,3,-128
7434196,4,-128
7434196,5,-128
7434196,6,-128
7434196,7,-128
7454217,0,-128
7454217,1,-128
7454217,2,-128
7454217,3,-128
7454217,4,-128
7454217,5,-128
7454217,6,-128
7454217,7,-128
7474238,0,-128
7474238,1,-128
7474238,2,-128
7474238,3,-128
7474238,4,-128
7474238,5,-128
7474238,6,-128
7474238,7,-128
7494259,0,-128
7494259,1,-128
7494259,2,-128
7494259,3,-128
7494259,4,-128
7494259,5,-128
7494259,6,-128
7494259,7,-128
7514280,0,-128
7514280,1,-128
7514280,2,-128
7514280,3,-128
7514280,4,-128
7514280,5,-128
7514280,6,-128
7514280,7,-128
7534301,0,-128
7534301,1,-128
7534301,2,-128
7534301,3,-128
7534301,4,-128
7534301,5,-128
7534301,6,-128
7534301,7,-128
7554322,0,-128
7554322,1,-128
7554322,2,-128
7554322,3,-128
7554322,4,-128
7554322,5,-128
7554322,6,-128
7554322,7,-128
7574343,0,-128
7574343,1,-128
7574343,2,-128
7574343,3,-128
7574343,4,-128
7574343,5,-128
7574343,6,-128
7574343,7,-128
212
7594398,0,-128
7594398,1,-128
7594398,2,-128
7594398,3,-128
7594398,4,-128
7594398,5,-128
7594398,6,-128
7594398,7,-128
7614419,0,-128
7614419,1,-128
7614419,2,-128
7614419,3,-128
7614419,4,-128
7614419,5,-128
7614419,6,-128
7614419,7,-128
7634440,0,-128
7634440,1,-128
7634440,2,-128
7634440,3,-128
7634440,4,-128
7634440,5,-128
7634440,6,-128
7634440,7,-128
7654461,0,-128
7654461,1,-128
7654461,2,-128
7654461,3,-128
7654461,4,-128
7654461,5,-128
7654461,6,-128
7654461,7,-128
7674482,0,-128
7674482,1,-128
7674482,2,-128
7674482,3,-128
7674482,4,-128
7674482,5,-128
7674482,6,-128
7674482,7,-128
7694503,0,-128
7694503,1,-128
7694503,2,-128
7694503,3,-97
7694503,4,-128
7694503,5,-128
7694503,6,-128
7694503,7,-128
7714524,0,-128
7714524,1,-128
7714524,2,-128
7714524,3,-128
7714524,4,-128
7714524,5,-128
7714524,6,-128
7714524,7,-128
7734545,0,-128
7734545,1,-128
7734545,2,-128
7734545,3,-128
7734545,4,-128
7734545,5,-128
7734545,6,-128
7734545,7,-128
7754566,0,-128
7754566,1,-128
7754566,2,-128
7754566,3,-128
7754566,4,-128
7754566,5,-128
7754566,6,-128
7754566,7,-128
7774587,0,-128
7774587,1,-128
7774587,2,-128
7774587,3,-128
7774587,4,-128
7774587,5,-128
7774587,6,-128
7774587,7,-128
211
7794642,0,-128
7794642,1,-128
7794642,2,-128
7794642,3,-128
7794642,4,-128
7794642,5,-128
7794642,6,-128
7794642,7,-128
7814663,0,-128
7814663,1,-128
7814663,2,-128
7814663,3,-128
7814663,4,-128
7814663,5,-128
7814663,6,-128
7814663,7,-128
7834684,0,-128
7834684,1,-128
7834684,2,-128
7834684,3,-128
7834684,4,-128
7834684,5,-128
7834684,6,-128
7834684,7,-128
7854705,0,-128
7854705,1,-128
7854705,2,-128
7854705,3,-128
7854705,4,-128
7854705,5,-128
7854705,6,-128
7854705,7,-128
7874726,0,-128
7874726,1,-128
7874726,2,-128
7874726,3,-128
7874726,4,-128
7874726,5,-128
7874726,6,-128
7874726,7,-128
7894747,0,-128
7894747,1,-128
7894747,2,-128
7894747,3,-128
7894747,4,-128
7894747,5,-128
7894747,6,-128
7894747,7,-128
7914768,0,-128
7914768,1,-128
7914768,2,-128
7914768,3,-128
7914768,4,-128
7914768,5,-128
7914768,6,-128
7914768,7,-128
7934789,0,-128
7934789,1,-128
7934789,2,-128
7934789,3,-128
7934789,4,-128
7934789,5,-128
7934789,6,-128
7934789,7,-128
7954810,0,-128
7954810,1,-128
7954810,2,-128
7954810,3,-128
7954810,4,-128
7954810,5,-128
7954810,6,-128
7954810,7,-128
7974831,0,-128
7974831,1,-128
7974831,2,-128
7974831,3,-128
7974831,4,-128
7974831,5,-128
7974831,6,-128
7974831,7,-128
210
7994885,0,-128
7994885,1,-128
7994885,2,-128
7994885,3,-128
7994885,4,-128
7994885,5,-128
7994885,6,-128
7994885,7,-128
8014906,0,-128
8014906,1,-128
8014906,2,-128
8014906,3,-128
8014906,4,-128
8014906,5,-128
8014906,6,-128
8014906,7,-128
8034927,0,-128
8034927,1,-128
8034927,2,-128
8034927,3,-128
8034927,4,-128
8034927,5,-128
8034927,6,-128
8034927,7,-128
8054948,0,-128
8054948,1,-128
8054948,2,-128
8054948,3,-128
8054948,4,-128
8054948,5,-128
8054948,6,-128
8054948,7,-128
8074969,0,-128
8074969,1,-128
8074969,2,-128
8074969,3,-128
8074969,4,-128
8074969,5,-128
8074969,6,-128
8074969,7,-128
8094990,0,-128
8094990,1,-128
8094990,2,-128
8094990,3,-128
8094990,4,-128
8094990,5,-128
8094990,6,-128
8094990,7,-128
8115011,0,-128
8115011,1,-128
8115011,2,-128
8115011,3,-128
8115011,4,-128
8115011,5,-128
8115011,6,-128
8115011,7,-128
8135032,0,-128
8135032,1,-128
8135032,2,-128
8135032,3,-128
8135032,4,-128
8135032,5,-128
8135032,6,-128
8135032,7,-128
8155053,0,-128
8155053,1,-128
8155053,2,-128
8155053,3,-128
8155053,4,-128
8155053,5,-128
8155053,6,-128
8155053,7,-128
8175074,0,-128
8175074,1,-128
8175074,2,-128
8175074,3,-128
8175074,4,-128
8175074,5,-128
8175074,6,-128
8175074,7,-128
209
8192000,0,-128
8192000,1,-128
8192000,2,-128
8192000,3,-128
8192000,4,-128
8192000,5,-128
8192000,6,-128
8192000,7,-128
8212021,0,-128
8212021,1,-128
8212021,2,-128
8212021,3,-128
8212021,4,-128
8212021,5,-128
8212021,6,-97
8212021,7,-128
8232042,0,-128
8232042,1,-128
8232042,2,-128
8232042,3,-128
8232042,4,-128
8232042,5,-128
8232042,6,-128
8232042,7,-128
8252063,0,-128
8252063,1,-128
8252063,2,-128
8252063,3,-128
8252063,4,-128
8252063,5,-128
8252063,6,-128
8252063,7,-128
8272084,0,-128
8272084,1,-128
8272084,2,-128
8272084,3,-128
8272084,4,-128
8272084,5,-128
8272084,6,-128
8272084,7,-128
8292105,0,-128
8292105,1,-128
8292105,2,-128
8292105,3,-128
8292105,4,-128
8292105,5,-128
8292105,6,-128
8292105,7,-128
8312126,0,-128
8312126,1,-128
8312126,2,-128
8312126,3,-128
8312126,4,-128
8312126,5,-128
8312126,6,-128
8312126,7,-128
8332147,0,-128
8332147,1,-128
8332147,2,-128
8332147,3,-128
8332147,4,-128
8332147,5,-128
8332147,6,-128
8332147,7,-128
8352168,0,-128
8352168,1,-128
8352168,2,-128
8352168,3,-128
8352168,4,-128
8352168,5,-128
8352168,6,-128
8352168,7,-128
8372189,0,-128
8372189,1,-128
8372189,2,-128
8372189,3,-128
8372189,4,-128
8372189,5,-128
8372189,6,-128
8372189,7,-128
208
8392243,0,-128
8392243,1,-128
8392243,2,-128
8392243,3,-128
8392243,4,-128
8392243,5,-128
8392243,6,-128
8392243,7,-128
8412264,0,-128
8412264,1,-128
8412264,2,-128
8412264,3,-128
8412264,4,-128
8412264,5,-128
8412264,6,-128
8412264,7,-128
8432285,0,-128
8432285,1,-128
8432285,2,-128
8432285,3,-128
8432285,4,-128
8432285,5,-128
8432285,6,-128
8432285,7,-128
8452306,0,-128
8452306,1,-128
8452306,2,-128
8452306,3,-128
8452306,4,-128
8452306,5,-128
8452306,6,-128
8452306,7,-128
8472327,0,-128
8472327,1,-128
8472327,2,-128
8472327,3,-128
8472327,4,-128
8472327,5,-128
8472327,6,-128
8472327,7,-128
8492348,0,-128
8492348,1,-128
8492348,2,-128
8492348,3,-128
8492348,4,-128
8492348,5,-128
8492348,6,-128
8492348,7,-128
8512369,0,-128
8512369,1,-128
8512369,2,-128
8512369,3,-128
8512369,4,-128
8512369,5,-128
8512369,6,-128
8512369,7,-128
8532390,0,-128
8532390,1,-128
8532390,2,-128
8532390,3,-128
8532390,4,-128
8532390,5,-128
8532390,6,-128
8532390,7,-128
8552411,0,-128
8552411,1,-128
8552411,2,-128
8552411,3,-128
8552411,4,-128
8552411,5,-128
8552411,6,-128
8552411,7,-128
8572432,0,-128
8572432,1,-128
8572432,2,-128
8572432,3,-128
8572432,4,-128
8572432,5,-128
8572432,6,-128
8572432,7,-128
207
8592487,0,-128
8592487,1,-128
8592487,2,-128
8592487,3,-128
8592487,4,-128
8592487,5,-128
8592487,6,-128
8592487,7,-128
8612508,0,-128
8612508,1,-128
8612508,2,-128
8612508,3,-128
8612508,4,-128
8612508,5,-128
8612508,6,-128
8612508,7,-128
8632529,0,-128
8632529,1,-128
8632529,2,-128
8632529,3,-128
8632529,4,-128
8632529,5,-128
8632529,6,-128
8632529,7,-128
8652550,0,-128
8652550,1,-128
8652550,2,-128
8652550,3,-128
8652550,4,-128
8652550,5,-128
8652550,6,-128
8652550,7,-128
8672571,0,-128
8672571,1,-128
8672571,2,-128
8672571,3,-128
8672571,4,-128
8672571,5,-128
8672571,6,-128
8672571,7,-128
8692592,0,-128
8692592,1,-128
8692592,2,-128
8692592,3,-128
8692592,4,-128
8692592,5,-128
8692592,6,-128
8692592,7,-128
8712613,0,-128
8712613,1,-128
8712613,2,-128
8712613,3,-128
8712613,4,-128
8712613,5,-128
8712613,6,-128
8712613,7,-128
8732634,0,-128
8732634,1,-128
8732634,2,-128
8732634,3,-128
8732634,4,-128
8732634,5,-128
8732634,6,-128
8732634,7,-128
8752655,0,-128
8752655,1,-128
8752655,2,-128
8752655,3,-128
8752655,4,-128
8752655,5,-128
8752655,6,-128
8752655,7,-128
8772676,0,-128
8772676,1,-128
8772676,2,-128
8772676,3,-128
8772676,4,-128
8772676,5,-128
8772676,6,-128
8772676,7,-128
206
8792731,0,-128
8792731,1,-128
8792731,2,-128
8792731,3,-128
8792731,4,-128
8792731,5,-128
8792731,6,-128
8792731,7,-128
8812752,0,-128
8812752,1,-128
8812752,2,-128
8812752,3,-128
8812752,4,-128
8812752,5,-128
8812752,6,-128
8812752,7,-128
8832773,0,-128
8832773,1,-128
8832773,2,-128
8832773,3,-128
8832773,4,-128
8832773,5,-128
8832773,6,-128
8832773,7,-128
8852794,0,-128
8852794,1,-128
8852794,2,-128
8852794,3,-128
8852794,4,-128
8852794,5,-128
8852794,6,-128
8852794,7,-128
8872815,0,-128
8872815,1,-97
8872815,2,-128
8872815,3,-128
8872815,4,-128
8872815,5,-128
8872815,6,-128
8872815,7,-128
8892836,0,-128
8892836,1,-128
8892836,2,-128
8892836,3,-128
8892836,4,-128
8892836,5,-128
8892836,6,-128
8892836,7,-97
8912857,0,-128
8912857,1,-97
8912857,2,-128
8912857,3,-128
8912857,4,-128
8912857,5,-128
8912857,6,-128
8912857,7,-128
8932878,0,-128
8932878,1,-97
8932878,2,-128
8932878,3,-128
8932878,4,-128
8932878,5,-128
8932878,6,-128
8932878,7,-128
8952899,0,-128
8952899,1,-97
8952899,2,-128
8952899,3,-128
8952899,4,-128
8952899,5,-128
8952899,6,-128
8952899,7,-128
8972920,0,-128
8972920,1,-97
8972920,2,-128
8972920,3,-128
8972920,4,-128
8972920,5,-128
8972920,6,-128
8972920,7,-128
205
8992975,0,-128
8992975,1,-128
8992975,2,-128
8992975,3,-128
8992975,4,-128
8992975,5,-128
8992975,6,-128
8992975,7,-128
9012996,0,-128
9012996,1,-128
9012996,2,-128
9012996,3,-97
9012996,4,-128
9012996,5,-128
9012996,6,-128
9012996,7,-128
9033017,0,-128
9033017,1,-96
9033017,2,-128
9033017,3,-128
9033017,4,-128
9033017,5,-80
9033017,6,-128
9033017,7,-128
9053038,0,-128
9053038,1,-97
9053038,2,-128
9053038,3,-128
9053038,4,-128
9053038,5,-128
9053038,6,-97
9053038,7,-128
9073059,0,-128
9073059,1,-95
9073059,2,-128
9073059,3,-128
9073059,4,-128
9073059,5,-97
9073059,6,-128
9073059,7,-128
9093080,0,-128
9093080,1,-128
9093080,2,-128
9093080,3,-97
9093080,4,-128
9093080,5,-94
9093080,6,-128
9093080,7,-128
9113101,0,-128
9113101,1,-128
9113101,2,-128
9113101,3,-128
9113101,4,-128
9113101,5,-96
9113101,6,-128
9113101,7,-128
9133122,0,-128
9133122,1,-97
9133122,2,-128
9133122,3,-128
9133122,4,-128
9133122,5,-97
9133122,6,-128
9133122,7,-128
9153143,0,-128
9153143,1,-128
9153143,2,-128
9153143,3,-128
9153143,4,-128
9153143,5,-96
9153143,6,-128
9153143,7,-128
9173164,0,-128
9173164,1,-97
9173164,2,-128
9173164,3,-128
9173164,4,-128
9173164,5,-96
9173164,6,-128
9173164,7,-128
204
9193218,0,-128
9193218,1,-96
9193218,2,-128
9193218,3,-128
9193218,4,-128
9193218,5,-128
9193218,6,-128
9193218,7,-128
9213239,0,-128
9213239,1,-128
9213239,2,-128
9213239,3,-128
9213239,4,-128
9213239,5,-97
9213239,6,-128
9213239,7,-128
9233260,0,-128
9233260,1,-97
9233260,2,-128
9233260,3,-128
9233260,4,-128
9233260,5,-128
9233260,6,-128
9233260,7,-128
9253281,0,-128
9253281,1,-128
9253281,2,-128
9253281,3,-97
9253281,4,-128
9253281,5,-94
9253281,6,-128
9253281,7,-128
9273302,0,-128
9273302,1,-96
9273302,2,-128
9273302,3,-128
9273302,4,-128
9273302,5,-128
9273302,6,-128
9273302,7,-128
9293323,0,-128
9293323,1,-93
9293323,2,-97
9293323,3,-128
9293323,4,-128
9293323,5,-97
9293323,6,-128
9293323,7,-128
9313344,0,-128
9313344,1,-96
9313344,2,-128
9313344,3,-128
9313344,4,-97
9313344,5,-128
9313344,6,-128
9313344,7,-128
9333365,0,-128
9333365,1,-128
9333365,2,-128
9333365,3,-128
9333365,4,-97
9333365,5,-97
9333365,6,-128
9333365,7,-128
9353386,0,-128
9353386,1,-97
9353386,2,-128
9353386,3,-128
9353386,4,-128
9353386,5,-94
9353386,6,-95
9353386,7,-128
9373407,0,-128
9373407,1,-97
9373407,2,-128
9373407,3,-128
9373407,4,-128
9373407,5,-128
9373407,6,-96
9373407,7,-128
203
9393462,0,-128
9393462,1,-97
9393462,2,-128
9393462,3,-128
9393462,4,-128
9393462,5,-97
9393462,6,-128
9393462,7,-128
9413483,0,-128
9413483,1,-128
9413483,2,-128
9413483,3,-128
9413483,4,-128
9413483,5,-97
9413483,6,-97
9413483,7,-128
9433504,0,-128
9433504,1,-128
9433504,2,-128
9433504,3,-128
9433504,4,-128
9433504,5,-97
9433504,6,-128
9433504,7,-128
9453525,0,-128
9453525,1,-128
9453525,2,-128
9453525,3,-128
9453525,4,-128
9453525,5,-97
9453525,6,-128
9453525,7,-128
9473546,0,-128
9473546,1,-128
9473546,2,-128
9473546,3,-128
9473546,4,-128
9473546,5,-97
9473546,6,-128
9473546,7,-128
9493567,0,-128
9493567,1,-128
9493567,2,-128
9493567,3,-128
9493567,4,-128
9493567,5,-128
9493567,6,-97
9493567,7,-128
9513588,0,-128
9513588,1,-97
9513588,2,-128
9513588,3,-128
9513588,4,-128
9513588,5,-94
9513588,6,-97
9513588,7,-128
9533609,0,-128
9533609,1,-128
9533609,2,-128
9533609,3,-97
9533609,4,-128
9533609,5,-97
9533609,6,-97
9533609,7,-128
9553630,0,-128
9553630,1,-97
9553630,2,-128
9553630,3,-97
9553630,4,-128
9553630,5,-95
9553630,6,-97
9553630,7,-128
9573651,0,-128
9573651,1,-96
9573651,2,-128
9573651,3,-96
9573651,4,-128
9573651,5,-128
9573651,6,-97
9573651,7,-128
202
9593706,0,-128
9593706,1,-97
9593706,2,-128
9593706,3,-96
9593706,4,-128
9593706,5,-128
9593706,6,-128
9593706,7,-128
9613727,0,-128
9613727,1,-97
9613727,2,-128
9613727,3,-96
9613727,4,-128
9613727,5,-128
9613727,6,-128
9613727,7,-128
9633748,0,-128
9633748,1,-128
9633748,2,-128
9633748,3,-96
9633748,4,-128
9633748,5,-128
9633748,6,-128
9633748,7,-128
9653769,0,-128
9653769,1,-94
9653769,2,-128
9653769,3,-93
9653769,4,-128
9653769,5,-128
9653769,6,-128
9653769,7,-128
9673790,0,-128
9673790,1,-96
9673790,2,-128
9673790,3,-94
9673790,4,-128
9673790,5,-128
9673790,6,-128
9673790,7,-128
9693811,0,-128
9693811,1,-128
9693811,2,-128
9693811,3,-96
9693811,4,-128
9693811,5,-128
9693811,6,-128
9693811,7,-128
9713832,0,-128
9713832,1,-128
9713832,2,-128
9713832,3,-97
9713832,4,-128
9713832,5,-128
9713832,6,-128
9713832,7,-128
9733853,0,-128
9733853,1,-128
9733853,2,-128
9733853,3,-128
9733853,4,-128
9733853,5,-128
9733853,6,-128
9733853,7,-128
9753875,0,-128
9753875,1,-97
9753875,2,-128
9753875,3,-97
9753875,4,-128
9753875,5,-128
9753875,6,-97
9753875,7,-128
9773896,0,-128
9773896,1,-128
9773896,2,-128
9773896,3,-128
9773896,4,-128
9773896,5,-128
9773896,6,-97
9773896,7,-128
201
9793951,0,-128
9793951,1,-97
9793951,2,-128
9793951,3,-97
9793951,4,-128
9793951,5,-128
9793951,6,-97
9793951,7,-128
9813972,0,-128
9813972,1,-128
9813972,2,-128
9813972,3,-97
9813972,4,-95
9813972,5,-128
9813972,6,-97
9813972,7,-128
9833993,0,-128
9833993,1,-96
9833993,2,-128
9833993,3,-128
9833993,4,-96
9833993,5,-128
9833993,6,-97
9833993,7,-128
9854014,0,-128
9854014,1,-97
9854014,2,-128
9854014,3,-128
9854014,4,-94
9854014,5,-128
9854014,6,-128
9854014,7,-128
9874035,0,-128
9874035,1,-128
9874035,2,-128
9874035,3,-128
9874035,4,-91
9874035,5,-128
9874035,6,-128
9874035,7,-128
9894056,0,-128
9894056,1,-128
9894056,2,-97
9894056,3,-128
9894056,4,-128
9894056,5,-128
9894056,6,-97
9894056,7,-128
9914077,0,-128
9914077,1,-97
9914077,2,-128
9914077,3,-97
9914077,4,-128
9914077,5,-97
9914077,6,-97
9914077,7,-128
9934098,0,-128
9934098,1,-128
9934098,2,-97
9934098,3,-97
9934098,4,-97
9934098,5,-86
9934098,6,-97
9934098,7,-128
9954119,0,-128
9954119,1,-128
9954119,2,-128
9954119,3,-97
9954119,4,-128
9954119,5,-93
9954119,6,-95
9954119,7,-97
9974140,0,-128
9974140,1,-97
9974140,2,-128
9974140,3,-79
9974140,4,-95
9974140,5,-95
9974140,6,-128
9974140,7,-128
200
9994195,0,-128
9994195,1,-128
9994195,2,-128
9994195,3,-96
9994195,4,-128
9994195,5,-96
9994195,6,-128
9994195,7,-128
10014216,0,-128
10014216,1,-128
10014216,2,-128
10014216,3,-96
10014216,4,-97
10014216,5,-96
10014216,6,-97
10014216,7,-128
10034237,0,-128
10034237,1,-128
10034237,2,-96
10034237,3,-128
10034237,4,-80
10034237,5,-97
10034237,6,-128
10034237,7,-128
10054258,0,-128
10054258,1,-97
10054258,2,-128
10054258,3,-128
10054258,4,-93
10054258,5,-95
10054258,6,-128
10054258,7,-97
10074279,0,-128
10074279,1,-97
10074279,2,-97
10074279,3,-97
10074279,4,-97
10074279,5,-95
10074279,6,-128
10074279,7,-97
10094300,0,-128
10094300,1,-97
10094300,2,-128
10094300,3,-128
10094300,4,-97
10094300,5,-96
10094300,6,-128
10094300,7,-96
10114321,0,-128
10114321,1,-128
10114321,2,-96
10114321,3,-95
10114321,4,-128
10114321,5,-95
10114321,6,-128
10114321,7,-97
10134342,0,-128
10134342,1,-128
10134342,2,-96
10134342,3,-97
10134342,4,-128
10134342,5,-94
10134342,6,-128
10134342,7,-97
10154363,0,-128
10154363,1,-97
10154363,2,-96
10154363,3,-97
10154363,4,-128
10154363,5,-95
10154363,6,-128
10154363,7,-97
10174384,0,-128
10174384,1,-128
10174384,2,-96
10174384,3,-96
10174384,4,-128
10174384,5,-96
10174384,6,-128
10174384,7,-128
199
10194439,0,-128
10194439,1,-128
10194439,2,-96
10194439,3,-97
10194439,4,-128
10194439,5,-94
10194439,6,-97
10194439,7,-128
10214460,0,-128
10214460,1,-97
10214460,2,-96
10214460,3,-97
10214460,4,-128
10214460,5,-97
10214460,6,-97
10214460,7,-128
10234481,0,-128
10234481,1,-128
10234481,2,-96
10234481,3,-97
10234481,4,-128
10234481,5,-85
10234481,6,-128
10234481,7,-128
10254502,0,-128
10254502,1,-128
10254502,2,-97
10254502,3,-128
10254502,4,-128
10254502,5,-88
10254502,6,-97
10254502,7,-128
10274523,0,-128
10274523,1,-97
10274523,2,-128
10274523,3,-97
10274523,4,-128
10274523,5,-89
10274523,6,-128
10274523,7,-128
10294544,0,-128
10294544,1,-97
10294544,2,-128
10294544,3,-97
10294544,4,-128
10294544,5,-89
10294544,6,-128
10294544,7,-128
10314565,0,-128
10314565,1,-128
10314565,2,-128
10314565,3,-97
10314565,4,-128
10314565,5,-94
10314565,6,-128
10314565,7,-97
10334586,0,-128
10334586,1,-128
10334586,2,-128
10334586,3,-97
10334586,4,-128
10334586,5,-90
10334586,6,-97
10334586,7,-128
10354607,0,-128
10354607,1,-128
10354607,2,-128
10354607,3,-97
10354607,4,-128
10354607,5,-91
10354607,6,-128
10354607,7,-97
10374628,0,-128
10374628,1,-128
10374628,2,-128
10374628,3,-128
10374628,4,-128
10374628,5,-85
10374628,6,-128
10374628,7,-97
198
10394683,0,-128
10394683,1,-97
10394683,2,-128
10394683,3,-97
10394683,4,-128
10394683,5,-90
10394683,6,-128
10394683,7,-128
10414704,0,-128
10414704,1,-97
10414704,2,-128
10414704,3,-97
10414704,4,-128
10414704,5,-88
10414704,6,-97
10414704,7,-97
10434725,0,-128
10434725,1,-128
10434725,2,-128
10434725,3,-97
10434725,4,-97
10434725,5,-86
10434725,6,-128
10434725,7,-97
10454746,0,-128
10454746,1,-128
10454746,2,-128
10454746,3,-97
10454746,4,-97
10454746,5,-88
10454746,6,-128
10454746,7,-97
10474767,0,-128
10474767,1,-97
10474767,2,-128
10474767,3,-128
10474767,4,-97
10474767,5,-87
10474767,6,-128
10474767,7,-97
10494788,0,-128
10494788,1,-97
10494788,2,-128
10494788,3,-97
10494788,4,-97
10494788,5,-84
10494788,6,-128
10494788,7,-128
10514809,0,-128
10514809,1,-128
10514809,2,-128
10514809,3,-97
10514809,4,-128
10514809,5,-89
10514809,6,-128
10514809,7,-97
10534830,0,-128
10534830,1,-128
10534830,2,-128
10534830,3,-97
10534830,4,-128
10534830,5,-88
10534830,6,-128
10534830,7,-97
10554851,0,-128
10554851,1,-128
10554851,2,-128
10554851,3,-128
10554851,4,-128
10554851,5,-86
10554851,6,-128
10554851,7,-97
10574872,0,-128
10574872,1,-128
10574872,2,-128
10574872,3,-128
10574872,4,-128
10574872,5,-94
10574872,6,-128
10574872,7,-128
197
10594927,0,-128
10594927,1,-128
10594927,2,-128
10594927,3,-128
10594927,4,-128
10594927,5,-96
10594927,6,-128
10594927,7,-128
10614948,0,-128
10614948,1,-128
10614948,2,-128
10614948,3,-128
10614948,4,-128
10614948,5,-86
10614948,6,-128
10614948,7,-97
10634969,0,-128
10634969,1,-128
10634969,2,-128
10634969,3,-128
10634969,4,-128
10634969,5,-86
10634969,6,-128
10634969,7,-128
10654990,0,-128
10654990,1,-128
10654990,2,-128
10654990,3,-128
10654990,4,-128
10654990,5,-94
10654990,6,-128
10654990,7,-128
10675011,0,-128
10675011,1,-128
10675011,2,-128
10675011,3,-97
10675011,4,-128
10675011,5,-90
10675011,6,-128
10675011,7,-128
10695032,0,-128
10695032,1,-128
10695032,2,-128
10695032,3,-97
10695032,4,-95
10695032,5,-86
10695032,6,-128
10695032,7,-97
10715053,0,-128
10715053,1,-128
10715053,2,-128
10715053,3,-97
10715053,4,-97
10715053,5,-84
10715053,6,-128
10715053,7,-128
10735074,0,-128
10735074,1,-128
10735074,2,-128
10735074,3,-97
10735074,4,-94
10735074,5,-86
10735074,6,-128
10735074,7,-128
10755095,0,-128
10755095,1,-128
10755095,2,-128
10755095,3,-97
10755095,4,-91
10755095,5,-85
10755095,6,-128
10755095,7,-128
10775116,0,-128
10775116,1,-128
10775116,2,-128
10775116,3,-97
10775116,4,-128
10775116,5,-83
10775116,6,-128
10775116,7,-128
196
10795170,0,-128
10795170,1,-128
10795170,2,-128
10795170,3,-97
10795170,4,-95
10795170,5,-84
10795170,6,-128
10795170,7,-128
10815191,0,-128
10815191,1,-128
10815191,2,-128
10815191,3,-97
10815191,4,-97
10815191,5,-90
10815191,6,-128
10815191,7,-97
10835212,0,-128
10835212,1,-128
10835212,2,-128
10835212,3,-97
10835212,4,-97
10835212,5,-88
10835212,6,-128
10835212,7,-97
10855233,0,-128
10855233,1,-128
10855233,2,-128
10855233,3,-128
10855233,4,-128
10855233,5,-87
10855233,6,-128
10855233,7,-97
10875254,0,-128
10875254,1,-128
10875254,2,-128
10875254,3,-128
10875254,4,-128
10875254,5,-91
10875254,6,-128
10875254,7,-128
10895275,0,-128
10895275,1,-128
10895275,2,-128
10895275,3,-128
10895275,4,-96
10895275,5,-81
10895275,6,-128
10895275,7,-128
10915296,0,-128
10915296,1,-128
10915296,2,-128
10915296,3,-128
10915296,4,-128
10915296,5,-89
10915296,6,-128
10915296,7,-128
10935317,0,-128
10935317,1,-128
10935317,2,-128
10935317,3,-128
10935317,4,-97
10935317,5,-96
10935317,6,-128
10935317,7,-128
10955338,0,-128
10955338,1,-128
10955338,2,-128
10955338,3,-128
10955338,4,-128
10955338,5,-83
10955338,6,-128
10955338,7,-97
10975359,0,-128
10975359,1,-128
10975359,2,-128
10975359,3,-128
10975359,4,-128
10975359,5,-81
10975359,6,-128
10975359,7,-95
195
10995414,0,-128
10995414,1,-128
10995414,2,-128
10995414,3,-128
10995414,4,-128
10995414,5,-91
10995414,6,-128
10995414,7,-128
11015435,0,-128
11015435,1,-128
11015435,2,-128
11015435,3,-97
11015435,4,-128
11015435,5,-84
11015435,6,-128
11015435,7,-128
11035456,0,-128
11035456,1,-128
11035456,2,-128
11035456,3,-128
11035456,4,-128
11035456,5,-84
11035456,6,-128
11035456,7,-97
11055477,0,-128
11055477,1,-128
11055477,2,-128
11055477,3,-128
11055477,4,-128
11055477,5,-83
11055477,6,-128
11055477,7,-128
11075498,0,-128
11075498,1,-128
11075498,2,-128
11075498,3,-97
11075498,4,-128
11075498,5,-81
11075498,6,-128
11075498,7,-128
11095519,0,-128
11095519,1,-128
11095519,2,-128
11095519,3,-97
11095519,4,-128
11095519,5,-86
11095519,6,-128
11095519,7,-128
11115540,0,-128
11115540,1,-128
11115540,2,-128
11115540,3,-94
11115540,4,-128
11115540,5,-88
11115540,6,-128
11115540,7,-128
11135561,0,-128
11135561,1,-128
11135561,2,-128
11135561,3,-97
11135561,4,-128
11135561,5,-92
11135561,6,-128
11135561,7,-128
11155582,0,-128
11155582,1,-128
11155582,2,-128
11155582,3,-97
11155582,4,-128
11155582,5,-94
11155582,6,-128
11155582,7,-97
11175603,0,-128
11175603,1,-128
11175603,2,-128
11175603,3,-97
11175603,4,-128
11175603,5,-89
11175603,6,-128
11175603,7,-128
194
11195658,0,-128
11195658,1,-128
11195658,2,-128
11195658,3,-97
11195658,4,-97
11195658,5,-87
11195658,6,-128
11195658,7,-97
11215679,0,-128
11215679,1,-128
11215679,2,-128
11215679,3,-128
11215679,4,-128
11215679,5,-92
11215679,6,-128
11215679,7,-97
11235700,0,-128
11235700,1,-128
11235700,2,-128
11235700,3,-97
11235700,4,-128
11235700,5,-85
11235700,6,-128
11235700,7,-97
11255721,0,-128
11255721,1,-97
11255721,2,-128
11255721,3,-97
11255721,4,-128
11255721,5,-95
11255721,6,-128
11255721,7,-97
11275742,0,-128
11275742,1,-97
11275742,2,-128
11275742,3,-97
11275742,4,-128
11275742,5,-88
11275742,6,-128
11275742,7,-128
11295763,0,-128
11295763,1,-97
11295763,2,-128
11295763,3,-93
11295763,4,-128
11295763,5,-88
11295763,6,-128
11295763,7,-128
11315784,0,-128
11315784,1,-97
11315784,2,-128
11315784,3,-128
11315784,4,-128
11315784,5,-79
11315784,6,-128
11315784,7,-97
11335805,0,-128
11335805,1,-97
11335805,2,-128
11335805,3,-128
11335805,4,-128
11335805,5,-89
11335805,6,-128
11335805,7,-128
11355826,0,-128
11355826,1,-97
11355826,2,-128
11355826,3,-128
11355826,4,-128
11355826,5,-96
11355826,6,-128
11355826,7,-97
11375847,0,-128
11375847,1,-97
11375847,2,-128
11375847,3,-97
11375847,4,-128
11375847,5,-86
11375847,6,-128
11375847,7,-128
193
11395902,0,-128
11395902,1,-97
11395902,2,-128
11395902,3,-97
11395902,4,-128
11395902,5,-88
11395902,6,-128
11395902,7,-128
11415923,0,-128
11415923,1,-97
11415923,2,-128
11415923,3,-94
11415923,4,-128
11415923,5,-83
11415923,6,-128
11415923,7,-97
11435944,0,-128
11435944,1,-97
11435944,2,-128
11435944,3,-97
11435944,4,-128
11435944,5,-86
11435944,6,-128
11435944,7,-97
11455965,0,-128
11455965,1,-97
11455965,2,-128
11455965,3,-97
11455965,4,-128
11455965,5,-86
11455965,6,-128
11455965,7,-128
11475986,0,-128
11475986,1,-97
11475986,2,-128
11475986,3,-97
11475986,4,-128
11475986,5,-85
11475986,6,-128
11475986,7,-128
11496007,0,-128
11496007,1,-128
11496007,2,-128
11496007,3,-97
11496007,4,-128
11496007,5,-86
11496007,6,-128
11496007,7,-128
11516028,0,-128
11516028,1,-128
11516028,2,-128
11516028,3,-97
11516028,4,-128
11516028,5,-81
11516028,6,-128
11516028,7,-128
11536049,0,-128
11536049,1,-128
11536049,2,-128
11536049,3,-97
11536049,4,-128
11536049,5,-86
11536049,6,-128
11536049,7,-128
11556070,0,-128
11556070,1,-97
11556070,2,-128
11556070,3,-97
11556070,4,-128
11556070,5,-85
11556070,6,-128
11556070,7,-128
11576091,0,-128
11576091,1,-128
11576091,2,-128
11576091,3,-97
11576091,4,-128
11576091,5,-82
11576091,6,-128
11576091,7,-128
192
11596145,0,-128
11596145,1,-128
11596145,2,-128
11596145,3,-97
11596145,4,-128
11596145,5,-94
11596145,6,-128
11596145,7,-97
11616166,0,-128
11616166,1,-128
11616166,2,-128
11616166,3,-97
11616166,4,-128
11616166,5,-84
11616166,6,-128
11616166,7,-97
11636187,0,-128
11636187,1,-97
11636187,2,-128
11636187,3,-97
11636187,4,-128
11636187,5,-86
11636187,6,-128
11636187,7,-128
11656208,0,-128
11656208,1,-128
11656208,2,-128
11656208,3,-97
11656208,4,-128
11656208,5,-86
11656208,6,-128
11656208,7,-97
11676229,0,-128
11676229,1,-97
11676229,2,-128
11676229,3,-97
11676229,4,-128
11676229,5,-85
11676229,6,-128
11676229,7,-128
11696250,0,-128
11696250,1,-128
11696250,2,-128
11696250,3,-97
11696250,4,-128
11696250,5,-79
11696250,6,-128
11696250,7,-128
11716271,0,-128
11716271,1,-128
11716271,2,-128
11716271,3,-97
11716271,4,-128
11716271,5,-83
11716271,6,-128
11716271,7,-128
11736292,0,-128
11736292,1,-128
11736292,2,-128
11736292,3,-97
11736292,4,-128
11736292,5,-83
11736292,6,-128
11736292,7,-97
11756313,0,-128
11756313,1,-97
11756313,2,-128
11756313,3,-97
11756313,4,-128
11756313,5,-87
11756313,6,-128
11756313,7,-97
11776334,0,-128
11776334,1,-128
11776334,2,-128
11776334,3,-97
11776334,4,-128
11776334,5,-83
11776334,6,-128
11776334,7,-128
191
11796388,0,-128
11796388,1,-128
11796388,2,-128
11796388,3,-97
11796388,4,-128
11796388,5,-85
11796388,6,-128
11796388,7,-128
11816409,0,-128
11816409,1,-97
11816409,2,-128
11816409,3,-97
11816409,4,-128
11816409,5,-82
11816409,6,-128
11816409,7,-96
11836430,0,-128
11836430,1,-128
11836430,2,-128
11836430,3,-97
11836430,4,-128
11836430,5,-83
11836430,6,-128
11836430,7,-97
11856451,0,-128
11856451,1,-128
11856451,2,-128
11856451,3,-97
11856451,4,-128
11856451,5,-80
11856451,6,-128
11856451,7,-128
11876472,0,-128
11876472,1,-128
11876472,2,-128
11876472,3,-97
11876472,4,-128
11876472,5,-86
11876472,6,-128
11876472,7,-97
11896493,0,-128
11896493,1,-128
11896493,2,-128
11896493,3,-97
11896493,4,-128
11896493,5,-83
11896493,6,-128
11896493,7,-95
11916514,0,-128
11916514,1,-97
11916514,2,-128
11916514,3,-97
11916514,4,-128
11916514,5,-83
11916514,6,-128
11916514,7,-97
11936535,0,-128
11936535,1,-97
11936535,2,-128
11936535,3,-128
11936535,4,-128
11936535,5,-80
11936535,6,-128
11936535,7,-97
11956556,0,-128
11956556,1,-97
11956556,2,-128
11956556,3,-128
11956556,4,-128
11956556,5,-86
11956556,6,-128
11956556,7,-97
11976577,0,-128
11976577,1,-97
11976577,2,-128
11976577,3,-97
11976577,4,-128
11976577,5,-89
11976577,6,-128
11976577,7,-97
190
11996632,0,-128
11996632,1,-96
11996632,2,-128
11996632,3,-128
11996632,4,-128
11996632,5,-93
11996632,6,-128
11996632,7,-97
12016653,0,-128
12016653,1,-97
12016653,2,-128
12016653,3,-97
12016653,4,-128
12016653,5,-97
12016653,6,-128
12016653,7,-97
12036674,0,-128
12036674,1,-97
12036674,2,-128
12036674,3,-97
12036674,4,-128
12036674,5,-86
12036674,6,-128
12036674,7,-97
12056695,0,-128
12056695,1,-97
12056695,2,-128
12056695,3,-96
12056695,4,-128
12056695,5,-95
12056695,6,-128
12056695,7,-97
12076716,0,-128
12076716,1,-97
12076716,2,-128
12076716,3,-97
12076716,4,-128
12076716,5,-96
12076716,6,-128
12076716,7,-97
12096737,0,-128
12096737,1,-96
12096737,2,-128
12096737,3,-96
12096737,4,-128
12096737,5,-128
12096737,6,-128
12096737,7,-97
12116758,0,-128
12116758,1,-95
12116758,2,-128
12116758,3,-97
12116758,4,-128
12116758,5,-94
12116758,6,-128
12116758,7,-96
12136779,0,-128
12136779,1,-128
12136779,2,-128
12136779,3,-128
12136779,4,-128
12136779,5,-96
12136779,6,-128
12136779,7,-97
12156800,0,-128
12156800,1,-128
12156800,2,-128
12156800,3,-96
12156800,4,-128
12156800,5,-90
12156800,6,-128
12156800,7,-97
12176821,0,-128
12176821,1,-128
12176821,2,-128
12176821,3,-94
12176821,4,-128
12176821,5,-95
12176821,6,-128
12176821,7,-97
189
12196875,0,-128
12196875,1,-128
12196875,2,-128
12196875,3,-97
12196875,4,-128
12196875,5,-97
12196875,6,-128
12196875,7,-97
12216896,0,-128
12216896,1,-97
12216896,2,-128
12216896,3,-128
12216896,4,-128
12216896,5,-97
12216896,6,-128
12216896,7,-97
12236917,0,-128
12236917,1,-95
12236917,2,-128
12236917,3,-128
12236917,4,-128
12236917,5,-95
12236917,6,-128
12236917,7,-97
12256938,0,-128
12256938,1,-128
12256938,2,-128
12256938,3,-128
12256938,4,-128
12256938,5,-97
12256938,6,-128
12256938,7,-97
12276959,0,-128
12276959,1,-96
12276959,2,-128
12276959,3,-128
12276959,4,-128
12276959,5,-94
12276959,6,-128
12276959,7,-97
12296980,0,-128
12296980,1,-95
12296980,2,-128
12296980,3,-128
12296980,4,-128
12296980,5,-90
12296980,6,-128
12296980,7,-97
12317001,0,-128
12317001,1,-97
12317001,2,-128
12317001,3,-128
12317001,4,-128
12317001,5,-95
12317001,6,-128
12317001,7,-128
12337022,0,-128
12337022,1,-97
12337022,2,-128
12337022,3,-97
12337022,4,-128
12337022,5,-94
12337022,6,-128
12337022,7,-128
12357043,0,-128
12357043,1,-97
12357043,2,-128
12357043,3,-96
12357043,4,-128
12357043,5,-97
12357043,6,-128
12357043,7,-128
12377064,0,-128
12377064,1,-95
12377064,2,-128
12377064,3,-128
12377064,4,-128
12377064,5,-95
12377064,6,-128
12377064,7,-97
188
12397118,0,-128
12397118,1,-97
12397118,2,-128
12397118,3,-97
12397118,4,-128
12397118,5,-96
12397118,6,-128
12397118,7,-97
12417139,0,-128
12417139,1,-97
12417139,2,-128
12417139,3,-97
12417139,4,-96
12417139,5,-97
12417139,6,-128
12417139,7,-97
12437160,0,-128
12437160,1,-95
12437160,2,-128
12437160,3,-128
12437160,4,-128
12437160,5,-128
12437160,6,-128
12437160,7,-96
12457181,0,-128
12457181,1,-128
12457181,2,-128
12457181,3,-97
12457181,4,-128
12457181,5,-128
12457181,6,-128
12457181,7,-97
12477202,0,-128
12477202,1,-96
12477202,2,-128
12477202,3,-97
12477202,4,-128
12477202,5,-128
12477202,6,-128
12477202,7,-97
12497223,0,-128
12497223,1,-97
12497223,2,-128
12497223,3,-97
12497223,4,-128
12497223,5,-128
12497223,6,-128
12497223,7,-97
12517244,0,-128
12517244,1,-96
12517244,2,-128
12517244,3,-96
12517244,4,-128
12517244,5,-97
12517244,6,-128
12517244,7,-97
12537265,0,-128
12537265,1,-97
12537265,2,-128
12537265,3,-128
12537265,4,-128
12537265,5,-97
12537265,6,-128
12537265,7,-97
12557286,0,-128
12557286,1,-97
12557286,2,-128
12557286,3,-128
12557286,4,-128
12557286,5,-97
12557286,6,-128
12557286,7,-97
12577307,0,-128
12577307,1,-97
12577307,2,-128
12577307,3,-97
12577307,4,-128
12577307,5,-97
12577307,6,-128
12577307,7,-94
187
12597362,0,-128
12597362,1,-96
12597362,2,-128
12597362,3,-97
12597362,4,-128
12597362,5,-96
12597362,6,-128
12597362,7,-97
12617383,0,-128
12617383,1,-97
12617383,2,-128
12617383,3,-97
12617383,4,-128
12617383,5,-97
12617383,6,-128
12617383,7,-97
12637404,0,-128
12637404,1,-97
12637404,2,-128
12637404,3,-97
12637404,4,-128
12637404,5,-97
12637404,6,-128
12637404,7,-97
12657425,0,-128
12657425,1,-128
12657425,2,-128
12657425,3,-97
12657425,4,-128
12657425,5,-128
12657425,6,-128
12657425,7,-128
12677446,0,-128
12677446,1,-128
12677446,2,-128
12677446,3,-97
12677446,4,-128
12677446,5,-128
12677446,6,-128
12677446,7,-96
12697467,0,-128
12697467,1,-128
12697467,2,-128
12697467,3,-128
12697467,4,-97
12697467,5,-128
12697467,6,-128
12697467,7,-128
12717488,0,-128
12717488,1,-128
12717488,2,-128
12717488,3,-97
12717488,4,-97
12717488,5,-128
12717488,6,-128
12717488,7,-128
12737509,0,-128
12737509,1,-97
12737509,2,-128
12737509,3,-97
12737509,4,-128
12737509,5,-128
12737509,6,-128
12737509,7,-88
12757530,0,-128
12757530,1,-97
12757530,2,-128
12757530,3,-97
12757530,4,-128
12757530,5,-128
12757530,6,-128
12757530,7,-97
12777551,0,-128
12777551,1,-97
12777551,2,-128
12777551,3,-97
12777551,4,-128
12777551,5,-128
12777551,6,-128
12777551,7,-128
186
12797605,0,-128
12797605,1,-97
12797605,2,-128
12797605,3,-128
12797605,4,-97
12797605,5,-128
12797605,6,-128
12797605,7,-128
12817626,0,-128
12817626,1,-97
12817626,2,-128
12817626,3,-97
12817626,4,-128
12817626,5,-128
12817626,6,-96
12817626,7,-128
12837647,0,-128
12837647,1,-97
12837647,2,-128
12837647,3,-97
12837647,4,-128
12837647,5,-128
12837647,6,-97
12837647,7,-128
12857668,0,-128
12857668,1,-97
12857668,2,-128
12857668,3,-97
12857668,4,-128
12857668,5,-128
12857668,6,-97
12857668,7,-128
12877689,0,-128
12877689,1,-97
12877689,2,-128
12877689,3,-128
12877689,4,-96
12877689,5,-128
12877689,6,-96
12877689,7,-128
12897710,0,-128
12897710,1,-97
12897710,2,-128
12897710,3,-128
12897710,4,-97
12897710,5,-128
12897710,6,-97
12897710,7,-128
12917731,0,-128
12917731,1,-97
12917731,2,-128
12917731,3,-128
12917731,4,-128
12917731,5,-128
12917731,6,-97
12917731,7,-128
12937752,0,-128
12937752,1,-97
12937752,2,-128
12937752,3,-128
12937752,4,-128
12937752,5,-128
12937752,6,-97
12937752,7,-128
12957773,0,-128
12957773,1,-96
12957773,2,-128
12957773,3,-128
12957773,4,-95
12957773,5,-128
12957773,6,-97
12957773,7,-128
12977794,0,-128
12977794,1,-96
12977794,2,-128
12977794,3,-128
12977794,4,-128
12977794,5,-128
12977794,6,-94
12977794,7,-128
185
12997849,0,-128
12997849,1,-97
12997849,2,-128
12997849,3,-128
12997849,4,-128
12997849,5,-128
12997849,6,-128
12997849,7,-128
13017870,0,-128
13017870,1,-97
13017870,2,-128
13017870,3,-128
13017870,4,-128
13017870,5,-128
13017870,6,-97
13017870,7,-128
13037891,0,-128
13037891,1,-97
13037891,2,-128
13037891,3,-128
13037891,4,-128
13037891,5,-128
13037891,6,-97
13037891,7,-128
13057912,0,-128
13057912,1,-97
13057912,2,-128
13057912,3,-128
13057912,4,-128
13057912,5,-128
13057912,6,-97
13057912,7,-128
13077933,0,-128
13077933,1,-97
13077933,2,-128
13077933,3,-128
13077933,4,-128
13077933,5,-128
13077933,6,-128
13077933,7,-128
13097954,0,-128
13097954,1,-97
13097954,2,-128
13097954,3,-128
13097954,4,-128
13097954,5,-128
13097954,6,-128
13097954,7,-128
13117975,0,-128
13117975,1,-97
13117975,2,-128
13117975,3,-128
13117975,4,-97
13117975,5,-128
13117975,6,-128
13117975,7,-128
13137996,0,-128
13137996,1,-97
13137996,2,-128
13137996,3,-128
13137996,4,-128
13137996,5,-128
13137996,6,-128
13137996,7,-128
13158017,0,-128
13158017,1,-97
13158017,2,-128
13158017,3,-128
13158017,4,-128
13158017,5,-128
13158017,6,-128
13158017,7,-128
13178038,0,-128
13178038,1,-97
13178038,2,-128
13178038,3,-128
13178038,4,-128
13178038,5,-128
13178038,6,-128
13178038,7,-128
184
13198093,0,-128
13198093,1,-97
13198093,2,-128
13198093,3,-97
13198093,4,-128
13198093,5,-128
13198093,6,-128
13198093,7,-128
13218114,0,-128
13218114,1,-97
13218114,2,-128
13218114,3,-128
13218114,4,-128
13218114,5,-128
13218114,6,-128
13218114,7,-128
13238135,0,-128
13238135,1,-97
13238135,2,-128
13238135,3,-128
13238135,4,-128
13238135,5,-128
13238135,6,-128
13238135,7,-128
13258156,0,-128
13258156,1,-97
13258156,2,-128
13258156,3,-128
13258156,4,-128
13258156,5,-128
13258156,6,-128
13258156,7,-128
13278177,0,-128
13278177,1,-97
13278177,2,-128
13278177,3,-128
13278177,4,-128
13278177,5,-128
13278177,6,-128
13278177,7,-128
13298198,0,-128
13298198,1,-97
13298198,2,-128
13298198,3,-128
13298198,4,-128
13298198,5,-128
13298198,6,-128
13298198,7,-128
13312000,0,-128
13312000,1,-97
13312000,2,-128
13312000,3,-128
13312000,4,-128
13312000,5,-128
13312000,6,-128
13312000,7,-128
13332021,0,-128
13332021,1,-97
13332021,2,-128
13332021,3,-128
13332021,4,-128
13332021,5,-128
13332021,6,-128
13332021,7,-128
13352042,0,-128
13352042,1,-97
13352042,2,-128
13352042,3,-128
13352042,4,-128
13352042,5,-128
13352042,6,-128
13352042,7,-128
13372063,0,-128
13372063,1,-97
13372063,2,-128
13372063,3,-128
13372063,4,-128
13372063,5,-128
13372063,6,-128
13372063,7,-128
183
13392118,0,-128
13392118,1,-97
13392118,2,-128
13392118,3,-128
13392118,4,-128
13392118,5,-128
13392118,6,-128
13392118,7,-128
13412139,0,-128
13412139,1,-97
13412139,2,-128
13412139,3,-128
13412139,4,-128
13412139,5,-128
13412139,6,-128
13412139,7,-128
13432160,0,-128
13432160,1,-97
13432160,2,-128
13432160,3,-128
13432160,4,-128
13432160,5,-128
13432160,6,-128
13432160,7,-128
13452181,0,-128
13452181,1,-97
13452181,2,-128
13452181,3,-128
13452181,4,-97
13452181,5,-128
13452181,6,-128
13452181,7,-128
13472202,0,-128
13472202,1,-97
13472202,2,-128
13472202,3,-128
13472202,4,-128
13472202,5,-128
13472202,6,-128
13472202,7,-128
13492223,0,-128
13492223,1,-97
13492223,2,-128
13492223,3,-128
13492223,4,-128
13492223,5,-128
13492223,6,-128
13492223,7,-128
13512244,0,-128
13512244,1,-96
13512244,2,-128
13512244,3,-128
13512244,4,-128
13512244,5,-128
13512244,6,-128
13512244,7,-128
13532265,0,-128
13532265,1,-97
13532265,2,-128
13532265,3,-128
13532265,4,-128
13532265,5,-128
13532265,6,-128
13532265,7,-128
13552286,0,-128
13552286,1,-97
13552286,2,-128
13552286,3,-128
13552286,4,-128
13552286,5,-128
13552286,6,-128
13552286,7,-128
13572307,0,-128
13572307,1,-96
13572307,2,-128
13572307,3,-128
13572307,4,-128
13572307,5,-128
13572307,6,-128
13572307,7,-128
182
13592361,0,-128
13592361,1,-97
13592361,2,-128
13592361,3,-128
13592361,4,-128
13592361,5,-128
13592361,6,-128
13592361,7,-97
13612382,0,-128
13612382,1,-97
13612382,2,-128
13612382,3,-128
13612382,4,-128
13612382,5,-128
13612382,6,-128
13612382,7,-128
13632403,0,-128
13632403,1,-97
13632403,2,-128
13632403,3,-128
13632403,4,-128
13632403,5,-128
13632403,6,-128
13632403,7,-128
13652424,0,-128
13652424,1,-96
13652424,2,-128
13652424,3,-128
13652424,4,-128
13652424,5,-128
13652424,6,-128
13652424,7,-128
13672445,0,-128
13672445,1,-96
13672445,2,-128
13672445,3,-128
13672445,4,-128
13672445,5,-128
13672445,6,-128
13672445,7,-128
13692466,0,-128
13692466,1,-96
13692466,2,-128
13692466,3,-97
13692466,4,-128
13692466,5,-128
13692466,6,-128
13692466,7,-128
13712487,0,-128
13712487,1,-96
13712487,2,-128
13712487,3,-128
13712487,4,-128
13712487,5,-128
13712487,6,-128
13712487,7,-128
13732508,0,-128
13732508,1,-96
13732508,2,-128
13732508,3,-97
13732508,4,-128
13732508,5,-128
13732508,6,-128
13732508,7,-128
13752529,0,-128
13752529,1,-96
13752529,2,-128
13752529,3,-128
13752529,4,-128
13752529,5,-128
13752529,6,-128
13752529,7,-128
13772550,0,-128
13772550,1,-96
13772550,2,-128
13772550,3,-128
13772550,4,-128
13772550,5,-128
13772550,6,-128
13772550,7,-128
181
13792604,0,-128
13792604,1,-97
13792604,2,-128
13792604,3,-128
13792604,4,-128
13792604,5,-128
13792604,6,-128
13792604,7,-128
13812625,0,-128
13812625,1,-97
13812625,2,-128
13812625,3,-128
13812625,4,-128
13812625,5,-128
13812625,6,-128
13812625,7,-128
13832646,0,-128
13832646,1,-97
13832646,2,-128
13832646,3,-97
13832646,4,-128
13832646,5,-128
13832646,6,-128
13832646,7,-128
13852667,0,-128
13852667,1,-97
13852667,2,-128
13852667,3,-128
13852667,4,-128
13852667,5,-128
13852667,6,-128
13852667,7,-128
13872688,0,-128
13872688,1,-97
13872688,2,-128
13872688,3,-128
13872688,4,-128
13872688,5,-128
13872688,6,-128
13872688,7,-128
13892709,0,-128
13892709,1,-97
13892709,2,-128
13892709,3,-128
13892709,4,-128
13892709,5,-128
13892709,6,-128
13892709,7,-128
13912730,0,-128
13912730,1,-97
13912730,2,-128
13912730,3,-128
13912730,4,-128
13912730,5,-128
13912730,6,-128
13912730,7,-128
13932751,0,-128
13932751,1,-97
13932751,2,-128
13932751,3,-128
13932751,4,-128
13932751,5,-128
13932751,6,-128
13932751,7,-128
13952772,0,-128
13952772,1,-97
13952772,2,-128
13952772,3,-128
13952772,4,-128
13952772,5,-128
13952772,6,-128
13952772,7,-128
13972793,0,-128
13972793,1,-97
13972793,2,-128
13972793,3,-97
13972793,4,-128
13972793,5,-128
13972793,6,-128
13972793,7,-128
