10000,0,-128
10000,1,-96
10000,2,-97
10000,3,-94
10000,4,-97
10000,5,-97
10000,6,-94
10000,7,-96
30021,0,-128
30021,1,-97
30021,2,-97
30021,3,-97
30021,4,-97
30021,5,-97
30021,6,-97
30021,7,-96
50042,0,-128
50042,1,-97
50042,2,-97
50042,3,-97
50042,4,-97
50042,5,-97
50042,6,-97
50042,7,-96
70063,0,-128
70063,1,-97
70063,2,-97
70063,3,-97
70063,4,-97
70063,5,-97
70063,6,-97
70063,7,-97
90084,0,-128
90084,1,-97
90084,2,-97
90084,3,-97
90084,4,-97
90084,5,-97
90084,6,-97
90084,7,-96
110105,0,-128
110105,1,-97
110105,2,-97
110105,3,-97
110105,4,-97
110105,5,-97
110105,6,-97
110105,7,-97
130126,0,-128
130126,1,-97
130126,2,-97
130126,3,-97
130126,4,-97
130126,5,-97
130126,6,-97
130126,7,-97
150147,0,-128
150147,1,-97
150147,2,-97
150147,3,-97
150147,4,-97
150147,5,-97
150147,6,-97
150147,7,-96
170168,0,-128
170168,1,-97
170168,2,-97
170168,3,-97
170168,4,-97
170168,5,-97
170168,6,-97
170168,7,-97
190189,0,-128
190189,1,-97
190189,2,-97
190189,3,-97
190189,4,-97
190189,5,-97
190189,6,-96
190189,7,-97
249
210244,0,-128
210244,1,-97
210244,2,-97
210244,3,-96
210244,4,-97
210244,5,-97
210244,6,-97
210244,7,-97
230265,0,-128
230265,1,-97
230265,2,-97
230265,3,-97
230265,4,-97
230265,5,-97
230265,6,-97
230265,7,-97
250286,0,-128
250286,1,-97
250286,2,-97
250286,3,-97
250286,4,-97
250286,5,-97
250286,6,-97
250286,7,-97
270307,0,-128
270307,1,-97
270307,2,-97
270307,3,-97
270307,4,-97
270307,5,-97
270307,6,-97
270307,7,-97
290328,0,-128
290328,1,-97
290328,2,-97
290328,3,-97
290328,4,-97
290328,5,-97
290328,6,-97
290328,7,-97
310349,0,-128
310349,1,-97
310349,2,-97
310349,3,-97
310349,4,-128
310349,5,-128
310349,6,-97
310349,7,-97
330370,0,-128
330370,1,-97
330370,2,-97
330370,3,-97
330370,4,-97
330370,5,-97
330370,6,-97
330370,7,-97
350391,0,-128
350391,1,-97
350391,2,-97
350391,3,-97
350391,4,-128
350391,5,-97
350391,6,-97
350391,7,-97
370412,0,-128
370412,1,-97
370412,2,-97
370412,3,-97
370412,4,-97
370412,5,-97
370412,6,-97
370412,7,-97
390433,0,-128
390433,1,-97
390433,2,-97
390433,3,-97
390433,4,-97
390433,5,-97
390433,6,-97
390433,7,-97
248
410488,0,-128
410488,1,-97
410488,2,-97
410488,3,-97
410488,4,-97
410488,5,-96
410488,6,-97
410488,7,-97
430509,0,-128
430509,1,-97
430509,2,-97
430509,3,-97
430509,4,-97
430509,5,-97
430509,6,-128
430509,7,-97
450530,0,-128
450530,1,-97
450530,2,-97
450530,3,-97
450530,4,-97
450530,5,-97
450530,6,-128
450530,7,-97
470551,0,-128
470551,1,-97
470551,2,-97
470551,3,-97
470551,4,-97
470551,5,-97
470551,6,-128
470551,7,-97
490572,0,-128
490572,1,-97
490572,2,-97
490572,3,-97
490572,4,-97
490572,5,-97
490572,6,-97
490572,7,-97
510593,0,-128
510593,1,-97
510593,2,-97
510593,3,-97
510593,4,-97
510593,5,-97
510593,6,-97
510593,7,-97
530614,0,-128
530614,1,-97
530614,2,-97
530614,3,-96
530614,4,-128
530614,5,-97
530614,6,-97
530614,7,-97
550635,0,-128
550635,1,-97
550635,2,-97
550635,3,-97
550635,4,-97
550635,5,-97
550635,6,-97
550635,7,-97
570656,0,-128
570656,1,-97
570656,2,-97
570656,3,-97
570656,4,-97
570656,5,-97
570656,6,-97
570656,7,-97
590677,0,-128
590677,1,-128
590677,2,-97
590677,3,-97
590677,4,-97
590677,5,-97
590677,6,-97
590677,7,-128
247
610732,0,-128
610732,1,-128
610732,2,-97
610732,3,-97
610732,4,-97
610732,5,-97
610732,6,-97
610732,7,-97
630753,0,-128
630753,1,-97
630753,2,-97
630753,3,-97
630753,4,-97
630753,5,-97
630753,6,-97
630753,7,-97
650774,0,-128
650774,1,-97
650774,2,-97
650774,3,-97
650774,4,-97
650774,5,-97
650774,6,-97
650774,7,-97
670795,0,-128
670795,1,-97
670795,2,-97
670795,3,-97
670795,4,-97
670795,5,-97
670795,6,-97
670795,7,-96
690816,0,-128
690816,1,-97
690816,2,-97
690816,3,-97
690816,4,-95
690816,5,-97
690816,6,-97
690816,7,-91
710837,0,-128
710837,1,-97
710837,2,-97
710837,3,-97
710837,4,-96
710837,5,-97
710837,6,-97
710837,7,-97
730858,0,-128
730858,1,-97
730858,2,-97
730858,3,-97
730858,4,-97
730858,5,-97
730858,6,-97
730858,7,-97
750879,0,-128
750879,1,-97
750879,2,-97
750879,3,-97
750879,4,-97
750879,5,-96
750879,6,-97
750879,7,-96
770900,0,-128
770900,1,-97
770900,2,-97
770900,3,-97
770900,4,-97
770900,5,-96
770900,6,-97
770900,7,-93
790921,0,-128
790921,1,-97
790921,2,-97
790921,3,-96
790921,4,-97
790921,5,-97
790921,6,-97
790921,7,-97
246
810976,0,-128
810976,1,-97
810976,2,-97
810976,3,-97
810976,4,-97
810976,5,-96
810976,6,-97
810976,7,-128
830998,0,-128
830998,1,-97
830998,2,-97
830998,3,-96
830998,4,-97
830998,5,-97
830998,6,-97
830998,7,-128
851019,0,-128
851019,1,-97
851019,2,-97
851019,3,-97
851019,4,-97
851019,5,-96
851019,6,-97
851019,7,-97
871040,0,-128
871040,1,-97
871040,2,-97
871040,3,-97
871040,4,-97
871040,5,-97
871040,6,-96
871040,7,-92
891061,0,-128
891061,1,-97
891061,2,-97
891061,3,-97
891061,4,-97
891061,5,-97
891061,6,-97
891061,7,-94
911082,0,-128
911082,1,-97
911082,2,-128
911082,3,-97
911082,4,-97
911082,5,-97
911082,6,-97
911082,7,-128
931103,0,-128
931103,1,-97
931103,2,-97
931103,3,-97
931103,4,-97
931103,5,-96
931103,6,-97
931103,7,-86
951124,0,-128
951124,1,-97
951124,2,-97
951124,3,-97
951124,4,-97
951124,5,-97
951124,6,-97
951124,7,-97
971145,0,-128
971145,1,-97
971145,2,-97
971145,3,-97
971145,4,-97
971145,5,-97
971145,6,-97
971145,7,-96
991166,0,-128
991166,1,-97
991166,2,-97
991166,3,-97
991166,4,-97
991166,5,-97
991166,6,-97
991166,7,-97
245
1011221,0,-128
1011221,1,-97
1011221,2,-97
1011221,3,-97
1011221,4,-97
1011221,5,-97
1011221,6,-97
1011221,7,-97
1024000,0,-128
1024000,1,-97
1024000,2,-128
1024000,3,-128
1024000,4,-96
1024000,5,-128
1024000,6,-97
1024000,7,-97
1044021,0,-128
1044021,1,-97
1044021,2,-128
1044021,3,-128
1044021,4,-96
1044021,5,-128
1044021,6,-97
1044021,7,-96
1064042,0,-128
1064042,1,-97
1064042,2,-97
1064042,3,-97
1064042,4,-97
1064042,5,-128
1064042,6,-128
1064042,7,-128
1084063,0,-128
1084063,1,-97
1084063,2,-128
1084063,3,-128
1084063,4,-97
1084063,5,-128
1084063,6,-128
1084063,7,-128
1104084,0,-128
1104084,1,-128
1104084,2,-128
1104084,3,-97
1104084,4,-97
1104084,5,-97
1104084,6,-128
1104084,7,-128
1124105,0,-128
1124105,1,-128
1124105,2,-128
1124105,3,-97
1124105,4,-97
1124105,5,-97
1124105,6,-128
1124105,7,-97
1144126,0,-128
1144126,1,-128
1144126,2,-128
1144126,3,-97
1144126,4,-97
1144126,5,-128
1144126,6,-96
1144126,7,-128
1164147,0,-128
1164147,1,-128
1164147,2,-97
1164147,3,-128
1164147,4,-97
1164147,5,-128
1164147,6,-97
1164147,7,-97
1184168,0,-128
1184168,1,-128
1184168,2,-97
1184168,3,-97
1184168,4,-97
1184168,5,-97
1184168,6,-128
1184168,7,-97
244
1204223,0,-128
1204223,1,-128
1204223,2,-97
1204223,3,-128
1204223,4,-97
1204223,5,-128
1204223,6,-97
1204223,7,-97
1224244,0,-128
1224244,1,-128
1224244,2,-128
1224244,3,-128
1224244,4,-97
1224244,5,-128
1224244,6,-97
1224244,7,-97
1244265,0,-128
1244265,1,-128
1244265,2,-128
1244265,3,-97
1244265,4,-97
1244265,5,-128
1244265,6,-128
1244265,7,-97
1264286,0,-128
1264286,1,-128
1264286,2,-97
1264286,3,-96
1264286,4,-97
1264286,5,-97
1264286,6,-128
1264286,7,-97
1284307,0,-128
1284307,1,-128
1284307,2,-97
1284307,3,-128
1284307,4,-128
1284307,5,-96
1284307,6,-97
1284307,7,-97
1304328,0,-128
1304328,1,-128
1304328,2,-128
1304328,3,-97
1304328,4,-128
1304328,5,-93
1304328,6,-97
1304328,7,-128
1324349,0,-128
1324349,1,-128
1324349,2,-97
1324349,3,-128
1324349,4,-97
1324349,5,-96
1324349,6,-97
1324349,7,-95
1344370,0,-128
1344370,1,-97
1344370,2,-128
1344370,3,-128
1344370,4,-97
1344370,5,-97
1344370,6,-128
1344370,7,-97
1364391,0,-128
1364391,1,-97
1364391,2,-97
1364391,3,-97
1364391,4,-97
1364391,5,-97
1364391,6,-128
1364391,7,-128
1384412,0,-128
1384412,1,-97
1384412,2,-128
1384412,3,-97
1384412,4,-97
1384412,5,-97
1384412,6,-97
1384412,7,-97
243
1404467,0,-128
1404467,1,-97
1404467,2,-128
1404467,3,-97
1404467,4,-97
1404467,5,-94
1404467,6,-128
1404467,7,-96
1424488,0,-128
1424488,1,-97
1424488,2,-97
1424488,3,-128
1424488,4,-97
1424488,5,-96
1424488,6,-128
1424488,7,-87
1444509,0,-128
1444509,1,-128
1444509,2,-128
1444509,3,-128
1444509,4,-97
1444509,5,-95
1444509,6,-97
1444509,7,-88
1464530,0,-128
1464530,1,-128
1464530,2,-128
1464530,3,-95
1464530,4,-97
1464530,5,-97
1464530,6,-97
1464530,7,-97
1484551,0,-128
1484551,1,-128
1484551,2,-128
1484551,3,-97
1484551,4,-128
1484551,5,-97
1484551,6,-97
1484551,7,-97
1504572,0,-128
1504572,1,-128
1504572,2,-97
1504572,3,-97
1504572,4,-97
1504572,5,-97
1504572,6,-97
1504572,7,-97
1524593,0,-128
1524593,1,-97
1524593,2,-128
1524593,3,-97
1524593,4,-95
1524593,5,-128
1524593,6,-97
1524593,7,-97
1544614,0,-128
1544614,1,-97
1544614,2,-97
1544614,3,-95
1544614,4,-95
1544614,5,-97
1544614,6,-97
1544614,7,-128
1564635,0,-128
1564635,1,-97
1564635,2,-128
1564635,3,-97
1564635,4,-96
1564635,5,-97
1564635,6,-97
1564635,7,-97
1584656,0,-128
1584656,1,-128
1584656,2,-97
1584656,3,-97
1584656,4,-97
1584656,5,-97
1584656,6,-97
1584656,7,-128
242
1604711,0,-128
1604711,1,-97
1604711,2,-97
1604711,3,-97
1604711,4,-93
1604711,5,-96
1604711,6,-97
1604711,7,-128
1624732,0,-128
1624732,1,-128
1624732,2,-97
1624732,3,-97
1624732,4,-96
1624732,5,-96
1624732,6,-97
1624732,7,-128
1644753,0,-128
1644753,1,-94
1644753,2,-128
1644753,3,-97
1644753,4,-97
1644753,5,-97
1644753,6,-97
1644753,7,-128
1664774,0,-128
1664774,1,-128
1664774,2,-97
1664774,3,-128
1664774,4,-90
1664774,5,-97
1664774,6,-96
1664774,7,-84
1684795,0,-128
1684795,1,-128
1684795,2,-128
1684795,3,-128
1684795,4,-96
1684795,5,-96
1684795,6,-97
1684795,7,-96
1704816,0,-128
1704816,1,-97
1704816,2,-97
1704816,3,-128
1704816,4,-97
1704816,5,-96
1704816,6,-97
1704816,7,-96
1724837,0,-128
1724837,1,-128
1724837,2,-128
1724837,3,-97
1724837,4,-95
1724837,5,-97
1724837,6,-97
1724837,7,-97
1744858,0,-128
1744858,1,-128
1744858,2,-97
1744858,3,-128
1744858,4,-97
1744858,5,-97
1744858,6,-97
1744858,7,-96
1764879,0,-128
1764879,1,-97
1764879,2,-128
1764879,3,-128
1764879,4,-97
1764879,5,-97
1764879,6,-97
1764879,7,-91
1784900,0,-128
1784900,1,-128
1784900,2,-128
1784900,3,-97
1784900,4,-97
1784900,5,-97
1784900,6,-97
1784900,7,-92
241
1804955,0,-128
1804955,1,-96
1804955,2,-128
1804955,3,-97
1804955,4,-96
1804955,5,-97
1804955,6,-128
1804955,7,-97
1824976,0,-128
1824976,1,-97
1824976,2,-97
1824976,3,-128
1824976,4,-97
1824976,5,-96
1824976,6,-97
1824976,7,-128
1844997,0,-128
1844997,1,-97
1844997,2,-128
1844997,3,-128
1844997,4,-97
1844997,5,-97
1844997,6,-128
1844997,7,-128
1865018,0,-128
1865018,1,-97
1865018,2,-128
1865018,3,-128
1865018,4,-97
1865018,5,-97
1865018,6,-128
1865018,7,-128
1885039,0,-128
1885039,1,-96
1885039,2,-97
1885039,3,-128
1885039,4,-96
1885039,5,-97
1885039,6,-128
1885039,7,-128
1905060,0,-128
1905060,1,-128
1905060,2,-97
1905060,3,-97
1905060,4,-96
1905060,5,-97
1905060,6,-128
1905060,7,-128
1925081,0,-128
1925081,1,-97
1925081,2,-128
1925081,3,-128
1925081,4,-97
1925081,5,-97
1925081,6,-97
1925081,7,-128
1945102,0,-128
1945102,1,-128
1945102,2,-97
1945102,3,-97
1945102,4,-97
1945102,5,-97
1945102,6,-97
1945102,7,-128
1965123,0,-128
1965123,1,-97
1965123,2,-97
1965123,3,-128
1965123,4,-97
1965123,5,-96
1965123,6,-97
1965123,7,-128
1985144,0,-128
1985144,1,-128
1985144,2,-97
1985144,3,-97
1985144,4,-89
1985144,5,-97
1985144,6,-96
1985144,7,-128
240
2005199,0,-128
2005199,1,-128
2005199,2,-97
2005199,3,-97
2005199,4,-97
2005199,5,-97
2005199,6,-96
2005199,7,-128
2025220,0,-128
2025220,1,-128
2025220,2,-128
2025220,3,-128
2025220,4,-128
2025220,5,-96
2025220,6,-97
2025220,7,-128
2045241,0,-128
2045241,1,-128
2045241,2,-97
2045241,3,-128
2045241,4,-128
2045241,5,-128
2045241,6,-97
2045241,7,-128
2065262,0,-128
2065262,1,-128
2065262,2,-128
2065262,3,-97
2065262,4,-97
2065262,5,-97
2065262,6,-97
2065262,7,-128
2085284,0,-128
2085284,1,-97
2085284,2,-97
2085284,3,-97
2085284,4,-97
2085284,5,-94
2085284,6,-128
2085284,7,-97
2105305,0,-128
2105305,1,-96
2105305,2,-96
2105305,3,-96
2105305,4,-97
2105305,5,-128
2105305,6,-97
2105305,7,-97
2125326,0,-128
2125326,1,-97
2125326,2,-128
2125326,3,-96
2125326,4,-97
2125326,5,-128
2125326,6,-95
2125326,7,-96
2145347,0,-128
2145347,1,-97
2145347,2,-128
2145347,3,-97
2145347,4,-96
2145347,5,-128
2145347,6,-128
2145347,7,-96
2165368,0,-128
2165368,1,-97
2165368,2,-128
2165368,3,-93
2165368,4,-97
2165368,5,-128
2165368,6,-128
2165368,7,-97
2185389,0,-128
2185389,1,-128
2185389,2,-97
2185389,3,-92
2185389,4,-97
2185389,5,-128
2185389,6,-128
2185389,7,-97
239
2205443,0,-128
2205443,1,-97
2205443,2,-96
2205443,3,-96
2205443,4,-94
2205443,5,-128
2205443,6,-128
2205443,7,-97
2225464,0,-128
2225464,1,-128
2225464,2,-95
2225464,3,-95
2225464,4,-97
2225464,5,-128
2225464,6,-128
2225464,7,-97
2245485,0,-128
2245485,1,-97
2245485,2,-95
2245485,3,-97
2245485,4,-97
2245485,5,-128
2245485,6,-128
2245485,7,-97
2265506,0,-128
2265506,1,-97
2265506,2,-128
2265506,3,-93
2265506,4,-97
2265506,5,-128
2265506,6,-128
2265506,7,-97
2285527,0,-128
2285527,1,-97
2285527,2,-128
2285527,3,-96
2285527,4,-96
2285527,5,-128
2285527,6,-128
2285527,7,-97
2305548,0,-128
2305548,1,-128
2305548,2,-128
2305548,3,-96
2305548,4,-96
2305548,5,-128
2305548,6,-128
2305548,7,-97
2325569,0,-128
2325569,1,-97
2325569,2,-128
2325569,3,-97
2325569,4,-97
2325569,5,-128
2325569,6,-128
2325569,7,-97
2345590,0,-128
2345590,1,-97
2345590,2,-128
2345590,3,-97
2345590,4,-97
2345590,5,-128
2345590,6,-128
2345590,7,-97
2365611,0,-128
2365611,1,-97
2365611,2,-96
2365611,3,-97
2365611,4,-97
2365611,5,-128
2365611,6,-128
2365611,7,-97
2385632,0,-128
2385632,1,-128
2385632,2,-83
2385632,3,-97
2385632,4,-97
2385632,5,-128
2385632,6,-128
2385632,7,-96
238
2405687,0,-128
2405687,1,-128
2405687,2,-65
2405687,3,-97
2405687,4,-97
2405687,5,-128
2405687,6,-128
2405687,7,-96
2425708,0,-128
2425708,1,-128
2425708,2,-84
2425708,3,-97
2425708,4,-97
2425708,5,-128
2425708,6,-128
2425708,7,-97
2445729,0,-128
2445729,1,-97
2445729,2,-86
2445729,3,-97
2445729,4,-97
2445729,5,-128
2445729,6,-128
2445729,7,-97
2465750,0,-128
2465750,1,-97
2465750,2,-97
2465750,3,-97
2465750,4,-96
2465750,5,-128
2465750,6,-128
2465750,7,-97
2485771,0,-128
2485771,1,-97
2485771,2,-95
2485771,3,-97
2485771,4,-97
2485771,5,-128
2485771,6,-128
2485771,7,-97
2505792,0,-128
2505792,1,-97
2505792,2,-90
2505792,3,-97
2505792,4,-95
2505792,5,-128
2505792,6,-128
2505792,7,-91
2525813,0,-128
2525813,1,-97
2525813,2,-83
2525813,3,-97
2525813,4,-97
2525813,5,-128
2525813,6,-128
2525813,7,-97
2545834,0,-128
2545834,1,-97
2545834,2,-82
2545834,3,-128
2545834,4,-97
2545834,5,-128
2545834,6,-128
2545834,7,-97
2565855,0,-128
2565855,1,-97
2565855,2,-95
2565855,3,-96
2565855,4,-96
2565855,5,-128
2565855,6,-97
2565855,7,-96
2585876,0,-128
2585876,1,-97
2585876,2,-89
2585876,3,-95
2585876,4,-97
2585876,5,-128
2585876,6,-95
2585876,7,-94
237
2605931,0,-128
2605931,1,-97
2605931,2,-91
2605931,3,-96
2605931,4,-97
2605931,5,-128
2605931,6,-97
2605931,7,-97
2625952,0,-128
2625952,1,-128
2625952,2,-96
2625952,3,-94
2625952,4,-97
2625952,5,-128
2625952,6,-96
2625952,7,-97
2645973,0,-128
2645973,1,-128
2645973,2,-92
2645973,3,-94
2645973,4,-97
2645973,5,-128
2645973,6,-96
2645973,7,-96
2665994,0,-128
2665994,1,-97
2665994,2,-97
2665994,3,-97
2665994,4,-95
2665994,5,-128
2665994,6,-97
2665994,7,-97
2686015,0,-128
2686015,1,-97
2686015,2,-86
2686015,3,-97
2686015,4,-89
2686015,5,-128
2686015,6,-97
2686015,7,-96
2706036,0,-128
2706036,1,-97
2706036,2,-86
2706036,3,-97
2706036,4,-92
2706036,5,-128
2706036,6,-96
2706036,7,-97
2726057,0,-128
2726057,1,-128
2726057,2,-88
2726057,3,-96
2726057,4,-92
2726057,5,-128
2726057,6,-96
2726057,7,-97
2746078,0,-128
2746078,1,-97
2746078,2,-96
2746078,3,-97
2746078,4,-93
2746078,5,-97
2746078,6,-97
2746078,7,-97
2766099,0,-128
2766099,1,-97
2766099,2,-95
2766099,3,-95
2766099,4,-97
2766099,5,-128
2766099,6,-97
2766099,7,-97
2786120,0,-128
2786120,1,-97
2786120,2,-95
2786120,3,-96
2786120,4,-97
2786120,5,-97
2786120,6,-97
2786120,7,-97
236
2806175,0,-128
2806175,1,-97
2806175,2,-80
2806175,3,-92
2806175,4,-96
2806175,5,-128
2806175,6,-97
2806175,7,-128
2826196,0,-128
2826196,1,-97
2826196,2,-97
2826196,3,-92
2826196,4,-97
2826196,5,-97
2826196,6,-97
2826196,7,-97
2846217,0,-128
2846217,1,-128
2846217,2,-128
2846217,3,-96
2846217,4,-97
2846217,5,-97
2846217,6,-97
2846217,7,-97
2866238,0,-128
2866238,1,-97
2866238,2,-97
2866238,3,-97
2866238,4,-97
2866238,5,-97
2866238,6,-128
2866238,7,-97
2886259,0,-128
2886259,1,-97
2886259,2,-97
2886259,3,-96
2886259,4,-97
2886259,5,-128
2886259,6,-97
2886259,7,-97
2906280,0,-128
2906280,1,-97
2906280,2,-97
2906280,3,-97
2906280,4,-97
2906280,5,-97
2906280,6,-97
2906280,7,-97
2926301,0,-128
2926301,1,-97
2926301,2,-95
2926301,3,-94
2926301,4,-128
2926301,5,-97
2926301,6,-97
2926301,7,-97
2946322,0,-128
2946322,1,-97
2946322,2,-97
2946322,3,-86
2946322,4,-97
2946322,5,-96
2946322,6,-97
2946322,7,-97
2966343,0,-128
2966343,1,-97
2966343,2,-95
2966343,3,-95
2966343,4,-97
2966343,5,-97
2966343,6,-96
2966343,7,-97
2986364,0,-128
2986364,1,-97
2986364,2,-97
2986364,3,-97
2986364,4,-97
2986364,5,-97
2986364,6,-96
2986364,7,-128
235
3006418,0,-128
3006418,1,-94
3006418,2,-128
3006418,3,-95
3006418,4,-97
3006418,5,-97
3006418,6,-97
3006418,7,-97
3026439,0,-128
3026439,1,-96
3026439,2,-128
3026439,3,-94
3026439,4,-97
3026439,5,-97
3026439,6,-97
3026439,7,-128
3046460,0,-128
3046460,1,-97
3046460,2,-97
3046460,3,-93
3046460,4,-97
3046460,5,-97
3046460,6,-97
3046460,7,-97
3066481,0,-128
3066481,1,-128
3066481,2,-97
3066481,3,-93
3066481,4,-97
3066481,5,-97
3066481,6,-97
3066481,7,-128
3086502,0,-128
3086502,1,-128
3086502,2,-97
3086502,3,-93
3086502,4,-97
3086502,5,-95
3086502,6,-97
3086502,7,-128
3106523,0,-128
3106523,1,-128
3106523,2,-128
3106523,3,-97
3106523,4,-97
3106523,5,-97
3106523,6,-97
3106523,7,-128
3126544,0,-128
3126544,1,-96
3126544,2,-97
3126544,3,-97
3126544,4,-97
3126544,5,-97
3126544,6,-97
3126544,7,-97
3146565,0,-128
3146565,1,-97
3146565,2,-97
3146565,3,-96
3146565,4,-97
3146565,5,-97
3146565,6,-90
3146565,7,-97
3166586,0,-128
3166586,1,-128
3166586,2,-97
3166586,3,-95
3166586,4,-97
3166586,5,-97
3166586,6,-97
3166586,7,-97
3186607,0,-128
3186607,1,-128
3186607,2,-97
3186607,3,-97
3186607,4,-97
3186607,5,-97
3186607,6,-94
3186607,7,-97
234
3206662,0,-128
3206662,1,-97
3206662,2,-97
3206662,3,-97
3206662,4,-97
3206662,5,-97
3206662,6,-95
3206662,7,-96
3226683,0,-128
3226683,1,-97
3226683,2,-128
3226683,3,-96
3226683,4,-97
3226683,5,-97
3226683,6,-96
3226683,7,-128
3246704,0,-128
3246704,1,-97
3246704,2,-95
3246704,3,-97
3246704,4,-128
3246704,5,-97
3246704,6,-94
3246704,7,-96
3266725,0,-128
3266725,1,-97
3266725,2,-97
3266725,3,-97
3266725,4,-97
3266725,5,-97
3266725,6,-96
3266725,7,-96
3286746,0,-128
3286746,1,-97
3286746,2,-96
3286746,3,-97
3286746,4,-97
3286746,5,-97
3286746,6,-96
3286746,7,-95
3306767,0,-128
3306767,1,-97
3306767,2,-97
3306767,3,-97
3306767,4,-97
3306767,5,-97
3306767,6,-96
3306767,7,-97
3326788,0,-128
3326788,1,-97
3326788,2,-95
3326788,3,-90
3326788,4,-97
3326788,5,-97
3326788,6,-83
3326788,7,-94
3346809,0,-128
3346809,1,-97
3346809,2,-128
3346809,3,-95
3346809,4,-97
3346809,5,-97
3346809,6,-97
3346809,7,-97
3366830,0,-128
3366830,1,-97
3366830,2,-128
3366830,3,-128
3366830,4,-97
3366830,5,-97
3366830,6,-128
3366830,7,-97
3386851,0,-128
3386851,1,-96
3386851,2,-128
3386851,3,-97
3386851,4,-128
3386851,5,-128
3386851,6,-128
3386851,7,-97
233
3406906,0,-128
3406906,1,-96
3406906,2,-97
3406906,3,-97
3406906,4,-97
3406906,5,-128
3406906,6,-128
3406906,7,-97
3426928,0,-128
3426928,1,-92
3426928,2,-128
3426928,3,-97
3426928,4,-128
3426928,5,-96
3426928,6,-128
3426928,7,-97
3446949,0,-128
3446949,1,-95
3446949,2,-128
3446949,3,-128
3446949,4,-128
3446949,5,-97
3446949,6,-128
3446949,7,-97
3466970,0,-128
3466970,1,-96
3466970,2,-128
3466970,3,-128
3466970,4,-128
3466970,5,-128
3466970,6,-128
3466970,7,-96
3486991,0,-128
3486991,1,-96
3486991,2,-128
3486991,3,-97
3486991,4,-128
3486991,5,-128
3486991,6,-128
3486991,7,-97
3507012,0,-128
3507012,1,-97
3507012,2,-128
3507012,3,-97
3507012,4,-128
3507012,5,-97
3507012,6,-128
3507012,7,-97
3527033,0,-128
3527033,1,-96
3527033,2,-128
3527033,3,-97
3527033,4,-128
3527033,5,-97
3527033,6,-128
3527033,7,-97
3547054,0,-128
3547054,1,-87
3547054,2,-128
3547054,3,-128
3547054,4,-128
3547054,5,-97
3547054,6,-128
3547054,7,-97
3567075,0,-128
3567075,1,-128
3567075,2,-128
3567075,3,-128
3567075,4,-128
3567075,5,-97
3567075,6,-128
3567075,7,-128
3587096,0,-128
3587096,1,-96
3587096,2,-97
3587096,3,-97
3587096,4,-128
3587096,5,-97
3587096,6,-128
3587096,7,-97
232
3607151,0,-128
3607151,1,-128
3607151,2,-97
3607151,3,-97
3607151,4,-128
3607151,5,-97
3607151,6,-128
3607151,7,-92
3627172,0,-128
3627172,1,-128
3627172,2,-97
3627172,3,-128
3627172,4,-97
3627172,5,-97
3627172,6,-128
3627172,7,-97
3647193,0,-128
3647193,1,-128
3647193,2,-128
3647193,3,-128
3647193,4,-97
3647193,5,-128
3647193,6,-128
3647193,7,-128
3667214,0,-128
3667214,1,-128
3667214,2,-97
3667214,3,-97
3667214,4,-97
3667214,5,-97
3667214,6,-128
3667214,7,-94
3687235,0,-128
3687235,1,-128
3687235,2,-128
3687235,3,-97
3687235,4,-128
3687235,5,-97
3687235,6,-128
3687235,7,-96
3707256,0,-128
3707256,1,-128
3707256,2,-128
3707256,3,-128
3707256,4,-128
3707256,5,-97
3707256,6,-128
3707256,7,-96
3727277,0,-128
3727277,1,-128
3727277,2,-128
3727277,3,-96
3727277,4,-97
3727277,5,-97
3727277,6,-128
3727277,7,-96
3747298,0,-128
3747298,1,-128
3747298,2,-128
3747298,3,-97
3747298,4,-128
3747298,5,-97
3747298,6,-128
3747298,7,-93
3767320,0,-128
3767320,1,-128
3767320,2,-128
3767320,3,-97
3767320,4,-97
3767320,5,-97
3767320,6,-128
3767320,7,-90
3787341,0,-128
3787341,1,-128
3787341,2,-97
3787341,3,-93
3787341,4,-97
3787341,5,-97
3787341,6,-128
3787341,7,-94
231
3807396,0,-128
3807396,1,-128
3807396,2,-97
3807396,3,-91
3807396,4,-128
3807396,5,-128
3807396,6,-128
3807396,7,-96
3827417,0,-128
3827417,1,-128
3827417,2,-97
3827417,3,-93
3827417,4,-128
3827417,5,-128
3827417,6,-128
3827417,7,-94
3847438,0,-128
3847438,1,-128
3847438,2,-97
3847438,3,-95
3847438,4,-97
3847438,5,-97
3847438,6,-128
3847438,7,-97
3867459,0,-128
3867459,1,-128
3867459,2,-128
3867459,3,-97
3867459,4,-128
3867459,5,-97
3867459,6,-128
3867459,7,-97
3887480,0,-128
3887480,1,-128
3887480,2,-97
3887480,3,-96
3887480,4,-128
3887480,5,-97
3887480,6,-128
3887480,7,-97
3907501,0,-128
3907501,1,-128
3907501,2,-96
3907501,3,-96
3907501,4,-97
3907501,5,-97
3907501,6,-128
3907501,7,-97
3927522,0,-128
3927522,1,-128
3927522,2,-128
3927522,3,-97
3927522,4,-128
3927522,5,-97
3927522,6,-128
3927522,7,-85
3947543,0,-128
3947543,1,-128
3947543,2,-128
3947543,3,-96
3947543,4,-97
3947543,5,-97
3947543,6,-128
3947543,7,-96
3967564,0,-128
3967564,1,-128
3967564,2,-96
3967564,3,-96
3967564,4,-128
3967564,5,-96
3967564,6,-128
3967564,7,-97
3987585,0,-128
3987585,1,-128
3987585,2,-96
3987585,3,-97
3987585,4,-97
3987585,5,-97
3987585,6,-128
3987585,7,-97
230
4007640,0,-128
4007640,1,-128
4007640,2,-95
4007640,3,-97
4007640,4,-97
4007640,5,-95
4007640,6,-128
4007640,7,-97
4027661,0,-128
4027661,1,-128
4027661,2,-128
4027661,3,-97
4027661,4,-97
4027661,5,-96
4027661,6,-128
4027661,7,-97
4047682,0,-128
4047682,1,-128
4047682,2,-97
4047682,3,-97
4047682,4,-97
4047682,5,-97
4047682,6,-128
4047682,7,-97
4067703,0,-128
4067703,1,-128
4067703,2,-96
4067703,3,-97
4067703,4,-97
4067703,5,-97
4067703,6,-128
4067703,7,-97
4087724,0,-128
4087724,1,-97
4087724,2,-97
4087724,3,-97
4087724,4,-97
4087724,5,-128
4087724,6,-128
4087724,7,-97
4107745,0,-128
4107745,1,-128
4107745,2,-96
4107745,3,-97
4107745,4,-97
4107745,5,-128
4107745,6,-128
4107745,7,-96
4127766,0,-128
4127766,1,-128
4127766,2,-94
4127766,3,-97
4127766,4,-97
4127766,5,-96
4127766,6,-128
4127766,7,-97
4147787,0,-128
4147787,1,-128
4147787,2,-93
4147787,3,-94
4147787,4,-97
4147787,5,-97
4147787,6,-97
4147787,7,-97
4167808,0,-128
4167808,1,-128
4167808,2,-94
4167808,3,-96
4167808,4,-128
4167808,5,-97
4167808,6,-128
4167808,7,-97
4187829,0,-128
4187829,1,-97
4187829,2,-95
4187829,3,-94
4187829,4,-128
4187829,5,-95
4187829,6,-128
4187829,7,-95
229
4207884,0,-128
4207884,1,-128
4207884,2,-97
4207884,3,-97
4207884,4,-97
4207884,5,-97
4207884,6,-128
4207884,7,-96
4227905,0,-128
4227905,1,-128
4227905,2,-95
4227905,3,-97
4227905,4,-97
4227905,5,-97
4227905,6,-128
4227905,7,-97
4247926,0,-128
4247926,1,-128
4247926,2,-95
4247926,3,-128
4247926,4,-97
4247926,5,-97
4247926,6,-128
4247926,7,-97
4267947,0,-128
4267947,1,-128
4267947,2,-96
4267947,3,-96
4267947,4,-97
4267947,5,-97
4267947,6,-128
4267947,7,-96
4287968,0,-128
4287968,1,-128
4287968,2,-96
4287968,3,-97
4287968,4,-128
4287968,5,-97
4287968,6,-128
4287968,7,-96
4307989,0,-128
4307989,1,-128
4307989,2,-97
4307989,3,-96
4307989,4,-95
4307989,5,-97
4307989,6,-128
4307989,7,-96
4328010,0,-128
4328010,1,-128
4328010,2,-96
4328010,3,-97
4328010,4,-97
4328010,5,-97
4328010,6,-128
4328010,7,-97
4348031,0,-128
4348031,1,-128
4348031,2,-97
4348031,3,-94
4348031,4,-97
4348031,5,-94
4348031,6,-128
4348031,7,-97
4368052,0,-128
4368052,1,-128
4368052,2,-96
4368052,3,-97
4368052,4,-95
4368052,5,-97
4368052,6,-128
4368052,7,-95
4388073,0,-128
4388073,1,-128
4388073,2,-95
4388073,3,-128
4388073,4,-97
4388073,5,-97
4388073,6,-97
4388073,7,-88
228
4408128,0,-128
4408128,1,-128
4408128,2,-94
4408128,3,-96
4408128,4,-128
4408128,5,-97
4408128,6,-97
4408128,7,-97
4428149,0,-128
4428149,1,-128
4428149,2,-96
4428149,3,-96
4428149,4,-128
4428149,5,-97
4428149,6,-97
4428149,7,-91
4448170,0,-128
4448170,1,-96
4448170,2,-97
4448170,3,-95
4448170,4,-97
4448170,5,-96
4448170,6,-97
4448170,7,-97
4468191,0,-128
4468191,1,-128
4468191,2,-91
4468191,3,-96
4468191,4,-128
4468191,5,-96
4468191,6,-97
4468191,7,-96
4488212,0,-128
4488212,1,-128
4488212,2,-92
4488212,3,-97
4488212,4,-97
4488212,5,-97
4488212,6,-94
4488212,7,-97
4508233,0,-128
4508233,1,-128
4508233,2,-93
4508233,3,-97
4508233,4,-97
4508233,5,-97
4508233,6,-97
4508233,7,-97
4528254,0,-128
4528254,1,-128
4528254,2,-91
4528254,3,-96
4528254,4,-97
4528254,5,-95
4528254,6,-97
4528254,7,-92
4548275,0,-128
4548275,1,-128
4548275,2,-93
4548275,3,-128
4548275,4,-97
4548275,5,-97
4548275,6,-96
4548275,7,-96
4568296,0,-128
4568296,1,-97
4568296,2,-95
4568296,3,-128
4568296,4,-97
4568296,5,-97
4568296,6,-97
4568296,7,-128
4588317,0,-128
4588317,1,-97
4588317,2,-97
4588317,3,-128
4588317,4,-97
4588317,5,-97
4588317,6,-97
4588317,7,-128
227
4608372,0,-128
4608372,1,-97
4608372,2,-97
4608372,3,-128
4608372,4,-128
4608372,5,-97
4608372,6,-97
4608372,7,-128
4628393,0,-128
4628393,1,-96
4628393,2,-94
4628393,3,-128
4628393,4,-128
4628393,5,-97
4628393,6,-97
4628393,7,-94
4648414,0,-128
4648414,1,-97
4648414,2,-93
4648414,3,-128
4648414,4,-128
4648414,5,-96
4648414,6,-97
4648414,7,-92
4668435,0,-128
4668435,1,-97
4668435,2,-95
4668435,3,-128
4668435,4,-128
4668435,5,-97
4668435,6,-97
4668435,7,-97
4688456,0,-128
4688456,1,-96
4688456,2,-97
4688456,3,-128
4688456,4,-128
4688456,5,-96
4688456,6,-97
4688456,7,-97
4708477,0,-128
4708477,1,-97
4708477,2,-95
4708477,3,-128
4708477,4,-128
4708477,5,-97
4708477,6,-97
4708477,7,-95
4728498,0,-128
4728498,1,-97
4728498,2,-97
4728498,3,-128
4728498,4,-128
4728498,5,-97
4728498,6,-96
4728498,7,-86
4748519,0,-128
4748519,1,-97
4748519,2,-96
4748519,3,-128
4748519,4,-96
4748519,5,-96
4748519,6,-97
4748519,7,-97
4768540,0,-128
4768540,1,-97
4768540,2,-128
4768540,3,-128
4768540,4,-95
4768540,5,-97
4768540,6,-97
4768540,7,-97
4788561,0,-128
4788561,1,-97
4788561,2,-97
4788561,3,-128
4788561,4,-97
4788561,5,-96
4788561,6,-97
4788561,7,-97
226
4808616,0,-128
4808616,1,-128
4808616,2,-96
4808616,3,-128
4808616,4,-96
4808616,5,-97
4808616,6,-97
4808616,7,-96
4828637,0,-128
4828637,1,-97
4828637,2,-96
4828637,3,-128
4828637,4,-128
4828637,5,-95
4828637,6,-128
4828637,7,-96
4848658,0,-128
4848658,1,-97
4848658,2,-96
4848658,3,-97
4848658,4,-128
4848658,5,-95
4848658,6,-97
4848658,7,-96
4868679,0,-128
4868679,1,-97
4868679,2,-97
4868679,3,-97
4868679,4,-128
4868679,5,-97
4868679,6,-96
4868679,7,-79
4888700,0,-128
4888700,1,-128
4888700,2,-85
4888700,3,-97
4888700,4,-128
4888700,5,-128
4888700,6,-97
4888700,7,-72
4908721,0,-128
4908721,1,-97
4908721,2,-85
4908721,3,-96
4908721,4,-128
4908721,5,-97
4908721,6,-97
4908721,7,-128
4928742,0,-128
4928742,1,-128
4928742,2,-92
4928742,3,-96
4928742,4,-128
4928742,5,-128
4928742,6,-97
4928742,7,-97
4948763,0,-128
4948763,1,-128
4948763,2,-97
4948763,3,-97
4948763,4,-128
4948763,5,-96
4948763,6,-97
4948763,7,-83
4968784,0,-128
4968784,1,-128
4968784,2,-96
4968784,3,-97
4968784,4,-128
4968784,5,-128
4968784,6,-97
4968784,7,-93
4988805,0,-128
4988805,1,-128
4988805,2,-97
4988805,3,-97
4988805,4,-128
4988805,5,-128
4988805,6,-128
4988805,7,-73
225
5008860,0,-128
5008860,1,-128
5008860,2,-128
5008860,3,-128
5008860,4,-128
5008860,5,-128
5008860,6,-97
5008860,7,-91
5028881,0,-128
5028881,1,-128
5028881,2,-128
5028881,3,-128
5028881,4,-128
5028881,5,-128
5028881,6,-97
5028881,7,-86
5048902,0,-128
5048902,1,-128
5048902,2,-97
5048902,3,-128
5048902,4,-128
5048902,5,-128
5048902,6,-97
5048902,7,-93
5068923,0,-128
5068923,1,-128
5068923,2,-97
5068923,3,-128
5068923,4,-128
5068923,5,-128
5068923,6,-128
5068923,7,-81
5088944,0,-128
5088944,1,-128
5088944,2,-97
5088944,3,-128
5088944,4,-128
5088944,5,-97
5088944,6,-128
5088944,7,-83
5108965,0,-128
5108965,1,-97
5108965,2,-97
5108965,3,-128
5108965,4,-128
5108965,5,-97
5108965,6,-96
5108965,7,-92
5128986,0,-128
5128986,1,-96
5128986,2,-128
5128986,3,-97
5128986,4,-128
5128986,5,-128
5128986,6,-97
5128986,7,-77
5149007,0,-128
5149007,1,-97
5149007,2,-128
5149007,3,-97
5149007,4,-128
5149007,5,-128
5149007,6,-128
5149007,7,-94
5169028,0,-128
5169028,1,-97
5169028,2,-97
5169028,3,-97
5169028,4,-128
5169028,5,-128
5169028,6,-128
5169028,7,-97
5189049,0,-128
5189049,1,-97
5189049,2,-97
5189049,3,-95
5189049,4,-128
5189049,5,-97
5189049,6,-97
5189049,7,-93
224
5209104,0,-128
5209104,1,-95
5209104,2,-88
5209104,3,-97
5209104,4,-128
5209104,5,-97
5209104,6,-95
5209104,7,-128
5229125,0,-128
5229125,1,-128
5229125,2,-95
5229125,3,-128
5229125,4,-128
5229125,5,-93
5229125,6,-97
5229125,7,-128
5249146,0,-128
5249146,1,-128
5249146,2,-87
5249146,3,-128
5249146,4,-128
5249146,5,-96
5249146,6,-97
5249146,7,-96
5269167,0,-128
5269167,1,-97
5269167,2,-95
5269167,3,-128
5269167,4,-128
5269167,5,-97
5269167,6,-97
5269167,7,-97
5289188,0,-128
5289188,1,-128
5289188,2,-93
5289188,3,-128
5289188,4,-128
5289188,5,-97
5289188,6,-128
5289188,7,-96
5309209,0,-128
5309209,1,-128
5309209,2,-90
5309209,3,-128
5309209,4,-128
5309209,5,-128
5309209,6,-97
5309209,7,-128
5329230,0,-128
5329230,1,-128
5329230,2,-95
5329230,3,-128
5329230,4,-128
5329230,5,-97
5329230,6,-97
5329230,7,-128
5349251,0,-128
5349251,1,-97
5349251,2,-88
5349251,3,-128
5349251,4,-128
5349251,5,-97
5349251,6,-97
5349251,7,-96
5369272,0,-128
5369272,1,-128
5369272,2,-91
5369272,3,-128
5369272,4,-128
5369272,5,-97
5369272,6,-97
5369272,7,-84
5389293,0,-128
5389293,1,-128
5389293,2,-88
5389293,3,-128
5389293,4,-128
5389293,5,-97
5389293,6,-97
5389293,7,-96
223
5409347,0,-128
5409347,1,-128
5409347,2,-93
5409347,3,-128
5409347,4,-128
5409347,5,-97
5409347,6,-128
5409347,7,-97
5429368,0,-128
5429368,1,-128
5429368,2,-97
5429368,3,-128
5429368,4,-128
5429368,5,-97
5429368,6,-97
5429368,7,-97
5449389,0,-128
5449389,1,-128
5449389,2,-128
5449389,3,-128
5449389,4,-128
5449389,5,-97
5449389,6,-97
5449389,7,-96
5469410,0,-128
5469410,1,-97
5469410,2,-97
5469410,3,-128
5469410,4,-128
5469410,5,-97
5469410,6,-97
5469410,7,-97
5489431,0,-128
5489431,1,-97
5489431,2,-128
5489431,3,-128
5489431,4,-128
5489431,5,-97
5489431,6,-94
5489431,7,-97
5509452,0,-128
5509452,1,-97
5509452,2,-128
5509452,3,-128
5509452,4,-128
5509452,5,-97
5509452,6,-97
5509452,7,-96
5529473,0,-128
5529473,1,-128
5529473,2,-128
5529473,3,-96
5529473,4,-128
5529473,5,-128
5529473,6,-96
5529473,7,-93
5549494,0,-128
5549494,1,-128
5549494,2,-96
5549494,3,-94
5549494,4,-128
5549494,5,-128
5549494,6,-96
5549494,7,-94
5569515,0,-128
5569515,1,-128
5569515,2,-96
5569515,3,-97
5569515,4,-128
5569515,5,-128
5569515,6,-97
5569515,7,-96
5589536,0,-128
5589536,1,-128
5589536,2,-93
5589536,3,-94
5589536,4,-128
5589536,5,-97
5589536,6,-97
5589536,7,-97
222
5609591,0,-128
5609591,1,-128
5609591,2,-92
5609591,3,-97
5609591,4,-128
5609591,5,-97
5609591,6,-128
5609591,7,-96
5629612,0,-128
5629612,1,-128
5629612,2,-92
5629612,3,-128
5629612,4,-128
5629612,5,-128
5629612,6,-128
5629612,7,-96
5649633,0,-128
5649633,1,-128
5649633,2,-95
5649633,3,-96
5649633,4,-128
5649633,5,-128
5649633,6,-128
5649633,7,-96
5669654,0,-128
5669654,1,-97
5669654,2,-95
5669654,3,-96
5669654,4,-128
5669654,5,-128
5669654,6,-128
5669654,7,-97
5689675,0,-128
5689675,1,-128
5689675,2,-92
5689675,3,-94
5689675,4,-128
5689675,5,-128
5689675,6,-128
5689675,7,-93
5709696,0,-128
5709696,1,-97
5709696,2,-95
5709696,3,-97
5709696,4,-128
5709696,5,-97
5709696,6,-128
5709696,7,-97
5729717,0,-128
5729717,1,-97
5729717,2,-89
5729717,3,-94
5729717,4,-128
5729717,5,-128
5729717,6,-128
5729717,7,-94
5749738,0,-128
5749738,1,-97
5749738,2,-87
5749738,3,-96
5749738,4,-97
5749738,5,-97
5749738,6,-128
5749738,7,-95
5769759,0,-128
5769759,1,-97
5769759,2,-79
5769759,3,-97
5769759,4,-97
5769759,5,-128
5769759,6,-128
5769759,7,-97
5789780,0,-128
5789780,1,-128
5789780,2,-76
5789780,3,-97
5789780,4,-96
5789780,5,-128
5789780,6,-128
5789780,7,-96
221
5809835,0,-128
5809835,1,-128
5809835,2,-86
5809835,3,-97
5809835,4,-96
5809835,5,-128
5809835,6,-128
5809835,7,-96
5829856,0,-128
5829856,1,-97
5829856,2,-82
5829856,3,-97
5829856,4,-91
5829856,5,-94
5829856,6,-128
5829856,7,-97
5849877,0,-128
5849877,1,-97
5849877,2,-79
5849877,3,-97
5849877,4,-96
5849877,5,-97
5849877,6,-128
5849877,7,-97
5869898,0,-128
5869898,1,-128
5869898,2,-95
5869898,3,-97
5869898,4,-93
5869898,5,-95
5869898,6,-128
5869898,7,-97
5889919,0,-128
5889919,1,-128
5889919,2,-92
5889919,3,-97
5889919,4,-96
5889919,5,-94
5889919,6,-128
5889919,7,-95
5909941,0,-128
5909941,1,-97
5909941,2,-91
5909941,3,-97
5909941,4,-97
5909941,5,-97
5909941,6,-128
5909941,7,-91
5929962,0,-128
5929962,1,-97
5929962,2,-84
5929962,3,-97
5929962,4,-96
5929962,5,-92
5929962,6,-128
5929962,7,-128
5949983,0,-128
5949983,1,-128
5949983,2,-95
5949983,3,-128
5949983,4,-97
5949983,5,-97
5949983,6,-128
5949983,7,-128
5970004,0,-128
5970004,1,-97
5970004,2,-97
5970004,3,-128
5970004,4,-128
5970004,5,-97
5970004,6,-128
5970004,7,-128
5990025,0,-128
5990025,1,-97
5990025,2,-94
5990025,3,-128
5990025,4,-96
5990025,5,-97
5990025,6,-128
5990025,7,-128
220
6010080,0,-128
6010080,1,-97
6010080,2,-82
6010080,3,-97
6010080,4,-97
6010080,5,-97
6010080,6,-128
6010080,7,-128
6030101,0,-128
6030101,1,-97
6030101,2,-95
6030101,3,-97
6030101,4,-128
6030101,5,-92
6030101,6,-128
6030101,7,-128
6050122,0,-128
6050122,1,-97
6050122,2,-95
6050122,3,-97
6050122,4,-97
6050122,5,-97
6050122,6,-128
6050122,7,-128
6070143,0,-128
6070143,1,-97
6070143,2,-90
6070143,3,-97
6070143,4,-97
6070143,5,-97
6070143,6,-128
6070143,7,-95
6090164,0,-128
6090164,1,-96
6090164,2,-93
6090164,3,-97
6090164,4,-97
6090164,5,-96
6090164,6,-128
6090164,7,-97
6110185,0,-128
6110185,1,-128
6110185,2,-94
6110185,3,-97
6110185,4,-97
6110185,5,-96
6110185,6,-128
6110185,7,-97
6130206,0,-128
6130206,1,-97
6130206,2,-95
6130206,3,-97
6130206,4,-97
6130206,5,-97
6130206,6,-97
6130206,7,-97
6150227,0,-128
6150227,1,-97
6150227,2,-96
6150227,3,-128
6150227,4,-128
6150227,5,-97
6150227,6,-97
6150227,7,-85
6170248,0,-128
6170248,1,-95
6170248,2,-88
6170248,3,-97
6170248,4,-128
6170248,5,-97
6170248,6,-97
6170248,7,-93
6190269,0,-128
6190269,1,-95
6190269,2,-89
6190269,3,-97
6190269,4,-97
6190269,5,-97
6190269,6,-97
6190269,7,-92
219
6210323,0,-128
6210323,1,-95
6210323,2,-86
6210323,3,-97
6210323,4,-97
6210323,5,-97
6210323,6,-97
6210323,7,-89
6230345,0,-128
6230345,1,-97
6230345,2,-75
6230345,3,-97
6230345,4,-97
6230345,5,-97
6230345,6,-97
6230345,7,-91
6250366,0,-128
6250366,1,-97
6250366,2,-97
6250366,3,-97
6250366,4,-97
6250366,5,-97
6250366,6,-97
6250366,7,-89
6270387,0,-128
6270387,1,-97
6270387,2,-94
6270387,3,-97
6270387,4,-97
6270387,5,-97
6270387,6,-97
6270387,7,-87
6290408,0,-128
6290408,1,-95
6290408,2,-90
6290408,3,-97
6290408,4,-97
6290408,5,-96
6290408,6,-97
6290408,7,-85
6310429,0,-128
6310429,1,-97
6310429,2,-89
6310429,3,-96
6310429,4,-97
6310429,5,-128
6310429,6,-97
6310429,7,-96
6330450,0,-128
6330450,1,-96
6330450,2,-94
6330450,3,-94
6330450,4,-97
6330450,5,-97
6330450,6,-96
6330450,7,-93
6350471,0,-128
6350471,1,-97
6350471,2,-97
6350471,3,-97
6350471,4,-97
6350471,5,-96
6350471,6,-93
6350471,7,-84
6370492,0,-128
6370492,1,-97
6370492,2,-97
6370492,3,-97
6370492,4,-97
6370492,5,-97
6370492,6,-97
6370492,7,-84
6390513,0,-128
6390513,1,-97
6390513,2,-96
6390513,3,-97
6390513,4,-97
6390513,5,-97
6390513,6,-97
6390513,7,-79
218
6410568,0,-128
6410568,1,-96
6410568,2,-128
6410568,3,-96
6410568,4,-97
6410568,5,-97
6410568,6,-95
6410568,7,-80
6430589,0,-128
6430589,1,-97
6430589,2,-128
6430589,3,-97
6430589,4,-97
6430589,5,-96
6430589,6,-97
6430589,7,-90
6450610,0,-128
6450610,1,-93
6450610,2,-97
6450610,3,-97
6450610,4,-97
6450610,5,-95
6450610,6,-97
6450610,7,-93
6470631,0,-128
6470631,1,-97
6470631,2,-128
6470631,3,-97
6470631,4,-97
6470631,5,-97
6470631,6,-128
6470631,7,-95
6490652,0,-128
6490652,1,-96
6490652,2,-96
6490652,3,-97
6490652,4,-97
6490652,5,-97
6490652,6,-97
6490652,7,-95
6510673,0,-128
6510673,1,-96
6510673,2,-96
6510673,3,-97
6510673,4,-96
6510673,5,-97
6510673,6,-97
6510673,7,-96
6530694,0,-128
6530694,1,-96
6530694,2,-97
6530694,3,-97
6530694,4,-97
6530694,5,-97
6530694,6,-97
6530694,7,-94
6550715,0,-128
6550715,1,-92
6550715,2,-96
6550715,3,-97
6550715,4,-97
6550715,5,-128
6550715,6,-128
6550715,7,-89
6570736,0,-128
6570736,1,-94
6570736,2,-97
6570736,3,-97
6570736,4,-97
6570736,5,-128
6570736,6,-97
6570736,7,-92
6590757,0,-128
6590757,1,-92
6590757,2,-96
6590757,3,-97
6590757,4,-97
6590757,5,-128
6590757,6,-97
6590757,7,-91
217
6610811,0,-128
6610811,1,-76
6610811,2,-96
6610811,3,-128
6610811,4,-97
6610811,5,-128
6610811,6,-97
6610811,7,-94
6630832,0,-128
6630832,1,-96
6630832,2,-128
6630832,3,-97
6630832,4,-97
6630832,5,-97
6630832,6,-97
6630832,7,-97
6650853,0,-128
6650853,1,-97
6650853,2,-97
6650853,3,-97
6650853,4,-97
6650853,5,-97
6650853,6,-97
6650853,7,-95
6670874,0,-128
6670874,1,-97
6670874,2,-128
6670874,3,-97
6670874,4,-97
6670874,5,-97
6670874,6,-97
6670874,7,-97
6690895,0,-128
6690895,1,-97
6690895,2,-97
6690895,3,-97
6690895,4,-97
6690895,5,-97
6690895,6,-97
6690895,7,-97
6710916,0,-128
6710916,1,-97
6710916,2,-97
6710916,3,-97
6710916,4,-97
6710916,5,-97
6710916,6,-97
6710916,7,-97
6730937,0,-128
6730937,1,-97
6730937,2,-97
6730937,3,-97
6730937,4,-97
6730937,5,-97
6730937,6,-128
6730937,7,-97
6750958,0,-128
6750958,1,-97
6750958,2,-128
6750958,3,-97
6750958,4,-97
6750958,5,-128
6750958,6,-97
6750958,7,-97
6770979,0,-128
6770979,1,-128
6770979,2,-97
6770979,3,-97
6770979,4,-97
6770979,5,-97
6770979,6,-97
6770979,7,-97
6791000,0,-128
6791000,1,-97
6791000,2,-97
6791000,3,-97
6791000,4,-97
6791000,5,-97
6791000,6,-128
6791000,7,-97
216
6811055,0,-128
6811055,1,-97
6811055,2,-128
6811055,3,-97
6811055,4,-97
6811055,5,-97
6811055,6,-97
6811055,7,-97
6831076,0,-128
6831076,1,-97
6831076,2,-128
6831076,3,-97
6831076,4,-97
6831076,5,-97
6831076,6,-97
6831076,7,-97
6851097,0,-128
6851097,1,-97
6851097,2,-128
6851097,3,-97
6851097,4,-97
6851097,5,-128
6851097,6,-128
6851097,7,-97
6871118,0,-128
6871118,1,-128
6871118,2,-128
6871118,3,-97
6871118,4,-97
6871118,5,-97
6871118,6,-97
6871118,7,-97
6891139,0,-128
6891139,1,-97
6891139,2,-97
6891139,3,-97
6891139,4,-97
6891139,5,-97
6891139,6,-97
6891139,7,-97
6911160,0,-128
6911160,1,-97
6911160,2,-97
6911160,3,-97
6911160,4,-128
6911160,5,-97
6911160,6,-97
6911160,7,-97
6931181,0,-128
6931181,1,-97
6931181,2,-128
6931181,3,-97
6931181,4,-97
6931181,5,-97
6931181,6,-97
6931181,7,-97
6951202,0,-128
6951202,1,-97
6951202,2,-128
6951202,3,-97
6951202,4,-97
6951202,5,-97
6951202,6,-97
6951202,7,-97
6971223,0,-128
6971223,1,-128
6971223,2,-128
6971223,3,-97
6971223,4,-97
6971223,5,-97
6971223,6,-97
6971223,7,-97
6991244,0,-128
6991244,1,-97
6991244,2,-128
6991244,3,-128
6991244,4,-97
6991244,5,-97
6991244,6,-97
6991244,7,-97
215
7011299,0,-128
7011299,1,-97
7011299,2,-128
7011299,3,-128
7011299,4,-97
7011299,5,-97
7011299,6,-96
7011299,7,-97
7031320,0,-128
7031320,1,-128
7031320,2,-97
7031320,3,-128
7031320,4,-97
7031320,5,-97
7031320,6,-97
7031320,7,-97
7051341,0,-128
7051341,1,-97
7051341,2,-97
7051341,3,-97
7051341,4,-97
7051341,5,-97
7051341,6,-97
7051341,7,-97
7071362,0,-128
7071362,1,-97
7071362,2,-97
7071362,3,-97
7071362,4,-97
7071362,5,-97
7071362,6,-97
7071362,7,-97
7091383,0,-128
7091383,1,-97
7091383,2,-97
7091383,3,-97
7091383,4,-97
7091383,5,-97
7091383,6,-97
7091383,7,-97
7111404,0,-128
7111404,1,-128
7111404,2,-97
7111404,3,-97
7111404,4,-97
7111404,5,-97
7111404,6,-97
7111404,7,-97
7131425,0,-128
7131425,1,-97
7131425,2,-97
7131425,3,-97
7131425,4,-97
7131425,5,-97
7131425,6,-97
7131425,7,-97
7151447,0,-128
7151447,1,-97
7151447,2,-97
7151447,3,-97
7151447,4,-97
7151447,5,-97
7151447,6,-97
7151447,7,-97
7171468,0,-128
7171468,1,-97
7171468,2,-97
7171468,3,-97
7171468,4,-97
7171468,5,-97
7171468,6,-97
7171468,7,-97
7191490,0,-128
7191490,1,-97
7191490,2,-97
7191490,3,-128
7191490,4,-97
7191490,5,-128
7191490,6,-97
7191490,7,-97
214
7211545,0,-128
7211545,1,-128
7211545,2,-97
7211545,3,-97
7211545,4,-97
7211545,5,-97
7211545,6,-96
7211545,7,-97
7231566,0,-128
7231566,1,-128
7231566,2,-97
7231566,3,-128
7231566,4,-97
7231566,5,-97
7231566,6,-97
7231566,7,-97
7251587,0,-128
7251587,1,-96
7251587,2,-97
7251587,3,-97
7251587,4,-97
7251587,5,-97
7251587,6,-97
7251587,7,-97
7271608,0,-128
7271608,1,-97
7271608,2,-97
7271608,3,-97
7271608,4,-97
7271608,5,-97
7271608,6,-128
7271608,7,-97
7291629,0,-128
7291629,1,-97
7291629,2,-97
7291629,3,-128
7291629,4,-97
7291629,5,-128
7291629,6,-97
7291629,7,-97
7311650,0,-128
7311650,1,-128
7311650,2,-97
7311650,3,-97
7311650,4,-97
7311650,5,-97
7311650,6,-97
7311650,7,-97
7331671,0,-128
7331671,1,-128
7331671,2,-97
7331671,3,-97
7331671,4,-97
7331671,5,-128
7331671,6,-97
7331671,7,-97
7351692,0,-128
7351692,1,-128
7351692,2,-97
7351692,3,-128
7351692,4,-97
7351692,5,-97
7351692,6,-97
7351692,7,-97
7371713,0,-128
7371713,1,-128
7371713,2,-128
7371713,3,-97
7371713,4,-97
7371713,5,-128
7371713,6,-97
7371713,7,-97
7391734,0,-128
7391734,1,-97
7391734,2,-97
7391734,3,-97
7391734,4,-128
7391734,5,-97
7391734,6,-97
7391734,7,-97
213
7411789,0,-128
7411789,1,-128
7411789,2,-128
7411789,3,-97
7411789,4,-97
7411789,5,-97
7411789,6,-97
7411789,7,-97
7431810,0,-128
7431810,1,-97
7431810,2,-97
7431810,3,-97
7431810,4,-97
7431810,5,-97
7431810,6,-97
7431810,7,-97
7451831,0,-128
7451831,1,-97
7451831,2,-97
7451831,3,-97
7451831,4,-97
7451831,5,-128
7451831,6,-97
7451831,7,-97
7471853,0,-128
7471853,1,-128
7471853,2,-97
7471853,3,-97
7471853,4,-128
7471853,5,-128
7471853,6,-97
7471853,7,-97
7491874,0,-128
7491874,1,-97
7491874,2,-97
7491874,3,-97
7491874,4,-97
7491874,5,-97
7491874,6,-97
7491874,7,-97
7511895,0,-128
7511895,1,-97
7511895,2,-128
7511895,3,-97
7511895,4,-97
7511895,5,-128
7511895,6,-97
7511895,7,-97
7531916,0,-128
7531916,1,-97
7531916,2,-97
7531916,3,-97
7531916,4,-97
7531916,5,-97
7531916,6,-97
7531916,7,-97
7551937,0,-128
7551937,1,-97
7551937,2,-97
7551937,3,-97
7551937,4,-97
7551937,5,-97
7551937,6,-97
7551937,7,-97
7571958,0,-128
7571958,1,-97
7571958,2,-97
7571958,3,-97
7571958,4,-97
7571958,5,-97
7571958,6,-97
7571958,7,-97
7591979,0,-128
7591979,1,-97
7591979,2,-97
7591979,3,-97
7591979,4,-97
7591979,5,-97
7591979,6,-97
7591979,7,-97
212
7612033,0,-128
7612033,1,-97
7612033,2,-97
7612033,3,-97
7612033,4,-97
7612033,5,-97
7612033,6,-97
7612033,7,-97
7632054,0,-128
7632054,1,-97
7632054,2,-97
7632054,3,-97
7632054,4,-97
7632054,5,-97
7632054,6,-97
7632054,7,-97
7652075,0,-128
7652075,1,-97
7652075,2,-97
7652075,3,-97
7652075,4,-97
7652075,5,-128
7652075,6,-97
7652075,7,-97
7672096,0,-128
7672096,1,-97
7672096,2,-97
7672096,3,-97
7672096,4,-97
7672096,5,-97
7672096,6,-97
7672096,7,-97
7692117,0,-128
7692117,1,-97
7692117,2,-97
7692117,3,-97
7692117,4,-97
7692117,5,-97
7692117,6,-97
7692117,7,-97
7712139,0,-128
7712139,1,-97
7712139,2,-97
7712139,3,-97
7712139,4,-97
7712139,5,-97
7712139,6,-97
7712139,7,-97
7732160,0,-128
7732160,1,-97
7732160,2,-97
7732160,3,-97
7732160,4,-97
7732160,5,-97
7732160,6,-97
7732160,7,-97
7752181,0,-128
7752181,1,-97
7752181,2,-97
7752181,3,-97
7752181,4,-97
7752181,5,-97
7752181,6,-97
7752181,7,-97
7772202,0,-128
7772202,1,-97
7772202,2,-97
7772202,3,-97
7772202,4,-97
7772202,5,-97
7772202,6,-96
7772202,7,-97
7792223,0,-128
7792223,1,-97
7792223,2,-97
7792223,3,-97
7792223,4,-97
7792223,5,-97
7792223,6,-97
7792223,7,-97
211
7812278,0,-128
7812278,1,-97
7812278,2,-97
7812278,3,-97
7812278,4,-97
7812278,5,-97
7812278,6,-97
7812278,7,-97
7832299,0,-128
7832299,1,-97
7832299,2,-97
7832299,3,-97
7832299,4,-97
7832299,5,-97
7832299,6,-97
7832299,7,-97
7852320,0,-128
7852320,1,-97
7852320,2,-97
7852320,3,-97
7852320,4,-97
7852320,5,-97
7852320,6,-97
7852320,7,-97
7872341,0,-128
7872341,1,-97
7872341,2,-97
7872341,3,-97
7872341,4,-97
7872341,5,-97
7872341,6,-97
7872341,7,-97
7892362,0,-128
7892362,1,-128
7892362,2,-97
7892362,3,-97
7892362,4,-97
7892362,5,-97
7892362,6,-97
7892362,7,-97
7912383,0,-128
7912383,1,-97
7912383,2,-97
7912383,3,-97
7912383,4,-97
7912383,5,-97
7912383,6,-97
7912383,7,-97
7932404,0,-128
7932404,1,-97
7932404,2,-97
7932404,3,-97
7932404,4,-97
7932404,5,-97
7932404,6,-97
7932404,7,-97
7952425,0,-128
7952425,1,-97
7952425,2,-97
7952425,3,-97
7952425,4,-97
7952425,5,-97
7952425,6,-97
7952425,7,-97
7972446,0,-128
7972446,1,-97
7972446,2,-97
7972446,3,-97
7972446,4,-97
7972446,5,-97
7972446,6,-97
7972446,7,-97
7992467,0,-128
7992467,1,-97
7992467,2,-97
7992467,3,-97
7992467,4,-97
7992467,5,-97
7992467,6,-97
7992467,7,-97
210
8012522,0,-128
8012522,1,-97
8012522,2,-97
8012522,3,-97
8012522,4,-97
8012522,5,-97
8012522,6,-97
8012522,7,-97
8032543,0,-128
8032543,1,-128
8032543,2,-97
8032543,3,-97
8032543,4,-97
8032543,5,-97
8032543,6,-97
8032543,7,-97
8052564,0,-128
8052564,1,-128
8052564,2,-97
8052564,3,-97
8052564,4,-97
8052564,5,-97
8052564,6,-97
8052564,7,-97
8072585,0,-128
8072585,1,-97
8072585,2,-97
8072585,3,-97
8072585,4,-97
8072585,5,-97
8072585,6,-97
8072585,7,-97
8092606,0,-128
8092606,1,-97
8092606,2,-97
8092606,3,-97
8092606,4,-97
8092606,5,-128
8092606,6,-97
8092606,7,-97
8112627,0,-128
8112627,1,-128
8112627,2,-97
8112627,3,-97
8112627,4,-97
8112627,5,-97
8112627,6,-97
8112627,7,-97
8132648,0,-128
8132648,1,-97
8132648,2,-97
8132648,3,-97
8132648,4,-97
8132648,5,-97
8132648,6,-97
8132648,7,-97
8152669,0,-128
8152669,1,-128
8152669,2,-97
8152669,3,-97
8152669,4,-97
8152669,5,-97
8152669,6,-97
8152669,7,-97
8172690,0,-128
8172690,1,-97
8172690,2,-97
8172690,3,-97
8172690,4,-97
8172690,5,-97
8172690,6,-97
8172690,7,-97
8192711,0,-128
8192711,1,-97
8192711,2,-97
8192711,3,-97
8192711,4,-97
8192711,5,-97
8192711,6,-97
8192711,7,-97
209
8212766,0,-128
8212766,1,-97
8212766,2,-97
8212766,3,-97
8212766,4,-97
8212766,5,-97
8212766,6,-97
8212766,7,-97
8232787,0,-128
8232787,1,-128
8232787,2,-97
8232787,3,-97
8232787,4,-97
8232787,5,-97
8232787,6,-97
8232787,7,-97
8252808,0,-128
8252808,1,-97
8252808,2,-97
8252808,3,-97
8252808,4,-97
8252808,5,-97
8252808,6,-97
8252808,7,-97
8272829,0,-128
8272829,1,-128
8272829,2,-97
8272829,3,-97
8272829,4,-97
8272829,5,-97
8272829,6,-97
8272829,7,-97
8292851,0,-128
8292851,1,-128
8292851,2,-97
8292851,3,-97
8292851,4,-97
8292851,5,-97
8292851,6,-97
8292851,7,-97
8312872,0,-128
8312872,1,-97
8312872,2,-97
8312872,3,-97
8312872,4,-97
8312872,5,-97
8312872,6,-97
8312872,7,-97
8332893,0,-128
8332893,1,-128
8332893,2,-128
8332893,3,-128
8332893,4,-97
8332893,5,-97
8332893,6,-97
8332893,7,-97
8352914,0,-128
8352914,1,-97
8352914,2,-128
8352914,3,-128
8352914,4,-97
8352914,5,-97
8352914,6,-97
8352914,7,-97
8372935,0,-128
8372935,1,-97
8372935,2,-97
8372935,3,-128
8372935,4,-97
8372935,5,-97
8372935,6,-97
8372935,7,-97
8392956,0,-128
8392956,1,-128
8392956,2,-97
8392956,3,-128
8392956,4,-97
8392956,5,-97
8392956,6,-97
8392956,7,-97
208
8413011,0,-128
8413011,1,-97
8413011,2,-97
8413011,3,-128
8413011,4,-97
8413011,5,-97
8413011,6,-97
8413011,7,-97
8433032,0,-128
8433032,1,-97
8433032,2,-97
8433032,3,-97
8433032,4,-97
8433032,5,-97
8433032,6,-128
8433032,7,-97
8453053,0,-128
8453053,1,-97
8453053,2,-128
8453053,3,-97
8453053,4,-97
8453053,5,-97
8453053,6,-128
8453053,7,-97
8473074,0,-128
8473074,1,-128
8473074,2,-128
8473074,3,-97
8473074,4,-97
8473074,5,-97
8473074,6,-97
8473074,7,-97
8493095,0,-128
8493095,1,-97
8493095,2,-97
8493095,3,-97
8493095,4,-128
8493095,5,-97
8493095,6,-97
8493095,7,-97
8513116,0,-128
8513116,1,-97
8513116,2,-97
8513116,3,-97
8513116,4,-128
8513116,5,-97
8513116,6,-97
8513116,7,-97
8533137,0,-128
8533137,1,-97
8533137,2,-97
8533137,3,-128
8533137,4,-97
8533137,5,-97
8533137,6,-128
8533137,7,-97
8553158,0,-128
8553158,1,-97
8553158,2,-97
8553158,3,-128
8553158,4,-97
8553158,5,-97
8553158,6,-97
8553158,7,-97
8573179,0,-128
8573179,1,-128
8573179,2,-97
8573179,3,-97
8573179,4,-97
8573179,5,-97
8573179,6,-97
8573179,7,-97
8593200,0,-128
8593200,1,-97
8593200,2,-97
8593200,3,-97
8593200,4,-97
8593200,5,-97
8593200,6,-97
8593200,7,-97
207
8613255,0,-128
8613255,1,-95
8613255,2,-97
8613255,3,-97
8613255,4,-97
8613255,5,-97
8613255,6,-97
8613255,7,-97
8633276,0,-128
8633276,1,-128
8633276,2,-97
8633276,3,-128
8633276,4,-97
8633276,5,-97
8633276,6,-97
8633276,7,-97
8653297,0,-128
8653297,1,-128
8653297,2,-97
8653297,3,-97
8653297,4,-97
8653297,5,-97
8653297,6,-97
8653297,7,-97
8673319,0,-128
8673319,1,-128
8673319,2,-97
8673319,3,-97
8673319,4,-128
8673319,5,-128
8673319,6,-97
8673319,7,-97
8693340,0,-128
8693340,1,-128
8693340,2,-97
8693340,3,-128
8693340,4,-128
8693340,5,-97
8693340,6,-97
8693340,7,-97
8713361,0,-128
8713361,1,-128
8713361,2,-97
8713361,3,-128
8713361,4,-97
8713361,5,-97
8713361,6,-97
8713361,7,-97
8733382,0,-128
8733382,1,-128
8733382,2,-97
8733382,3,-97
8733382,4,-128
8733382,5,-97
8733382,6,-97
8733382,7,-97
8753403,0,-128
8753403,1,-128
8753403,2,-97
8753403,3,-97
8753403,4,-97
8753403,5,-97
8753403,6,-97
8753403,7,-97
8773424,0,-128
8773424,1,-128
8773424,2,-97
8773424,3,-97
8773424,4,-97
8773424,5,-95
8773424,6,-97
8773424,7,-97
8793445,0,-128
8793445,1,-128
8793445,2,-97
8793445,3,-95
8793445,4,-97
8793445,5,-97
8793445,6,-96
8793445,7,-97
206
8813499,0,-128
8813499,1,-97
8813499,2,-97
8813499,3,-97
8813499,4,-97
8813499,5,-128
8813499,6,-128
8813499,7,-97
8833520,0,-128
8833520,1,-128
8833520,2,-97
8833520,3,-97
8833520,4,-128
8833520,5,-128
8833520,6,-128
8833520,7,-97
8853541,0,-128
8853541,1,-97
8853541,2,-97
8853541,3,-97
8853541,4,-128
8853541,5,-97
8853541,6,-128
8853541,7,-97
8873562,0,-128
8873562,1,-88
8873562,2,-97
8873562,3,-128
8873562,4,-97
8873562,5,-128
8873562,6,-128
8873562,7,-97
8893583,0,-128
8893583,1,-97
8893583,2,-97
8893583,3,-128
8893583,4,-128
8893583,5,-128
8893583,6,-128
8893583,7,-97
8913604,0,-128
8913604,1,-97
8913604,2,-97
8913604,3,-128
8913604,4,-97
8913604,5,-128
8913604,6,-128
8913604,7,-97
8933625,0,-128
8933625,1,-97
8933625,2,-97
8933625,3,-128
8933625,4,-97
8933625,5,-128
8933625,6,-128
8933625,7,-97
8953646,0,-128
8953646,1,-97
8953646,2,-97
8953646,3,-128
8953646,4,-97
8953646,5,-128
8953646,6,-128
8953646,7,-97
8973667,0,-128
8973667,1,-97
8973667,2,-97
8973667,3,-128
8973667,4,-97
8973667,5,-128
8973667,6,-128
8973667,7,-97
8993688,0,-128
8993688,1,-96
8993688,2,-97
8993688,3,-128
8993688,4,-97
8993688,5,-97
8993688,6,-128
8993688,7,-97
205
9013743,0,-128
9013743,1,-97
9013743,2,-128
9013743,3,-128
9013743,4,-96
9013743,5,-97
9013743,6,-128
9013743,7,-97
9033764,0,-128
9033764,1,-96
9033764,2,-97
9033764,3,-128
9033764,4,-97
9033764,5,-96
9033764,6,-128
9033764,7,-97
9053785,0,-128
9053785,1,-97
9053785,2,-97
9053785,3,-128
9053785,4,-96
9053785,5,-97
9053785,6,-128
9053785,7,-97
9073806,0,-128
9073806,1,-96
9073806,2,-97
9073806,3,-128
9073806,4,-97
9073806,5,-97
9073806,6,-128
9073806,7,-97
9093827,0,-128
9093827,1,-95
9093827,2,-97
9093827,3,-128
9093827,4,-128
9093827,5,-97
9093827,6,-128
9093827,7,-97
9113848,0,-128
9113848,1,-94
9113848,2,-128
9113848,3,-128
9113848,4,-128
9113848,5,-97
9113848,6,-128
9113848,7,-97
9133869,0,-128
9133869,1,-96
9133869,2,-128
9133869,3,-128
9133869,4,-128
9133869,5,-97
9133869,6,-128
9133869,7,-96
9153890,0,-128
9153890,1,-128
9153890,2,-128
9153890,3,-128
9153890,4,-128
9153890,5,-88
9153890,6,-128
9153890,7,-96
9173911,0,-128
9173911,1,-128
9173911,2,-128
9173911,3,-128
9173911,4,-128
9173911,5,-97
9173911,6,-128
9173911,7,-97
9193932,0,-128
9193932,1,-128
9193932,2,-128
9193932,3,-128
9193932,4,-128
9193932,5,-97
9193932,6,-128
9193932,7,-97
204
9213987,0,-128
9213987,1,-128
9213987,2,-128
9213987,3,-128
9213987,4,-128
9213987,5,-97
9213987,6,-128
9213987,7,-97
9234008,0,-128
9234008,1,-128
9234008,2,-128
9234008,3,-128
9234008,4,-128
9234008,5,-128
9234008,6,-128
9234008,7,-97
9254029,0,-128
9254029,1,-128
9254029,2,-128
9254029,3,-128
9254029,4,-128
9254029,5,-97
9254029,6,-94
9254029,7,-97
9274050,0,-128
9274050,1,-128
9274050,2,-128
9274050,3,-128
9274050,4,-128
9274050,5,-91
9274050,6,-96
9274050,7,-97
9294071,0,-128
9294071,1,-96
9294071,2,-128
9294071,3,-128
9294071,4,-128
9294071,5,-93
9294071,6,-91
9294071,7,-97
9314092,0,-128
9314092,1,-93
9314092,2,-128
9314092,3,-128
9314092,4,-128
9314092,5,-93
9314092,6,-97
9314092,7,-97
9334113,0,-128
9334113,1,-97
9334113,2,-128
9334113,3,-128
9334113,4,-128
9334113,5,-95
9334113,6,-96
9334113,7,-97
9354134,0,-128
9354134,1,-128
9354134,2,-128
9354134,3,-128
9354134,4,-128
9354134,5,-96
9354134,6,-84
9354134,7,-97
9374155,0,-128
9374155,1,-97
9374155,2,-128
9374155,3,-128
9374155,4,-128
9374155,5,-93
9374155,6,-94
9374155,7,-97
9394176,0,-128
9394176,1,-97
9394176,2,-128
9394176,3,-128
9394176,4,-128
9394176,5,-91
9394176,6,-93
9394176,7,-97
203
-1,-1,-1
-1,-1,-1
-1,-1,-1
-1,-1,-1
-1,-1,-1
-1,-1,-1
-1,-1,-1
-1,-1,-1
-1,-1,-1
-1,-1,-1
-1,-1,-1
-1,-1,-1
-1,-1,-1
-1,-1,-1
-1,-1,-1
-1,-1,-1
-1,-1,-1
-1,-1,-1
-1,-1,-1
-1,-1,-1
-1,-1,-1
-1,-1,-1
-1,-1,-1
-1,-1,-1
-1,-1,-1
-1,-1,-1
-1,-1,-1
-1,-1,-1
-1,-1,-1
-1,-1,-1
-1,-1,-1
-1,-1,-1
-1,-1,-1
-1,-1,-1
-1,-1,-1
-1,-1,-1
-1,-1,-1
-1,-1,-1
-1,-1,-1
-1,-1,-1
-1,-1,-1
-1,-1,-1
-1,-1,-1
-1,-1,-1
-1,-1,-1
-1,-1,-1
-1,-1,-1
-1,-1,-1
-1,-1,-1
-1,-1,-1
-1,-1,-1
-1,-1,-1
-1,-1,-1
-1,-1,-1
-1,-1,-1
-1,-1,-1
-1,-1,-1
-1,-1,-1
-1,-1,-1
-1,-1,-1
-1,-1,-1
-1,-1,-1
-1,-1,-1
-1,-1,-1
-1,-1,-1
-1,-1,-1
-1,-1,-1
-1,-1,-1
-1,-1,-1
-1,-1,-1
-1,-1,-1
-1,-1,-1
-1,-1,-1
-1,-1,-1
-1,-1,-1
-1,-1,-1
-1,-1,-1
-1,-1,-1
-1,-1,-1
-1,-1,-1
202
-1,-1,-1
-1,-1,-1
-1,-1,-1
-1,-1,-1
-1,-1,-1
-1,-1,-1
-1,-1,-1
-1,-1,-1
-1,-1,-1
-1,-1,-1
-1,-1,-1
-1,-1,-1
-1,-1,-1
-1,-1,-1
-1,-1,-1
-1,-1,-1
-1,-1,-1
-1,-1,-1
-1,-1,-1
-1,-1,-1
-1,-1,-1
-1,-1,-1
-1,-1,-1
-1,-1,-1
-1,-1,-1
-1,-1,-1
-1,-1,-1
-1,-1,-1
-1,-1,-1
-1,-1,-1
-1,-1,-1
-1,-1,-1
-1,-1,-1
-1,-1,-1
-1,-1,-1
-1,-1,-1
-1,-1,-1
-1,-1,-1
-1,-1,-1
-1,-1,-1
-1,-1,-1
-1,-1,-1
-1,-1,-1
-1,-1,-1
-1,-1,-1
-1,-1,-1
-1,-1,-1
-1,-1,-1
-1,-1,-1
-1,-1,-1
-1,-1,-1
-1,-1,-1
-1,-1,-1
-1,-1,-1
-1,-1,-1
-1,-1,-1
-1,-1,-1
-1,-1,-1
-1,-1,-1
-1,-1,-1
-1,-1,-1
-1,-1,-1
-1,-1,-1
-1,-1,-1
-1,-1,-1
-1,-1,-1
-1,-1,-1
-1,-1,-1
-1,-1,-1
-1,-1,-1
-1,-1,-1
-1,-1,-1
-1,-1,-1
-1,-1,-1
-1,-1,-1
-1,-1,-1
-1,-1,-1
-1,-1,-1
-1,-1,-1
-1,-1,-1
201
-1,-1,-1
-1,-1,-1
-1,-1,-1
-1,-1,-1
-1,-1,-1
-1,-1,-1
-1,-1,-1
-1,-1,-1
-1,-1,-1
-1,-1,-1
-1,-1,-1
-1,-1,-1
-1,-1,-1
-1,-1,-1
-1,-1,-1
-1,-1,-1
-1,-1,-1
-1,-1,-1
-1,-1,-1
-1,-1,-1
-1,-1,-1
-1,-1,-1
-1,-1,-1
-1,-1,-1
-1,-1,-1
-1,-1,-1
-1,-1,-1
-1,-1,-1
-1,-1,-1
-1,-1,-1
-1,-1,-1
-1,-1,-1
-1,-1,-1
-1,-1,-1
-1,-1,-1
-1,-1,-1
-1,-1,-1
-1,-1,-1
-1,-1,-1
-1,-1,-1
-1,-1,-1
-1,-1,-1
-1,-1,-1
-1,-1,-1
-1,-1,-1
-1,-1,-1
-1,-1,-1
-1,-1,-1
-1,-1,-1
-1,-1,-1
-1,-1,-1
-1,-1,-1
-1,-1,-1
-1,-1,-1
-1,-1,-1
-1,-1,-1
-1,-1,-1
-1,-1,-1
-1,-1,-1
-1,-1,-1
-1,-1,-1
-1,-1,-1
-1,-1,-1
-1,-1,-1
-1,-1,-1
-1,-1,-1
-1,-1,-1
-1,-1,-1
-1,-1,-1
-1,-1,-1
-1,-1,-1
-1,-1,-1
-1,-1,-1
-1,-1,-1
-1,-1,-1
-1,-1,-1
-1,-1,-1
-1,-1,-1
-1,-1,-1
-1,-1,-1
200
-1,-1,-1
-1,-1,-1
-1,-1,-1
-1,-1,-1
-1,-1,-1
-1,-1,-1
-1,-1,-1
-1,-1,-1
-1,-1,-1
-1,-1,-1
-1,-1,-1
-1,-1,-1
-1,-1,-1
-1,-1,-1
-1,-1,-1
-1,-1,-1
-1,-1,-1
-1,-1,-1
-1,-1,-1
-1,-1,-1
-1,-1,-1
-1,-1,-1
-1,-1,-1
-1,-1,-1
-1,-1,-1
-1,-1,-1
-1,-1,-1
-1,-1,-1
-1,-1,-1
-1,-1,-1
-1,-1,-1
-1,-1,-1
-1,-1,-1
-1,-1,-1
-1,-1,-1
-1,-1,-1
-1,-1,-1
-1,-1,-1
-1,-1,-1
-1,-1,-1
-1,-1,-1
-1,-1,-1
-1,-1,-1
-1,-1,-1
-1,-1,-1
-1,-1,-1
-1,-1,-1
-1,-1,-1
-1,-1,-1
-1,-1,-1
-1,-1,-1
-1,-1,-1
-1,-1,-1
-1,-1,-1
-1,-1,-1
-1,-1,-1
-1,-1,-1
-1,-1,-1
-1,-1,-1
-1,-1,-1
-1,-1,-1
-1,-1,-1
-1,-1,-1
-1,-1,-1
-1,-1,-1
-1,-1,-1
-1,-1,-1
-1,-1,-1
-1,-1,-1
-1,-1,-1
-1,-1,-1
-1,-1,-1
-1,-1,-1
-1,-1,-1
-1,-1,-1
-1,-1,-1
-1,-1,-1
-1,-1,-1
-1,-1,-1
-1,-1,-1
199
-1,-1,-1
-1,-1,-1
-1,-1,-1
-1,-1,-1
-1,-1,-1
-1,-1,-1
-1,-1,-1
-1,-1,-1
-1,-1,-1
-1,-1,-1
-1,-1,-1
-1,-1,-1
-1,-1,-1
-1,-1,-1
-1,-1,-1
-1,-1,-1
-1,-1,-1
-1,-1,-1
-1,-1,-1
-1,-1,-1
-1,-1,-1
-1,-1,-1
-1,-1,-1
-1,-1,-1
-1,-1,-1
-1,-1,-1
-1,-1,-1
-1,-1,-1
-1,-1,-1
-1,-1,-1
-1,-1,-1
-1,-1,-1
-1,-1,-1
-1,-1,-1
-1,-1,-1
-1,-1,-1
-1,-1,-1
-1,-1,-1
-1,-1,-1
-1,-1,-1
-1,-1,-1
-1,-1,-1
-1,-1,-1
-1,-1,-1
-1,-1,-1
-1,-1,-1
-1,-1,-1
-1,-1,-1
-1,-1,-1
-1,-1,-1
-1,-1,-1
-1,-1,-1
-1,-1,-1
-1,-1,-1
-1,-1,-1
-1,-1,-1
-1,-1,-1
-1,-1,-1
-1,-1,-1
-1,-1,-1
-1,-1,-1
-1,-1,-1
-1,-1,-1
-1,-1,-1
-1,-1,-1
-1,-1,-1
-1,-1,-1
-1,-1,-1
-1,-1,-1
-1,-1,-1
-1,-1,-1
-1,-1,-1
-1,-1,-1
-1,-1,-1
-1,-1,-1
-1,-1,-1
-1,-1,-1
-1,-1,-1
-1,-1,-1
-1,-1,-1
198
-1,-1,-1
-1,-1,-1
-1,-1,-1
-1,-1,-1
-1,-1,-1
-1,-1,-1
-1,-1,-1
-1,-1,-1
-1,-1,-1
-1,-1,-1
-1,-1,-1
-1,-1,-1
-1,-1,-1
-1,-1,-1
-1,-1,-1
-1,-1,-1
-1,-1,-1
-1,-1,-1
-1,-1,-1
-1,-1,-1
-1,-1,-1
-1,-1,-1
-1,-1,-1
-1,-1,-1
-1,-1,-1
-1,-1,-1
-1,-1,-1
-1,-1,-1
-1,-1,-1
-1,-1,-1
-1,-1,-1
-1,-1,-1
-1,-1,-1
-1,-1,-1
-1,-1,-1
-1,-1,-1
-1,-1,-1
-1,-1,-1
-1,-1,-1
-1,-1,-1
-1,-1,-1
-1,-1,-1
-1,-1,-1
-1,-1,-1
-1,-1,-1
-1,-1,-1
-1,-1,-1
-1,-1,-1
-1,-1,-1
-1,-1,-1
-1,-1,-1
-1,-1,-1
-1,-1,-1
-1,-1,-1
-1,-1,-1
-1,-1,-1
-1,-1,-1
-1,-1,-1
-1,-1,-1
-1,-1,-1
-1,-1,-1
-1,-1,-1
-1,-1,-1
-1,-1,-1
-1,-1,-1
-1,-1,-1
-1,-1,-1
-1,-1,-1
-1,-1,-1
-1,-1,-1
-1,-1,-1
-1,-1,-1
-1,-1,-1
-1,-1,-1
-1,-1,-1
-1,-1,-1
-1,-1,-1
-1,-1,-1
-1,-1,-1
-1,-1,-1
197
-1,-1,-1
-1,-1,-1
-1,-1,-1
-1,-1,-1
-1,-1,-1
-1,-1,-1
-1,-1,-1
-1,-1,-1
-1,-1,-1
-1,-1,-1
-1,-1,-1
-1,-1,-1
-1,-1,-1
-1,-1,-1
-1,-1,-1
-1,-1,-1
-1,-1,-1
-1,-1,-1
-1,-1,-1
-1,-1,-1
-1,-1,-1
-1,-1,-1
-1,-1,-1
-1,-1,-1
-1,-1,-1
-1,-1,-1
-1,-1,-1
-1,-1,-1
-1,-1,-1
-1,-1,-1
-1,-1,-1
-1,-1,-1
-1,-1,-1
-1,-1,-1
-1,-1,-1
-1,-1,-1
-1,-1,-1
-1,-1,-1
-1,-1,-1
-1,-1,-1
-1,-1,-1
-1,-1,-1
-1,-1,-1
-1,-1,-1
-1,-1,-1
-1,-1,-1
-1,-1,-1
-1,-1,-1
-1,-1,-1
-1,-1,-1
-1,-1,-1
-1,-1,-1
-1,-1,-1
-1,-1,-1
-1,-1,-1
-1,-1,-1
-1,-1,-1
-1,-1,-1
-1,-1,-1
-1,-1,-1
-1,-1,-1
-1,-1,-1
-1,-1,-1
-1,-1,-1
-1,-1,-1
-1,-1,-1
-1,-1,-1
-1,-1,-1
-1,-1,-1
-1,-1,-1
-1,-1,-1
-1,-1,-1
-1,-1,-1
-1,-1,-1
-1,-1,-1
-1,-1,-1
-1,-1,-1
-1,-1,-1
-1,-1,-1
-1,-1,-1
196
-1,-1,-1
-1,-1,-1
-1,-1,-1
-1,-1,-1
-1,-1,-1
-1,-1,-1
-1,-1,-1
-1,-1,-1
-1,-1,-1
-1,-1,-1
-1,-1,-1
-1,-1,-1
-1,-1,-1
-1,-1,-1
-1,-1,-1
-1,-1,-1
-1,-1,-1
-1,-1,-1
-1,-1,-1
-1,-1,-1
-1,-1,-1
-1,-1,-1
-1,-1,-1
-1,-1,-1
-1,-1,-1
-1,-1,-1
-1,-1,-1
-1,-1,-1
-1,-1,-1
-1,-1,-1
-1,-1,-1
-1,-1,-1
-1,-1,-1
-1,-1,-1
-1,-1,-1
-1,-1,-1
-1,-1,-1
-1,-1,-1
-1,-1,-1
-1,-1,-1
-1,-1,-1
-1,-1,-1
-1,-1,-1
-1,-1,-1
-1,-1,-1
-1,-1,-1
-1,-1,-1
-1,-1,-1
-1,-1,-1
-1,-1,-1
-1,-1,-1
-1,-1,-1
-1,-1,-1
-1,-1,-1
-1,-1,-1
-1,-1,-1
-1,-1,-1
-1,-1,-1
-1,-1,-1
-1,-1,-1
-1,-1,-1
-1,-1,-1
-1,-1,-1
-1,-1,-1
-1,-1,-1
-1,-1,-1
-1,-1,-1
-1,-1,-1
-1,-1,-1
-1,-1,-1
-1,-1,-1
-1,-1,-1
-1,-1,-1
-1,-1,-1
-1,-1,-1
-1,-1,-1
-1,-1,-1
-1,-1,-1
-1,-1,-1
-1,-1,-1
195
-1,-1,-1
-1,-1,-1
-1,-1,-1
-1,-1,-1
-1,-1,-1
-1,-1,-1
-1,-1,-1
-1,-1,-1
-1,-1,-1
-1,-1,-1
-1,-1,-1
-1,-1,-1
-1,-1,-1
-1,-1,-1
-1,-1,-1
-1,-1,-1
-1,-1,-1
-1,-1,-1
-1,-1,-1
-1,-1,-1
-1,-1,-1
-1,-1,-1
-1,-1,-1
-1,-1,-1
-1,-1,-1
-1,-1,-1
-1,-1,-1
-1,-1,-1
-1,-1,-1
-1,-1,-1
-1,-1,-1
-1,-1,-1
-1,-1,-1
-1,-1,-1
-1,-1,-1
-1,-1,-1
-1,-1,-1
-1,-1,-1
-1,-1,-1
-1,-1,-1
-1,-1,-1
-1,-1,-1
-1,-1,-1
-1,-1,-1
-1,-1,-1
-1,-1,-1
-1,-1,-1
-1,-1,-1
-1,-1,-1
-1,-1,-1
-1,-1,-1
-1,-1,-1
-1,-1,-1
-1,-1,-1
-1,-1,-1
-1,-1,-1
-1,-1,-1
-1,-1,-1
-1,-1,-1
-1,-1,-1
-1,-1,-1
-1,-1,-1
-1,-1,-1
-1,-1,-1
-1,-1,-1
-1,-1,-1
-1,-1,-1
-1,-1,-1
-1,-1,-1
-1,-1,-1
-1,-1,-1
-1,-1,-1
-1,-1,-1
-1,-1,-1
-1,-1,-1
-1,-1,-1
-1,-1,-1
-1,-1,-1
-1,-1,-1
-1,-1,-1
194
-1,-1,-1
-1,-1,-1
-1,-1,-1
-1,-1,-1
-1,-1,-1
-1,-1,-1
-1,-1,-1
-1,-1,-1
-1,-1,-1
-1,-1,-1
-1,-1,-1
-1,-1,-1
-1,-1,-1
-1,-1,-1
-1,-1,-1
-1,-1,-1
-1,-1,-1
-1,-1,-1
-1,-1,-1
-1,-1,-1
-1,-1,-1
-1,-1,-1
-1,-1,-1
-1,-1,-1
-1,-1,-1
-1,-1,-1
-1,-1,-1
-1,-1,-1
-1,-1,-1
-1,-1,-1
-1,-1,-1
-1,-1,-1
-1,-1,-1
-1,-1,-1
-1,-1,-1
-1,-1,-1
-1,-1,-1
-1,-1,-1
-1,-1,-1
-1,-1,-1
-1,-1,-1
-1,-1,-1
-1,-1,-1
-1,-1,-1
-1,-1,-1
-1,-1,-1
-1,-1,-1
-1,-1,-1
-1,-1,-1
-1,-1,-1
-1,-1,-1
-1,-1,-1
-1,-1,-1
-1,-1,-1
-1,-1,-1
-1,-1,-1
-1,-1,-1
-1,-1,-1
-1,-1,-1
-1,-1,-1
-1,-1,-1
-1,-1,-1
-1,-1,-1
-1,-1,-1
-1,-1,-1
-1,-1,-1
-1,-1,-1
-1,-1,-1
-1,-1,-1
-1,-1,-1
-1,-1,-1
-1,-1,-1
-1,-1,-1
-1,-1,-1
-1,-1,-1
-1,-1,-1
-1,-1,-1
-1,-1,-1
-1,-1,-1
-1,-1,-1
193
-1,-1,-1
-1,-1,-1
-1,-1,-1
-1,-1,-1
-1,-1,-1
-1,-1,-1
-1,-1,-1
-1,-1,-1
-1,-1,-1
-1,-1,-1
-1,-1,-1
-1,-1,-1
-1,-1,-1
-1,-1,-1
-1,-1,-1
-1,-1,-1
-1,-1,-1
-1,-1,-1
-1,-1,-1
-1,-1,-1
-1,-1,-1
-1,-1,-1
-1,-1,-1
-1,-1,-1
-1,-1,-1
-1,-1,-1
-1,-1,-1
-1,-1,-1
-1,-1,-1
-1,-1,-1
-1,-1,-1
-1,-1,-1
-1,-1,-1
-1,-1,-1
-1,-1,-1
-1,-1,-1
-1,-1,-1
-1,-1,-1
-1,-1,-1
-1,-1,-1
-1,-1,-1
-1,-1,-1
-1,-1,-1
-1,-1,-1
-1,-1,-1
-1,-1,-1
-1,-1,-1
-1,-1,-1
-1,-1,-1
-1,-1,-1
-1,-1,-1
-1,-1,-1
-1,-1,-1
-1,-1,-1
-1,-1,-1
-1,-1,-1
-1,-1,-1
-1,-1,-1
-1,-1,-1
-1,-1,-1
-1,-1,-1
-1,-1,-1
-1,-1,-1
-1,-1,-1
-1,-1,-1
-1,-1,-1
-1,-1,-1
-1,-1,-1
-1,-1,-1
-1,-1,-1
-1,-1,-1
-1,-1,-1
-1,-1,-1
-1,-1,-1
-1,-1,-1
-1,-1,-1
-1,-1,-1
-1,-1,-1
-1,-1,-1
-1,-1,-1
192
-1,-1,-1
-1,-1,-1
-1,-1,-1
-1,-1,-1
-1,-1,-1
-1,-1,-1
-1,-1,-1
-1,-1,-1
-1,-1,-1
-1,-1,-1
-1,-1,-1
-1,-1,-1
-1,-1,-1
-1,-1,-1
-1,-1,-1
-1,-1,-1
-1,-1,-1
-1,-1,-1
-1,-1,-1
-1,-1,-1
-1,-1,-1
-1,-1,-1
-1,-1,-1
-1,-1,-1
-1,-1,-1
-1,-1,-1
-1,-1,-1
-1,-1,-1
-1,-1,-1
-1,-1,-1
-1,-1,-1
-1,-1,-1
-1,-1,-1
-1,-1,-1
-1,-1,-1
-1,-1,-1
-1,-1,-1
-1,-1,-1
-1,-1,-1
-1,-1,-1
-1,-1,-1
-1,-1,-1
-1,-1,-1
-1,-1,-1
-1,-1,-1
-1,-1,-1
-1,-1,-1
-1,-1,-1
-1,-1,-1
-1,-1,-1
-1,-1,-1
-1,-1,-1
-1,-1,-1
-1,-1,-1
-1,-1,-1
-1,-1,-1
-1,-1,-1
-1,-1,-1
-1,-1,-1
-1,-1,-1
-1,-1,-1
-1,-1,-1
-1,-1,-1
-1,-1,-1
-1,-1,-1
-1,-1,-1
-1,-1,-1
-1,-1,-1
-1,-1,-1
-1,-1,-1
-1,-1,-1
-1,-1,-1
-1,-1,-1
-1,-1,-1
-1,-1,-1
-1,-1,-1
-1,-1,-1
-1,-1,-1
-1,-1,-1
-1,-1,-1
191
-1,-1,-1
-1,-1,-1
-1,-1,-1
-1,-1,-1
-1,-1,-1
-1,-1,-1
-1,-1,-1
-1,-1,-1
-1,-1,-1
-1,-1,-1
-1,-1,-1
-1,-1,-1
-1,-1,-1
-1,-1,-1
-1,-1,-1
-1,-1,-1
-1,-1,-1
-1,-1,-1
-1,-1,-1
-1,-1,-1
-1,-1,-1
-1,-1,-1
-1,-1,-1
-1,-1,-1
-1,-1,-1
-1,-1,-1
-1,-1,-1
-1,-1,-1
-1,-1,-1
-1,-1,-1
-1,-1,-1
-1,-1,-1
-1,-1,-1
-1,-1,-1
-1,-1,-1
-1,-1,-1
-1,-1,-1
-1,-1,-1
-1,-1,-1
-1,-1,-1
-1,-1,-1
-1,-1,-1
-1,-1,-1
-1,-1,-1
-1,-1,-1
-1,-1,-1
-1,-1,-1
-1,-1,-1
-1,-1,-1
-1,-1,-1
-1,-1,-1
-1,-1,-1
-1,-1,-1
-1,-1,-1
-1,-1,-1
-1,-1,-1
-1,-1,-1
-1,-1,-1
-1,-1,-1
-1,-1,-1
-1,-1,-1
-1,-1,-1
-1,-1,-1
-1,-1,-1
-1,-1,-1
-1,-1,-1
-1,-1,-1
-1,-1,-1
-1,-1,-1
-1,-1,-1
-1,-1,-1
-1,-1,-1
-1,-1,-1
-1,-1,-1
-1,-1,-1
-1,-1,-1
-1,-1,-1
-1,-1,-1
-1,-1,-1
-1,-1,-1
190
-1,-1,-1
-1,-1,-1
-1,-1,-1
-1,-1,-1
-1,-1,-1
-1,-1,-1
-1,-1,-1
-1,-1,-1
-1,-1,-1
-1,-1,-1
-1,-1,-1
-1,-1,-1
-1,-1,-1
-1,-1,-1
-1,-1,-1
-1,-1,-1
-1,-1,-1
-1,-1,-1
-1,-1,-1
-1,-1,-1
-1,-1,-1
-1,-1,-1
-1,-1,-1
-1,-1,-1
-1,-1,-1
-1,-1,-1
-1,-1,-1
-1,-1,-1
-1,-1,-1
-1,-1,-1
-1,-1,-1
-1,-1,-1
-1,-1,-1
-1,-1,-1
-1,-1,-1
-1,-1,-1
-1,-1,-1
-1,-1,-1
-1,-1,-1
-1,-1,-1
-1,-1,-1
-1,-1,-1
-1,-1,-1
-1,-1,-1
-1,-1,-1
-1,-1,-1
-1,-1,-1
-1,-1,-1
-1,-1,-1
-1,-1,-1
-1,-1,-1
-1,-1,-1
-1,-1,-1
-1,-1,-1
-1,-1,-1
-1,-1,-1
-1,-1,-1
-1,-1,-1
-1,-1,-1
-1,-1,-1
-1,-1,-1
-1,-1,-1
-1,-1,-1
-1,-1,-1
-1,-1,-1
-1,-1,-1
-1,-1,-1
-1,-1,-1
-1,-1,-1
-1,-1,-1
-1,-1,-1
-1,-1,-1
-1,-1,-1
-1,-1,-1
-1,-1,-1
-1,-1,-1
-1,-1,-1
-1,-1,-1
-1,-1,-1
-1,-1,-1
189
-1,-1,-1
-1,-1,-1
-1,-1,-1
-1,-1,-1
-1,-1,-1
-1,-1,-1
-1,-1,-1
-1,-1,-1
-1,-1,-1
-1,-1,-1
-1,-1,-1
-1,-1,-1
-1,-1,-1
-1,-1,-1
-1,-1,-1
-1,-1,-1
-1,-1,-1
-1,-1,-1
-1,-1,-1
-1,-1,-1
-1,-1,-1
-1,-1,-1
-1,-1,-1
-1,-1,-1
-1,-1,-1
-1,-1,-1
-1,-1,-1
-1,-1,-1
-1,-1,-1
-1,-1,-1
-1,-1,-1
-1,-1,-1
-1,-1,-1
-1,-1,-1
-1,-1,-1
-1,-1,-1
-1,-1,-1
-1,-1,-1
-1,-1,-1
-1,-1,-1
-1,-1,-1
-1,-1,-1
-1,-1,-1
-1,-1,-1
-1,-1,-1
-1,-1,-1
-1,-1,-1
-1,-1,-1
-1,-1,-1
-1,-1,-1
-1,-1,-1
-1,-1,-1
-1,-1,-1
-1,-1,-1
-1,-1,-1
-1,-1,-1
-1,-1,-1
-1,-1,-1
-1,-1,-1
-1,-1,-1
-1,-1,-1
-1,-1,-1
-1,-1,-1
-1,-1,-1
-1,-1,-1
-1,-1,-1
-1,-1,-1
-1,-1,-1
-1,-1,-1
-1,-1,-1
-1,-1,-1
-1,-1,-1
-1,-1,-1
-1,-1,-1
-1,-1,-1
-1,-1,-1
-1,-1,-1
-1,-1,-1
-1,-1,-1
-1,-1,-1
188
-1,-1,-1
-1,-1,-1
-1,-1,-1
-1,-1,-1
-1,-1,-1
-1,-1,-1
-1,-1,-1
-1,-1,-1
-1,-1,-1
-1,-1,-1
-1,-1,-1
-1,-1,-1
-1,-1,-1
-1,-1,-1
-1,-1,-1
-1,-1,-1
-1,-1,-1
-1,-1,-1
-1,-1,-1
-1,-1,-1
-1,-1,-1
-1,-1,-1
-1,-1,-1
-1,-1,-1
-1,-1,-1
-1,-1,-1
-1,-1,-1
-1,-1,-1
-1,-1,-1
-1,-1,-1
-1,-1,-1
-1,-1,-1
-1,-1,-1
-1,-1,-1
-1,-1,-1
-1,-1,-1
-1,-1,-1
-1,-1,-1
-1,-1,-1
-1,-1,-1
-1,-1,-1
-1,-1,-1
-1,-1,-1
-1,-1,-1
-1,-1,-1
-1,-1,-1
-1,-1,-1
-1,-1,-1
-1,-1,-1
-1,-1,-1
-1,-1,-1
-1,-1,-1
-1,-1,-1
-1,-1,-1
-1,-1,-1
-1,-1,-1
-1,-1,-1
-1,-1,-1
-1,-1,-1
-1,-1,-1
-1,-1,-1
-1,-1,-1
-1,-1,-1
-1,-1,-1
-1,-1,-1
-1,-1,-1
-1,-1,-1
-1,-1,-1
-1,-1,-1
-1,-1,-1
-1,-1,-1
-1,-1,-1
-1,-1,-1
-1,-1,-1
-1,-1,-1
-1,-1,-1
-1,-1,-1
-1,-1,-1
-1,-1,-1
-1,-1,-1
187
-1,-1,-1
-1,-1,-1
-1,-1,-1
-1,-1,-1
-1,-1,-1
-1,-1,-1
-1,-1,-1
-1,-1,-1
-1,-1,-1
-1,-1,-1
-1,-1,-1
-1,-1,-1
-1,-1,-1
-1,-1,-1
-1,-1,-1
-1,-1,-1
-1,-1,-1
-1,-1,-1
-1,-1,-1
-1,-1,-1
-1,-1,-1
-1,-1,-1
-1,-1,-1
-1,-1,-1
-1,-1,-1
-1,-1,-1
-1,-1,-1
-1,-1,-1
-1,-1,-1
-1,-1,-1
-1,-1,-1
-1,-1,-1
-1,-1,-1
-1,-1,-1
-1,-1,-1
-1,-1,-1
-1,-1,-1
-1,-1,-1
-1,-1,-1
-1,-1,-1
-1,-1,-1
-1,-1,-1
-1,-1,-1
-1,-1,-1
-1,-1,-1
-1,-1,-1
-1,-1,-1
-1,-1,-1
-1,-1,-1
-1,-1,-1
-1,-1,-1
-1,-1,-1
-1,-1,-1
-1,-1,-1
-1,-1,-1
-1,-1,-1
-1,-1,-1
-1,-1,-1
-1,-1,-1
-1,-1,-1
-1,-1,-1
-1,-1,-1
-1,-1,-1
-1,-1,-1
-1,-1,-1
-1,-1,-1
-1,-1,-1
-1,-1,-1
-1,-1,-1
-1,-1,-1
-1,-1,-1
-1,-1,-1
-1,-1,-1
-1,-1,-1
-1,-1,-1
-1,-1,-1
-1,-1,-1
-1,-1,-1
-1,-1,-1
-1,-1,-1
186
-1,-1,-1
-1,-1,-1
-1,-1,-1
-1,-1,-1
-1,-1,-1
-1,-1,-1
-1,-1,-1
-1,-1,-1
-1,-1,-1
-1,-1,-1
-1,-1,-1
-1,-1,-1
-1,-1,-1
-1,-1,-1
-1,-1,-1
-1,-1,-1
-1,-1,-1
-1,-1,-1
-1,-1,-1
-1,-1,-1
-1,-1,-1
-1,-1,-1
-1,-1,-1
-1,-1,-1
-1,-1,-1
-1,-1,-1
-1,-1,-1
-1,-1,-1
-1,-1,-1
-1,-1,-1
-1,-1,-1
-1,-1,-1
-1,-1,-1
-1,-1,-1
-1,-1,-1
-1,-1,-1
-1,-1,-1
-1,-1,-1
-1,-1,-1
-1,-1,-1
-1,-1,-1
-1,-1,-1
-1,-1,-1
-1,-1,-1
-1,-1,-1
-1,-1,-1
-1,-1,-1
-1,-1,-1
-1,-1,-1
-1,-1,-1
-1,-1,-1
-1,-1,-1
-1,-1,-1
-1,-1,-1
-1,-1,-1
-1,-1,-1
-1,-1,-1
-1,-1,-1
-1,-1,-1
-1,-1,-1
-1,-1,-1
-1,-1,-1
-1,-1,-1
-1,-1,-1
-1,-1,-1
-1,-1,-1
-1,-1,-1
-1,-1,-1
-1,-1,-1
-1,-1,-1
-1,-1,-1
-1,-1,-1
-1,-1,-1
-1,-1,-1
-1,-1,-1
-1,-1,-1
-1,-1,-1
-1,-1,-1
-1,-1,-1
-1,-1,-1
185
-1,-1,-1
-1,-1,-1
-1,-1,-1
-1,-1,-1
-1,-1,-1
-1,-1,-1
-1,-1,-1
-1,-1,-1
-1,-1,-1
-1,-1,-1
-1,-1,-1
-1,-1,-1
-1,-1,-1
-1,-1,-1
-1,-1,-1
-1,-1,-1
-1,-1,-1
-1,-1,-1
-1,-1,-1
-1,-1,-1
-1,-1,-1
-1,-1,-1
-1,-1,-1
-1,-1,-1
-1,-1,-1
-1,-1,-1
-1,-1,-1
-1,-1,-1
-1,-1,-1
-1,-1,-1
-1,-1,-1
-1,-1,-1
-1,-1,-1
-1,-1,-1
-1,-1,-1
-1,-1,-1
-1,-1,-1
-1,-1,-1
-1,-1,-1
-1,-1,-1
-1,-1,-1
-1,-1,-1
-1,-1,-1
-1,-1,-1
-1,-1,-1
-1,-1,-1
-1,-1,-1
-1,-1,-1
-1,-1,-1
-1,-1,-1
-1,-1,-1
-1,-1,-1
-1,-1,-1
-1,-1,-1
-1,-1,-1
-1,-1,-1
-1,-1,-1
-1,-1,-1
-1,-1,-1
-1,-1,-1
-1,-1,-1
-1,-1,-1
-1,-1,-1
-1,-1,-1
-1,-1,-1
-1,-1,-1
-1,-1,-1
-1,-1,-1
-1,-1,-1
-1,-1,-1
-1,-1,-1
-1,-1,-1
-1,-1,-1
-1,-1,-1
-1,-1,-1
-1,-1,-1
-1,-1,-1
-1,-1,-1
-1,-1,-1
-1,-1,-1
184
-1,-1,-1
-1,-1,-1
-1,-1,-1
-1,-1,-1
-1,-1,-1
-1,-1,-1
-1,-1,-1
-1,-1,-1
-1,-1,-1
-1,-1,-1
-1,-1,-1
-1,-1,-1
-1,-1,-1
-1,-1,-1
-1,-1,-1
-1,-1,-1
-1,-1,-1
-1,-1,-1
-1,-1,-1
-1,-1,-1
-1,-1,-1
-1,-1,-1
-1,-1,-1
-1,-1,-1
-1,-1,-1
-1,-1,-1
-1,-1,-1
-1,-1,-1
-1,-1,-1
-1,-1,-1
-1,-1,-1
-1,-1,-1
-1,-1,-1
-1,-1,-1
-1,-1,-1
-1,-1,-1
-1,-1,-1
-1,-1,-1
-1,-1,-1
-1,-1,-1
-1,-1,-1
-1,-1,-1
-1,-1,-1
-1,-1,-1
-1,-1,-1
-1,-1,-1
-1,-1,-1
-1,-1,-1
-1,-1,-1
-1,-1,-1
-1,-1,-1
-1,-1,-1
-1,-1,-1
-1,-1,-1
-1,-1,-1
-1,-1,-1
-1,-1,-1
-1,-1,-1
-1,-1,-1
-1,-1,-1
-1,-1,-1
-1,-1,-1
-1,-1,-1
-1,-1,-1
-1,-1,-1
-1,-1,-1
-1,-1,-1
-1,-1,-1
-1,-1,-1
-1,-1,-1
-1,-1,-1
-1,-1,-1
-1,-1,-1
-1,-1,-1
-1,-1,-1
-1,-1,-1
-1,-1,-1
-1,-1,-1
-1,-1,-1
-1,-1,-1
183
-1,-1,-1
-1,-1,-1
-1,-1,-1
-1,-1,-1
-1,-1,-1
-1,-1,-1
-1,-1,-1
-1,-1,-1
-1,-1,-1
-1,-1,-1
-1,-1,-1
-1,-1,-1
-1,-1,-1
-1,-1,-1
-1,-1,-1
-1,-1,-1
-1,-1,-1
-1,-1,-1
-1,-1,-1
-1,-1,-1
-1,-1,-1
-1,-1,-1
-1,-1,-1
-1,-1,-1
-1,-1,-1
-1,-1,-1
-1,-1,-1
-1,-1,-1
-1,-1,-1
-1,-1,-1
-1,-1,-1
-1,-1,-1
-1,-1,-1
-1,-1,-1
-1,-1,-1
-1,-1,-1
-1,-1,-1
-1,-1,-1
-1,-1,-1
-1,-1,-1
-1,-1,-1
-1,-1,-1
-1,-1,-1
-1,-1,-1
-1,-1,-1
-1,-1,-1
-1,-1,-1
-1,-1,-1
-1,-1,-1
-1,-1,-1
-1,-1,-1
-1,-1,-1
-1,-1,-1
-1,-1,-1
-1,-1,-1
-1,-1,-1
-1,-1,-1
-1,-1,-1
-1,-1,-1
-1,-1,-1
-1,-1,-1
-1,-1,-1
-1,-1,-1
-1,-1,-1
-1,-1,-1
-1,-1,-1
-1,-1,-1
-1,-1,-1
-1,-1,-1
-1,-1,-1
-1,-1,-1
-1,-1,-1
-1,-1,-1
-1,-1,-1
-1,-1,-1
-1,-1,-1
-1,-1,-1
-1,-1,-1
-1,-1,-1
-1,-1,-1
182
-1,-1,-1
-1,-1,-1
-1,-1,-1
-1,-1,-1
-1,-1,-1
-1,-1,-1
-1,-1,-1
-1,-1,-1
-1,-1,-1
-1,-1,-1
-1,-1,-1
-1,-1,-1
-1,-1,-1
-1,-1,-1
-1,-1,-1
-1,-1,-1
-1,-1,-1
-1,-1,-1
-1,-1,-1
-1,-1,-1
-1,-1,-1
-1,-1,-1
-1,-1,-1
-1,-1,-1
-1,-1,-1
-1,-1,-1
-1,-1,-1
-1,-1,-1
-1,-1,-1
-1,-1,-1
-1,-1,-1
-1,-1,-1
-1,-1,-1
-1,-1,-1
-1,-1,-1
-1,-1,-1
-1,-1,-1
-1,-1,-1
-1,-1,-1
-1,-1,-1
-1,-1,-1
-1,-1,-1
-1,-1,-1
-1,-1,-1
-1,-1,-1
-1,-1,-1
-1,-1,-1
-1,-1,-1
-1,-1,-1
-1,-1,-1
-1,-1,-1
-1,-1,-1
-1,-1,-1
-1,-1,-1
-1,-1,-1
-1,-1,-1
-1,-1,-1
-1,-1,-1
-1,-1,-1
-1,-1,-1
-1,-1,-1
-1,-1,-1
-1,-1,-1
-1,-1,-1
-1,-1,-1
-1,-1,-1
-1,-1,-1
-1,-1,-1
-1,-1,-1
-1,-1,-1
-1,-1,-1
-1,-1,-1
-1,-1,-1
-1,-1,-1
-1,-1,-1
-1,-1,-1
-1,-1,-1
-1,-1,-1
-1,-1,-1
-1,-1,-1
181
-1,-1,-1
-1,-1,-1
-1,-1,-1
-1,-1,-1
-1,-1,-1
-1,-1,-1
-1,-1,-1
-1,-1,-1
-1,-1,-1
-1,-1,-1
-1,-1,-1
-1,-1,-1
-1,-1,-1
-1,-1,-1
-1,-1,-1
-1,-1,-1
-1,-1,-1
-1,-1,-1
-1,-1,-1
-1,-1,-1
-1,-1,-1
-1,-1,-1
-1,-1,-1
-1,-1,-1
-1,-1,-1
-1,-1,-1
-1,-1,-1
-1,-1,-1
-1,-1,-1
-1,-1,-1
-1,-1,-1
-1,-1,-1
-1,-1,-1
-1,-1,-1
-1,-1,-1
-1,-1,-1
-1,-1,-1
-1,-1,-1
-1,-1,-1
-1,-1,-1
-1,-1,-1
-1,-1,-1
-1,-1,-1
-1,-1,-1
-1,-1,-1
-1,-1,-1
-1,-1,-1
-1,-1,-1
-1,-1,-1
-1,-1,-1
-1,-1,-1
-1,-1,-1
-1,-1,-1
-1,-1,-1
-1,-1,-1
-1,-1,-1
-1,-1,-1
-1,-1,-1
-1,-1,-1
-1,-1,-1
-1,-1,-1
-1,-1,-1
-1,-1,-1
-1,-1,-1
-1,-1,-1
-1,-1,-1
-1,-1,-1
-1,-1,-1
-1,-1,-1
-1,-1,-1
-1,-1,-1
-1,-1,-1
-1,-1,-1
-1,-1,-1
-1,-1,-1
-1,-1,-1
-1,-1,-1
-1,-1,-1
-1,-1,-1
-1,-1,-1
