250
568723,0,-53
568723,1,-80
568723,2,-128
568723,3,-128
568723,4,-128
568723,5,-128
568723,6,-128
568723,7,-128
568723,8,-128
568723,9,-128
568723,10,-128
568723,11,-128
568723,12,-128
568723,13,-128
568723,14,-128
644375,0,-64
644375,1,-84
644375,2,-128
644375,3,-55
644375,4,-91
644375,5,-78
644375,6,-62
644375,7,-59
644375,8,-55
644375,9,-83
644375,10,-55
644375,11,-58
644375,12,-59
644375,13,-79
644375,14,-62
720005,0,-53
720005,1,-79
720005,2,-128
720005,3,-59
720005,4,-79
720005,5,-78
720005,6,-58
720005,7,-66
720005,8,-54
720005,9,-74
720005,10,-62
720005,11,-62
720005,12,-59
720005,13,-85
720005,14,-62
795627,0,-82
795627,1,-80
795627,2,-128
795627,3,-59
795627,4,-76
795627,5,-83
795627,6,-65
795627,7,-70
795627,8,-53
795627,9,-76
795627,10,-54
795627,11,-56
795627,12,-60
795627,13,-74
795627,14,-62
871224,0,-61
871224,1,-57
871224,2,-128
871224,3,-64
871224,4,-89
871224,5,-79
871224,6,-75
871224,7,-72
871224,8,-88
871224,9,-80
871224,10,-90
871224,11,-81
871224,12,-84
871224,13,-87
871224,14,-79
0,0,0
0,0,0
0,0,0
0,0,0
0,0,0
249
946881,0,-55
946881,1,-58
946881,2,-128
946881,3,-128
946881,4,-78
946881,5,-88
946881,6,-94
946881,7,-82
946881,8,-75
946881,9,-76
946881,10,-76
946881,11,-72
946881,12,-88
946881,13,-83
946881,14,-79
1022466,0,-58
1022466,1,-59
1022466,2,-128
1022466,3,-59
1022466,4,-82
1022466,5,-85
1022466,6,-91
1022466,7,-92
1022466,8,-69
1022466,9,-78
1022466,10,-58
1022466,11,-65
1022466,12,-74
1022466,13,-76
1022466,14,-79
1098040,0,-64
1098040,1,-59
1098040,2,-128
1098040,3,-59
1098040,4,-80
1098040,5,-84
1098040,6,-88
1098040,7,-75
1098040,8,-73
1098040,9,-85
1098040,10,-55
1098040,11,-70
1098040,12,-97
1098040,13,-128
1098040,14,-67
1173566,0,-72
1173566,1,-54
1173566,2,-128
1173566,3,-60
1173566,4,-96
1173566,5,-92
1173566,6,-97
1173566,7,-96
1173566,8,-88
1173566,9,-95
1173566,10,-87
1173566,11,-70
1173566,12,-128
1173566,13,-128
1173566,14,-90
1249061,0,-74
1249061,1,-86
1249061,2,-128
1249061,3,-86
1249061,4,-97
1249061,5,-73
1249061,6,-76
1249061,7,-79
1249061,8,-96
1249061,9,-91
1249061,10,-82
1249061,11,-70
1249061,12,-128
1249061,13,-128
1249061,14,-89
0,0,0
0,0,0
0,0,0
0,0,0
0,0,0
248
1324642,0,-73
1324642,1,-84
1324642,2,-128
1324642,3,-83
1324642,4,-97
1324642,5,-67
1324642,6,-72
1324642,7,-78
1324642,8,-97
1324642,9,-87
1324642,10,-82
1324642,11,-71
1324642,12,-128
1324642,13,-128
1324642,14,-128
1400161,0,-74
1400161,1,-85
1400161,2,-128
1400161,3,-83
1400161,4,-97
1400161,5,-72
1400161,6,-71
1400161,7,-78
1400161,8,-96
1400161,9,-91
1400161,10,-80
1400161,11,-71
1400161,12,-128
1400161,13,-128
1400161,14,-128
1475678,0,-79
1475678,1,-85
1475678,2,-128
1475678,3,-85
1475678,4,-95
1475678,5,-72
1475678,6,-76
1475678,7,-83
1475678,8,-92
1475678,9,-79
1475678,10,-79
1475678,11,-74
1475678,12,-97
1475678,13,-128
1475678,14,-128
1551190,0,-77
1551190,1,-89
1551190,2,-128
1551190,3,-91
1551190,4,-96
1551190,5,-73
1551190,6,-77
1551190,7,-83
1551190,8,-97
1551190,9,-85
1551190,10,-77
1551190,11,-70
1551190,12,-128
1551190,13,-128
1551190,14,-128
1626703,0,-78
1626703,1,-88
1626703,2,-128
1626703,3,-84
1626703,4,-97
1626703,5,-69
1626703,6,-73
1626703,7,-81
1626703,8,-97
1626703,9,-87
1626703,10,-77
1626703,11,-73
1626703,12,-128
1626703,13,-128
1626703,14,-128
0,0,0
0,0,0
0,0,0
0,0,0
0,0,0
247
1702277,0,-80
1702277,1,-86
1702277,2,-128
1702277,3,-87
1702277,4,-97
1702277,5,-69
1702277,6,-74
1702277,7,-76
1702277,8,-97
1702277,9,-84
1702277,10,-77
1702277,11,-71
1702277,12,-97
1702277,13,-128
1702277,14,-128
1777784,0,-74
1777784,1,-88
1777784,2,-128
1777784,3,-87
1777784,4,-97
1777784,5,-70
1777784,6,-74
1777784,7,-88
1777784,8,-97
1777784,9,-89
1777784,10,-82
1777784,11,-71
1777784,12,-128
1777784,13,-128
1777784,14,-128
1853287,0,-81
1853287,1,-88
1853287,2,-128
1853287,3,-84
1853287,4,-97
1853287,5,-66
1853287,6,-74
1853287,7,-83
1853287,8,-97
1853287,9,-86
1853287,10,-75
1853287,11,-70
1853287,12,-128
1853287,13,-128
1853287,14,-128
1928795,0,-81
1928795,1,-88
1928795,2,-128
1928795,3,-92
1928795,4,-97
1928795,5,-73
1928795,6,-75
1928795,7,-79
1928795,8,-97
1928795,9,-88
1928795,10,-77
1928795,11,-73
1928795,12,-128
1928795,13,-128
1928795,14,-128
2004304,0,-80
2004304,1,-87
2004304,2,-128
2004304,3,-84
2004304,4,-97
2004304,5,-71
2004304,6,-74
2004304,7,-78
2004304,8,-97
2004304,9,-85
2004304,10,-78
2004304,11,-71
2004304,12,-128
2004304,13,-128
2004304,14,-128
0,0,0
0,0,0
0,0,0
0,0,0
0,0,0
246
2079881,0,-77
2079881,1,-89
2079881,2,-128
2079881,3,-83
2079881,4,-97
2079881,5,-68
2079881,6,-73
2079881,7,-78
2079881,8,-97
2079881,9,-89
2079881,10,-75
2079881,11,-72
2079881,12,-128
2079881,13,-128
2079881,14,-128
2155399,0,-82
2155399,1,-86
2155399,2,-128
2155399,3,-89
2155399,4,-97
2155399,5,-64
2155399,6,-74
2155399,7,-78
2155399,8,-97
2155399,9,-91
2155399,10,-77
2155399,11,-71
2155399,12,-128
2155399,13,-128
2155399,14,-128
2230915,0,-78
2230915,1,-89
2230915,2,-128
2230915,3,-87
2230915,4,-97
2230915,5,-73
2230915,6,-77
2230915,7,-87
2230915,8,-97
2230915,9,-85
2230915,10,-75
2230915,11,-73
2230915,12,-128
2230915,13,-128
2230915,14,-128
2306440,0,-82
2306440,1,-89
2306440,2,-128
2306440,3,-91
2306440,4,-97
2306440,5,-67
2306440,6,-72
2306440,7,-82
2306440,8,-97
2306440,9,-86
2306440,10,-75
2306440,11,-74
2306440,12,-128
2306440,13,-128
2306440,14,-128
2381964,0,-80
2381964,1,-88
2381964,2,-128
2381964,3,-93
2381964,4,-97
2381964,5,-68
2381964,6,-74
2381964,7,-78
2381964,8,-97
2381964,9,-85
2381964,10,-74
2381964,11,-73
2381964,12,-128
2381964,13,-128
2381964,14,-128
0,0,0
0,0,0
0,0,0
0,0,0
0,0,0
245
2457560,0,-74
2457560,1,-89
2457560,2,-128
2457560,3,-83
2457560,4,-97
2457560,5,-71
2457560,6,-74
2457560,7,-77
2457560,8,-97
2457560,9,-85
2457560,10,-82
2457560,11,-70
2457560,12,-128
2457560,13,-128
2457560,14,-128
2533085,0,-75
2533085,1,-88
2533085,2,-128
2533085,3,-85
2533085,4,-97
2533085,5,-65
2533085,6,-77
2533085,7,-81
2533085,8,-97
2533085,9,-93
2533085,10,-81
2533085,11,-71
2533085,12,-128
2533085,13,-128
2533085,14,-128
2608636,0,-75
2608636,1,-83
2608636,2,-128
2608636,3,-85
2608636,4,-96
2608636,5,-69
2608636,6,-73
2608636,7,-93
2608636,8,-96
2608636,9,-85
2608636,10,-75
2608636,11,-74
2608636,12,-89
2608636,13,-128
2608636,14,-128
2684182,0,-75
2684182,1,-87
2684182,2,-128
2684182,3,-90
2684182,4,-97
2684182,5,-71
2684182,6,-75
2684182,7,-90
2684182,8,-96
2684182,9,-85
2684182,10,-75
2684182,11,-71
2684182,12,-85
2684182,13,-128
2684182,14,-128
2759717,0,-92
2759717,1,-83
2759717,2,-128
2759717,3,-88
2759717,4,-95
2759717,5,-72
2759717,6,-74
2759717,7,-91
2759717,8,-93
2759717,9,-91
2759717,10,-72
2759717,11,-72
2759717,12,-96
2759717,13,-128
2759717,14,-128
0,0,0
0,0,0
0,0,0
0,0,0
0,0,0
244
2835278,0,-97
2835278,1,-86
2835278,2,-128
2835278,3,-94
2835278,4,-96
2835278,5,-73
2835278,6,-71
2835278,7,-87
2835278,8,-93
2835278,9,-91
2835278,10,-72
2835278,11,-70
2835278,12,-97
2835278,13,-97
2835278,14,-128
2910775,0,-95
2910775,1,-86
2910775,2,-128
2910775,3,-89
2910775,4,-128
2910775,5,-72
2910775,6,-76
2910775,7,-88
2910775,8,-94
2910775,9,-84
2910775,10,-81
2910775,11,-71
2910775,12,-97
2910775,13,-128
2910775,14,-128
2986277,0,-91
2986277,1,-87
2986277,2,-128
2986277,3,-80
2986277,4,-128
2986277,5,-71
2986277,6,-73
2986277,7,-87
2986277,8,-94
2986277,9,-89
2986277,10,-80
2986277,11,-71
2986277,12,-93
2986277,13,-128
2986277,14,-128
3061765,0,-96
3061765,1,-88
3061765,2,-128
3061765,3,-83
3061765,4,-128
3061765,5,-67
3061765,6,-74
3061765,7,-90
3061765,8,-89
3061765,9,-87
3061765,10,-88
3061765,11,-70
3061765,12,-97
3061765,13,-128
3061765,14,-128
3137248,0,-95
3137248,1,-88
3137248,2,-128
3137248,3,-86
3137248,4,-128
3137248,5,-63
3137248,6,-76
3137248,7,-86
3137248,8,-93
3137248,9,-87
3137248,10,-75
3137248,11,-71
3137248,12,-96
3137248,13,-128
3137248,14,-128
0,0,0
0,0,0
0,0,0
0,0,0
0,0,0
243
3212816,0,-97
3212816,1,-84
3212816,2,-128
3212816,3,-85
3212816,4,-97
3212816,5,-68
3212816,6,-73
3212816,7,-92
3212816,8,-91
3212816,9,-85
3212816,10,-75
3212816,11,-71
3212816,12,-96
3212816,13,-97
3212816,14,-128
3288297,0,-97
3288297,1,-82
3288297,2,-128
3288297,3,-91
3288297,4,-128
3288297,5,-71
3288297,6,-76
3288297,7,-87
3288297,8,-93
3288297,9,-86
3288297,10,-82
3288297,11,-75
3288297,12,-90
3288297,13,-128
3288297,14,-128
3363766,0,-97
3363766,1,-83
3363766,2,-128
3363766,3,-91
3363766,4,-128
3363766,5,-70
3363766,6,-75
3363766,7,-92
3363766,8,-90
3363766,9,-79
3363766,10,-95
3363766,11,-72
3363766,12,-97
3363766,13,-128
3363766,14,-128
3439236,0,-128
3439236,1,-81
3439236,2,-128
3439236,3,-91
3439236,4,-128
3439236,5,-64
3439236,6,-74
3439236,7,-128
3439236,8,-128
3439236,9,-83
3439236,10,-97
3439236,11,-70
3439236,12,-96
3439236,13,-128
3439236,14,-128
3514702,0,-128
3514702,1,-84
3514702,2,-128
3514702,3,-88
3514702,4,-128
3514702,5,-63
3514702,6,-73
3514702,7,-128
3514702,8,-128
3514702,9,-89
3514702,10,-93
3514702,11,-71
3514702,12,-90
3514702,13,-128
3514702,14,-128
0,0,0
0,0,0
0,0,0
0,0,0
0,0,0
242
3590148,0,-128
3590148,1,-75
3590148,2,-128
3590148,3,-83
3590148,4,-72
3590148,5,-87
3590148,6,-72
3590148,7,-128
3590148,8,-95
3590148,9,-86
3590148,10,-128
3590148,11,-69
3590148,12,-75
3590148,13,-128
3590148,14,-128
3665607,0,-128
3665607,1,-76
3665607,2,-128
3665607,3,-93
3665607,4,-89
3665607,5,-128
3665607,6,-78
3665607,7,-128
3665607,8,-97
3665607,9,-88
3665607,10,-128
3665607,11,-71
3665607,12,-92
3665607,13,-128
3665607,14,-128
3741034,0,-128
3741034,1,-72
3741034,2,-128
3741034,3,-92
3741034,4,-95
3741034,5,-128
3741034,6,-94
3741034,7,-128
3741034,8,-128
3741034,9,-95
3741034,10,-128
3741034,11,-70
3741034,12,-91
3741034,13,-128
3741034,14,-128
3816421,0,-128
3816421,1,-92
3816421,2,-128
3816421,3,-89
3816421,4,-97
3816421,5,-96
3816421,6,-128
3816421,7,-128
3816421,8,-128
3816421,9,-128
3816421,10,-128
3816421,11,-75
3816421,12,-128
3816421,13,-128
3816421,14,-128
3891781,0,-97
3891781,1,-96
3891781,2,-128
3891781,3,-87
3891781,4,-128
3891781,5,-95
3891781,6,-128
3891781,7,-97
3891781,8,-128
3891781,9,-128
3891781,10,-128
3891781,11,-71
3891781,12,-128
3891781,13,-128
3891781,14,-128
0,0,0
0,0,0
0,0,0
0,0,0
0,0,0
241
3967246,0,-97
3967246,1,-97
3967246,2,-128
3967246,3,-91
3967246,4,-128
3967246,5,-97
3967246,6,-128
3967246,7,-128
3967246,8,-128
3967246,9,-128
3967246,10,-128
3967246,11,-71
3967246,12,-128
3967246,13,-95
3967246,14,-128
4042666,0,-97
4042666,1,-128
4042666,2,-128
4042666,3,-89
4042666,4,-128
4042666,5,-97
4042666,6,-128
4042666,7,-128
4042666,8,-128
4042666,9,-95
4042666,10,-128
4042666,11,-73
4042666,12,-128
4042666,13,-128
4042666,14,-128
4118057,0,-97
4118057,1,-95
4118057,2,-128
4118057,3,-87
4118057,4,-128
4118057,5,-96
4118057,6,-128
4118057,7,-128
4118057,8,-128
4118057,9,-96
4118057,10,-128
4118057,11,-84
4118057,12,-128
4118057,13,-97
4118057,14,-128
4193431,0,-96
4193431,1,-96
4193431,2,-128
4193431,3,-88
4193431,4,-128
4193431,5,-95
4193431,6,-128
4193431,7,-128
4193431,8,-128
4193431,9,-96
4193431,10,-96
4193431,11,-91
4193431,12,-128
4193431,13,-95
4193431,14,-128
4268750,0,-128
4268750,1,-128
4268750,2,-128
4268750,3,-128
4268750,4,-97
4268750,5,-128
4268750,6,-97
4268750,7,-128
4268750,8,-128
4268750,9,-128
4268750,10,-128
4268750,11,-128
4268750,12,-128
4268750,13,-97
4268750,14,-128
0,0,0
0,0,0
0,0,0
0,0,0
0,0,0
240
4344176,0,-128
4344176,1,-97
4344176,2,-128
4344176,3,-95
4344176,4,-128
4344176,5,-97
4344176,6,-128
4344176,7,-97
4344176,8,-128
4344176,9,-97
4344176,10,-65
4344176,11,-128
4344176,12,-128
4344176,13,-128
4344176,14,-128
4419500,0,-97
4419500,1,-128
4419500,2,-128
4419500,3,-97
4419500,4,-128
4419500,5,-128
4419500,6,-128
4419500,7,-128
4419500,8,-128
4419500,9,-128
4419500,10,-89
4419500,11,-97
4419500,12,-97
4419500,13,-128
4419500,14,-128
4494853,0,-97
4494853,1,-128
4494853,2,-128
4494853,3,-128
4494853,4,-128
4494853,5,-128
4494853,6,-128
4494853,7,-128
4494853,8,-128
4494853,9,-95
4494853,10,-92
4494853,11,-128
4494853,12,-128
4494853,13,-95
4494853,14,-128
4570210,0,-97
4570210,1,-128
4570210,2,-128
4570210,3,-97
4570210,4,-128
4570210,5,-128
4570210,6,-128
4570210,7,-128
4570210,8,-128
4570210,9,-96
4570210,10,-97
4570210,11,-128
4570210,12,-97
4570210,13,-96
4570210,14,-128
4645547,0,-97
4645547,1,-128
4645547,2,-128
4645547,3,-128
4645547,4,-96
4645547,5,-128
4645547,6,-128
4645547,7,-97
4645547,8,-128
4645547,9,-91
4645547,10,-88
4645547,11,-128
4645547,12,-128
4645547,13,-97
4645547,14,-128
0,0,0
0,0,0
0,0,0
0,0,0
0,0,0
239
4720977,0,-97
4720977,1,-97
4720977,2,-128
4720977,3,-97
4720977,4,-96
4720977,5,-96
4720977,6,-128
4720977,7,-97
4720977,8,-128
4720977,9,-83
4720977,10,-97
4720977,11,-97
4720977,12,-97
4720977,13,-89
4720977,14,-128
4796342,0,-97
4796342,1,-97
4796342,2,-128
4796342,3,-95
4796342,4,-95
4796342,5,-96
4796342,6,-128
4796342,7,-97
4796342,8,-128
4796342,9,-96
4796342,10,-96
4796342,11,-96
4796342,12,-128
4796342,13,-128
4796342,14,-128
4871694,0,-90
4871694,1,-97
4871694,2,-128
4871694,3,-96
4871694,4,-96
4871694,5,-97
4871694,6,-128
4871694,7,-95
4871694,8,-128
4871694,9,-97
4871694,10,-128
4871694,11,-96
4871694,12,-128
4871694,13,-97
4871694,14,-128
4947061,0,-97
4947061,1,-128
4947061,2,-128
4947061,3,-128
4947061,4,-128
4947061,5,-128
4947061,6,-97
4947061,7,-128
4947061,8,-128
4947061,9,-128
4947061,10,-93
4947061,11,-128
4947061,12,-95
4947061,13,-128
4947061,14,-128
5022415,0,-128
5022415,1,-128
5022415,2,-128
5022415,3,-128
5022415,4,-128
5022415,5,-128
5022415,6,-128
5022415,7,-128
5022415,8,-128
5022415,9,-128
5022415,10,-92
5022415,11,-128
5022415,12,-95
5022415,13,-128
5022415,14,-128
0,0,0
0,0,0
0,0,0
0,0,0
0,0,0
238
5097856,0,-95
5097856,1,-97
5097856,2,-128
5097856,3,-97
5097856,4,-94
5097856,5,-93
5097856,6,-128
5097856,7,-97
5097856,8,-128
5097856,9,-97
5097856,10,-97
5097856,11,-86
5097856,12,-96
5097856,13,-128
5097856,14,-128
5173257,0,-97
5173257,1,-77
5173257,2,-128
5173257,3,-97
5173257,4,-128
5173257,5,-80
5173257,6,-128
5173257,7,-128
5173257,8,-128
5173257,9,-91
5173257,10,-128
5173257,11,-128
5173257,12,-128
5173257,13,-95
5173257,14,-128
5248638,0,-97
5248638,1,-80
5248638,2,-128
5248638,3,-97
5248638,4,-128
5248638,5,-95
5248638,6,-128
5248638,7,-128
5248638,8,-128
5248638,9,-97
5248638,10,-97
5248638,11,-97
5248638,12,-97
5248638,13,-128
5248638,14,-128
5324027,0,-128
5324027,1,-96
5324027,2,-128
5324027,3,-97
5324027,4,-128
5324027,5,-86
5324027,6,-128
5324027,7,-128
5324027,8,-128
5324027,9,-128
5324027,10,-128
5324027,11,-128
5324027,12,-128
5324027,13,-128
5324027,14,-128
5399412,0,-97
5399412,1,-78
5399412,2,-128
5399412,3,-96
5399412,4,-128
5399412,5,-83
5399412,6,-128
5399412,7,-128
5399412,8,-128
5399412,9,-128
5399412,10,-128
5399412,11,-128
5399412,12,-128
5399412,13,-128
5399412,14,-128
0,0,0
0,0,0
0,0,0
0,0,0
0,0,0
237
5474857,0,-128
5474857,1,-78
5474857,2,-128
5474857,3,-97
5474857,4,-128
5474857,5,-95
5474857,6,-128
5474857,7,-128
5474857,8,-128
5474857,9,-128
5474857,10,-97
5474857,11,-128
5474857,12,-128
5474857,13,-128
5474857,14,-128
5550201,0,-97
5550201,1,-128
5550201,2,-128
5550201,3,-128
5550201,4,-128
5550201,5,-128
5550201,6,-97
5550201,7,-128
5550201,8,-128
5550201,9,-128
5550201,10,-128
5550201,11,-128
5550201,12,-94
5550201,13,-128
5550201,14,-128
5625532,0,-96
5625532,1,-96
5625532,2,-128
5625532,3,-88
5625532,4,-128
5625532,5,-93
5625532,6,-128
5625532,7,-128
5625532,8,-128
5625532,9,-90
5625532,10,-97
5625532,11,-128
5625532,12,-128
5625532,13,-94
5625532,14,-128
5700875,0,-128
5700875,1,-95
5700875,2,-128
5700875,3,-76
5700875,4,-128
5700875,5,-97
5700875,6,-128
5700875,7,-97
5700875,8,-128
5700875,9,-97
5700875,10,-128
5700875,11,-128
5700875,12,-128
5700875,13,-128
5700875,14,-128
5776220,0,-128
5776220,1,-97
5776220,2,-128
5776220,3,-92
5776220,4,-128
5776220,5,-97
5776220,6,-128
5776220,7,-128
5776220,8,-128
5776220,9,-91
5776220,10,-128
5776220,11,-128
5776220,12,-128
5776220,13,-89
5776220,14,-128
0,0,0
0,0,0
0,0,0
0,0,0
0,0,0
236
5851628,0,-96
5851628,1,-128
5851628,2,-128
5851628,3,-128
5851628,4,-97
5851628,5,-97
5851628,6,-128
5851628,7,-128
5851628,8,-128
5851628,9,-92
5851628,10,-97
5851628,11,-128
5851628,12,-128
5851628,13,-97
5851628,14,-128
5926963,0,-128
5926963,1,-128
5926963,2,-128
5926963,3,-128
5926963,4,-128
5926963,5,-128
5926963,6,-85
5926963,7,-128
5926963,8,-128
5926963,9,-94
5926963,10,-128
5926963,11,-128
5926963,12,-128
5926963,13,-92
5926963,14,-128
6002312,0,-97
6002312,1,-97
6002312,2,-128
6002312,3,-95
6002312,4,-128
6002312,5,-96
6002312,6,-90
6002312,7,-128
6002312,8,-128
6002312,9,-94
6002312,10,-92
6002312,11,-128
6002312,12,-128
6002312,13,-96
6002312,14,-128
6077723,0,-91
6077723,1,-128
6077723,2,-128
6077723,3,-92
6077723,4,-128
6077723,5,-97
6077723,6,-128
6077723,7,-128
6077723,8,-128
6077723,9,-95
6077723,10,-97
6077723,11,-128
6077723,12,-128
6077723,13,-128
6077723,14,-128
6153075,0,-97
6153075,1,-97
6153075,2,-128
6153075,3,-96
6153075,4,-128
6153075,5,-97
6153075,6,-128
6153075,7,-128
6153075,8,-128
6153075,9,-87
6153075,10,-97
6153075,11,-97
6153075,12,-96
6153075,13,-95
6153075,14,-128
0,0,0
0,0,0
0,0,0
0,0,0
0,0,0
235
6228489,0,-97
6228489,1,-128
6228489,2,-128
6228489,3,-128
6228489,4,-128
6228489,5,-128
6228489,6,-128
6228489,7,-128
6228489,8,-128
6228489,9,-92
6228489,10,-128
6228489,11,-128
6228489,12,-128
6228489,13,-95
6228489,14,-128
6303830,0,-128
6303830,1,-128
6303830,2,-128
6303830,3,-128
6303830,4,-128
6303830,5,-96
6303830,6,-128
6303830,7,-128
6303830,8,-128
6303830,9,-96
6303830,10,-128
6303830,11,-128
6303830,12,-97
6303830,13,-128
6303830,14,-128
6379155,0,-97
6379155,1,-128
6379155,2,-128
6379155,3,-128
6379155,4,-128
6379155,5,-91
6379155,6,-128
6379155,7,-128
6379155,8,-128
6379155,9,-84
6379155,10,-128
6379155,11,-128
6379155,12,-71
6379155,13,-91
6379155,14,-128
6454497,0,-128
6454497,1,-128
6454497,2,-128
6454497,3,-128
6454497,4,-128
6454497,5,-128
6454497,6,-128
6454497,7,-128
6454497,8,-128
6454497,9,-128
6454497,10,-128
6454497,11,-128
6454497,12,-128
6454497,13,-96
6454497,14,-128
6529826,0,-128
6529826,1,-128
6529826,2,-128
6529826,3,-128
6529826,4,-97
6529826,5,-128
6529826,6,-128
6529826,7,-128
6529826,8,-128
6529826,9,-128
6529826,10,-128
6529826,11,-128
6529826,12,-128
6529826,13,-95
6529826,14,-128
0,0,0
0,0,0
0,0,0
0,0,0
0,0,0
234
6605200,0,-128
6605200,1,-128
6605200,2,-128
6605200,3,-128
6605200,4,-128
6605200,5,-128
6605200,6,-128
6605200,7,-128
6605200,8,-128
6605200,9,-128
6605200,10,-128
6605200,11,-128
6605200,12,-128
6605200,13,-128
6605200,14,-128
6680531,0,-97
6680531,1,-128
6680531,2,-128
6680531,3,-128
6680531,4,-97
6680531,5,-128
6680531,6,-128
6680531,7,-128
6680531,8,-128
6680531,9,-128
6680531,10,-128
6680531,11,-128
6680531,12,-128
6680531,13,-128
6680531,14,-128
6755839,0,-128
6755839,1,-128
6755839,2,-128
6755839,3,-128
6755839,4,-128
6755839,5,-128
6755839,6,-128
6755839,7,-128
6755839,8,-128
6755839,9,-128
6755839,10,-128
6755839,11,-128
6755839,12,-128
6755839,13,-128
6755839,14,-128
6831146,0,-95
6831146,1,-128
6831146,2,-128
6831146,3,-128
6831146,4,-128
6831146,5,-128
6831146,6,-128
6831146,7,-128
6831146,8,-128
6831146,9,-128
6831146,10,-128
6831146,11,-128
6831146,12,-128
6831146,13,-97
6831146,14,-128
6906453,0,-93
6906453,1,-128
6906453,2,-128
6906453,3,-128
6906453,4,-97
6906453,5,-128
6906453,6,-128
6906453,7,-128
6906453,8,-128
6906453,9,-128
6906453,10,-128
6906453,11,-128
6906453,12,-90
6906453,13,-97
6906453,14,-128
0,0,0
0,0,0
0,0,0
0,0,0
0,0,0
233
6981840,0,-128
6981840,1,-128
6981840,2,-128
6981840,3,-128
6981840,4,-128
6981840,5,-97
6981840,6,-128
6981840,7,-128
6981840,8,-128
6981840,9,-128
6981840,10,-128
6981840,11,-128
6981840,12,-97
6981840,13,-128
6981840,14,-128
7057163,0,-128
7057163,1,-128
7057163,2,-128
7057163,3,-128
7057163,4,-128
7057163,5,-128
7057163,6,-128
7057163,7,-128
7057163,8,-128
7057163,9,-128
7057163,10,-128
7057163,11,-128
7057163,12,-94
7057163,13,-128
7057163,14,-128
7132491,0,-128
7132491,1,-128
7132491,2,-128
7132491,3,-128
7132491,4,-128
7132491,5,-128
7132491,6,-128
7132491,7,-128
7132491,8,-128
7132491,9,-97
7132491,10,-97
7132491,11,-128
7132491,12,-97
7132491,13,-128
7132491,14,-128
7207828,0,-128
7207828,1,-91
7207828,2,-128
7207828,3,-128
7207828,4,-97
7207828,5,-128
7207828,6,-128
7207828,7,-128
7207828,8,-128
7207828,9,-128
7207828,10,-128
7207828,11,-128
7207828,12,-97
7207828,13,-97
7207828,14,-128
7283162,0,-128
7283162,1,-128
7283162,2,-128
7283162,3,-128
7283162,4,-95
7283162,5,-128
7283162,6,-128
7283162,7,-128
7283162,8,-128
7283162,9,-128
7283162,10,-128
7283162,11,-128
7283162,12,-95
7283162,13,-128
7283162,14,-128
0,0,0
0,0,0
0,0,0
0,0,0
0,0,0
232
7358533,0,-128
7358533,1,-128
7358533,2,-128
7358533,3,-128
7358533,4,-128
7358533,5,-128
7358533,6,-97
7358533,7,-128
7358533,8,-128
7358533,9,-128
7358533,10,-128
7358533,11,-128
7358533,12,-97
7358533,13,-97
7358533,14,-128
7433867,0,-128
7433867,1,-128
7433867,2,-128
7433867,3,-97
7433867,4,-90
7433867,5,-97
7433867,6,-128
7433867,7,-128
7433867,8,-128
7433867,9,-128
7433867,10,-128
7433867,11,-128
7433867,12,-128
7433867,13,-94
7433867,14,-128
7509200,0,-128
7509200,1,-128
7509200,2,-128
7509200,3,-128
7509200,4,-128
7509200,5,-128
7509200,6,-128
7509200,7,-128
7509200,8,-128
7509200,9,-128
7509200,10,-97
7509200,11,-128
7509200,12,-93
7509200,13,-128
7509200,14,-128
7584515,0,-128
7584515,1,-128
7584515,2,-128
7584515,3,-128
7584515,4,-97
7584515,5,-128
7584515,6,-128
7584515,7,-128
7584515,8,-128
7584515,9,-128
7584515,10,-97
7584515,11,-128
7584515,12,-97
7584515,13,-128
7584515,14,-128
7659864,0,-128
7659864,1,-128
7659864,2,-128
7659864,3,-94
7659864,4,-128
7659864,5,-97
7659864,6,-128
7659864,7,-128
7659864,8,-128
7659864,9,-94
7659864,10,-128
7659864,11,-81
7659864,12,-93
7659864,13,-128
7659864,14,-128
0,0,0
0,0,0
0,0,0
0,0,0
0,0,0
231
7735274,0,-128
7735274,1,-128
7735274,2,-128
7735274,3,-128
7735274,4,-128
7735274,5,-128
7735274,6,-128
7735274,7,-128
7735274,8,-128
7735274,9,-128
7735274,10,-128
7735274,11,-128
7735274,12,-96
7735274,13,-128
7735274,14,-128
7810581,0,-128
7810581,1,-128
7810581,2,-128
7810581,3,-128
7810581,4,-128
7810581,5,-128
7810581,6,-128
7810581,7,-128
7810581,8,-128
7810581,9,-128
7810581,10,-128
7810581,11,-128
7810581,12,-97
7810581,13,-128
7810581,14,-128
7885888,0,-128
7885888,1,-128
7885888,2,-128
7885888,3,-97
7885888,4,-128
7885888,5,-128
7885888,6,-128
7885888,7,-128
7885888,8,-128
7885888,9,-97
7885888,10,-128
7885888,11,-89
7885888,12,-128
7885888,13,-128
7885888,14,-128
7961217,0,-128
7961217,1,-128
7961217,2,-128
7961217,3,-97
7961217,4,-128
7961217,5,-128
7961217,6,-128
7961217,7,-128
7961217,8,-128
7961217,9,-97
7961217,10,-97
7961217,11,-97
7961217,12,-128
7961217,13,-128
7961217,14,-128
8036528,0,-128
8036528,1,-128
8036528,2,-128
8036528,3,-97
8036528,4,-128
8036528,5,-95
8036528,6,-128
8036528,7,-128
8036528,8,-128
8036528,9,-128
8036528,10,-128
8036528,11,-97
8036528,12,-128
8036528,13,-128
8036528,14,-128
0,0,0
0,0,0
0,0,0
0,0,0
0,0,0
230
8111917,0,-128
8111917,1,-128
8111917,2,-128
8111917,3,-97
8111917,4,-128
8111917,5,-97
8111917,6,-97
8111917,7,-128
8111917,8,-128
8111917,9,-97
8111917,10,-128
8111917,11,-128
8111917,12,-128
8111917,13,-128
8111917,14,-128
8187294,0,-128
8187294,1,-97
8187294,2,-128
8187294,3,-92
8187294,4,-86
8187294,5,-97
8187294,6,-97
8187294,7,-128
8187294,8,-128
8187294,9,-97
8187294,10,-64
8187294,11,-128
8187294,12,-128
8187294,13,-88
8187294,14,-128
8262646,0,-128
8262646,1,-128
8262646,2,-128
8262646,3,-97
8262646,4,-97
8262646,5,-128
8262646,6,-97
8262646,7,-128
8262646,8,-128
8262646,9,-94
8262646,10,-128
8262646,11,-97
8262646,12,-128
8262646,13,-97
8262646,14,-128
8338007,0,-128
8338007,1,-97
8338007,2,-128
8338007,3,-96
8338007,4,-128
8338007,5,-97
8338007,6,-128
8338007,7,-128
8338007,8,-128
8338007,9,-128
8338007,10,-128
8338007,11,-96
8338007,12,-128
8338007,13,-128
8338007,14,-128
8413315,0,-128
8413315,1,-128
8413315,2,-128
8413315,3,-94
8413315,4,-96
8413315,5,-97
8413315,6,-97
8413315,7,-128
8413315,8,-128
8413315,9,-128
8413315,10,-128
8413315,11,-128
8413315,12,-128
8413315,13,-128
8413315,14,-128
0,0,0
0,0,0
0,0,0
0,0,0
0,0,0
229
8488693,0,-128
8488693,1,-128
8488693,2,-128
8488693,3,-89
8488693,4,-96
8488693,5,-95
8488693,6,-128
8488693,7,-128
8488693,8,-128
8488693,9,-128
8488693,10,-128
8488693,11,-97
8488693,12,-128
8488693,13,-128
8488693,14,-128
8564052,0,-128
8564052,1,-128
8564052,2,-128
8564052,3,-94
8564052,4,-128
8564052,5,-85
8564052,6,-128
8564052,7,-128
8564052,8,-128
8564052,9,-128
8564052,10,-128
8564052,11,-128
8564052,12,-128
8564052,13,-128
8564052,14,-128
8639418,0,-128
8639418,1,-97
8639418,2,-128
8639418,3,-96
8639418,4,-92
8639418,5,-90
8639418,6,-128
8639418,7,-128
8639418,8,-128
8639418,9,-97
8639418,10,-128
8639418,11,-97
8639418,12,-97
8639418,13,-128
8639418,14,-128
8714759,0,-128
8714759,1,-95
8714759,2,-128
8714759,3,-95
8714759,4,-96
8714759,5,-94
8714759,6,-128
8714759,7,-128
8714759,8,-128
8714759,9,-93
8714759,10,-128
8714759,11,-96
8714759,12,-94
8714759,13,-128
8714759,14,-128
8790086,0,-128
8790086,1,-128
8790086,2,-128
8790086,3,-128
8790086,4,-128
8790086,5,-128
8790086,6,-88
8790086,7,-128
8790086,8,-128
8790086,9,-128
8790086,10,-96
8790086,11,-128
8790086,12,-95
8790086,13,-128
8790086,14,-128
0,0,0
0,0,0
0,0,0
0,0,0
0,0,0
228
8865508,0,-128
8865508,1,-128
8865508,2,-128
8865508,3,-97
8865508,4,-128
8865508,5,-128
8865508,6,-84
8865508,7,-128
8865508,8,-128
8865508,9,-128
8865508,10,-128
8865508,11,-97
8865508,12,-128
8865508,13,-128
8865508,14,-128
8940815,0,-128
8940815,1,-97
8940815,2,-128
8940815,3,-97
8940815,4,-128
8940815,5,-128
8940815,6,-128
8940815,7,-128
8940815,8,-128
8940815,9,-128
8940815,10,-128
8940815,11,-128
8940815,12,-97
8940815,13,-128
8940815,14,-128
9016121,0,-128
9016121,1,-128
9016121,2,-128
9016121,3,-97
9016121,4,-97
9016121,5,-128
9016121,6,-128
9016121,7,-128
9016121,8,-128
9016121,9,-128
9016121,10,-128
9016121,11,-128
9016121,12,-97
9016121,13,-128
9016121,14,-128
9091427,0,-128
9091427,1,-128
9091427,2,-128
9091427,3,-95
9091427,4,-97
9091427,5,-95
9091427,6,-128
9091427,7,-128
9091427,8,-128
9091427,9,-128
9091427,10,-128
9091427,11,-97
9091427,12,-95
9091427,13,-128
9091427,14,-128
9166786,0,-128
9166786,1,-128
9166786,2,-128
9166786,3,-97
9166786,4,-128
9166786,5,-97
9166786,6,-128
9166786,7,-128
9166786,8,-128
9166786,9,-128
9166786,10,-128
9166786,11,-97
9166786,12,-97
9166786,13,-128
9166786,14,-128
0,0,0
0,0,0
0,0,0
0,0,0
0,0,0
227
9242146,0,-128
9242146,1,-128
9242146,2,-128
9242146,3,-96
9242146,4,-128
9242146,5,-97
9242146,6,-128
9242146,7,-128
9242146,8,-128
9242146,9,-97
9242146,10,-97
9242146,11,-58
9242146,12,-95
9242146,13,-128
9242146,14,-128
9317506,0,-128
9317506,1,-97
9317506,2,-128
9317506,3,-94
9317506,4,-97
9317506,5,-96
9317506,6,-128
9317506,7,-128
9317506,8,-128
9317506,9,-97
9317506,10,-128
9317506,11,-70
9317506,12,-128
9317506,13,-128
9317506,14,-128
9392872,0,-128
9392872,1,-96
9392872,2,-128
9392872,3,-96
9392872,4,-86
9392872,5,-97
9392872,6,-97
9392872,7,-128
9392872,8,-128
9392872,9,-96
9392872,10,-95
9392872,11,-84
9392872,12,-97
9392872,13,-95
9392872,14,-128
9468205,0,-128
9468205,1,-128
9468205,2,-128
9468205,3,-128
9468205,4,-97
9468205,5,-128
9468205,6,-97
9468205,7,-128
9468205,8,-128
9468205,9,-96
9468205,10,-128
9468205,11,-128
9468205,12,-97
9468205,13,-128
9468205,14,-128
9543534,0,-128
9543534,1,-96
9543534,2,-128
9543534,3,-96
9543534,4,-97
9543534,5,-128
9543534,6,-97
9543534,7,-128
9543534,8,-128
9543534,9,-97
9543534,10,-128
9543534,11,-128
9543534,12,-97
9543534,13,-97
9543534,14,-128
0,0,0
0,0,0
0,0,0
0,0,0
0,0,0
226
9618931,0,-128
9618931,1,-97
9618931,2,-128
9618931,3,-96
9618931,4,-128
9618931,5,-128
9618931,6,-128
9618931,7,-128
9618931,8,-128
9618931,9,-128
9618931,10,-128
9618931,11,-128
9618931,12,-128
9618931,13,-128
9618931,14,-128
9694271,0,-128
9694271,1,-97
9694271,2,-128
9694271,3,-97
9694271,4,-97
9694271,5,-128
9694271,6,-128
9694271,7,-128
9694271,8,-128
9694271,9,-97
9694271,10,-128
9694271,11,-128
9694271,12,-91
9694271,13,-128
9694271,14,-128
9769615,0,-128
9769615,1,-128
9769615,2,-128
9769615,3,-97
9769615,4,-128
9769615,5,-128
9769615,6,-128
9769615,7,-128
9769615,8,-128
9769615,9,-97
9769615,10,-128
9769615,11,-128
9769615,12,-97
9769615,13,-128
9769615,14,-128
9844935,0,-128
9844935,1,-128
9844935,2,-128
9844935,3,-128
9844935,4,-128
9844935,5,-128
9844935,6,-128
9844935,7,-128
9844935,8,-128
9844935,9,-97
9844935,10,-128
9844935,11,-128
9844935,12,-97
9844935,13,-128
9844935,14,-128
9920245,0,-128
9920245,1,-128
9920245,2,-128
9920245,3,-97
9920245,4,-97
9920245,5,-128
9920245,6,-128
9920245,7,-128
9920245,8,-128
9920245,9,-97
9920245,10,-128
9920245,11,-128
9920245,12,-97
9920245,13,-128
9920245,14,-128
0,0,0
0,0,0
0,0,0
0,0,0
0,0,0
225
9995663,0,-128
9995663,1,-97
9995663,2,-128
9995663,3,-93
9995663,4,-93
9995663,5,-96
9995663,6,-96
9995663,7,-128
9995663,8,-128
9995663,9,-97
9995663,10,-97
9995663,11,-128
9995663,12,-91
9995663,13,-128
9995663,14,-128
10071016,0,-128
10071016,1,-128
10071016,2,-128
10071016,3,-128
10071016,4,-95
10071016,5,-97
10071016,6,-97
10071016,7,-128
10071016,8,-128
10071016,9,-95
10071016,10,-96
10071016,11,-128
10071016,12,-83
10071016,13,-128
10071016,14,-128
10146376,0,-128
10146376,1,-95
10146376,2,-128
10146376,3,-97
10146376,4,-90
10146376,5,-96
10146376,6,-96
10146376,7,-128
10146376,8,-128
10146376,9,-96
10146376,10,-93
10146376,11,-128
10146376,12,-94
10146376,13,-96
10146376,14,-128
10221799,0,-128
10221799,1,-96
10221799,2,-128
10221799,3,-97
10221799,4,-97
10221799,5,-95
10221799,6,-95
10221799,7,-128
10221799,8,-128
10221799,9,-128
10221799,10,-96
10221799,11,-128
10221799,12,-97
10221799,13,-128
10221799,14,-128
10297168,0,-128
10297168,1,-96
10297168,2,-128
10297168,3,-97
10297168,4,-85
10297168,5,-95
10297168,6,-94
10297168,7,-128
10297168,8,-128
10297168,9,-97
10297168,10,-97
10297168,11,-128
10297168,12,-94
10297168,13,-97
10297168,14,-128
0,0,0
0,0,0
0,0,0
0,0,0
0,0,0
224
10372642,0,-128
10372642,1,-97
10372642,2,-128
10372642,3,-128
10372642,4,-88
10372642,5,-75
10372642,6,-128
10372642,7,-128
10372642,8,-128
10372642,9,-128
10372642,10,-128
10372642,11,-128
10372642,12,-90
10372642,13,-128
10372642,14,-128
10448054,0,-128
10448054,1,-94
10448054,2,-128
10448054,3,-128
10448054,4,-79
10448054,5,-89
10448054,6,-97
10448054,7,-128
10448054,8,-128
10448054,9,-128
10448054,10,-128
10448054,11,-128
10448054,12,-97
10448054,13,-96
10448054,14,-128
10523430,0,-128
10523430,1,-96
10523430,2,-128
10523430,3,-97
10523430,4,-128
10523430,5,-96
10523430,6,-97
10523430,7,-128
10523430,8,-128
10523430,9,-97
10523430,10,-91
10523430,11,-128
10523430,12,-95
10523430,13,-128
10523430,14,-128
10598777,0,-128
10598777,1,-96
10598777,2,-128
10598777,3,-96
10598777,4,-97
10598777,5,-93
10598777,6,-128
10598777,7,-128
10598777,8,-128
10598777,9,-128
10598777,10,-128
10598777,11,-128
10598777,12,-97
10598777,13,-95
10598777,14,-128
10674082,0,-128
10674082,1,-97
10674082,2,-128
10674082,3,-128
10674082,4,-128
10674082,5,-128
10674082,6,-95
10674082,7,-128
10674082,8,-128
10674082,9,-128
10674082,10,-128
10674082,11,-128
10674082,12,-97
10674082,13,-95
10674082,14,-128
0,0,0
0,0,0
0,0,0
0,0,0
0,0,0
223
10749459,0,-128
10749459,1,-128
10749459,2,-128
10749459,3,-97
10749459,4,-128
10749459,5,-128
10749459,6,-128
10749459,7,-128
10749459,8,-128
10749459,9,-128
10749459,10,-128
10749459,11,-128
10749459,12,-128
10749459,13,-96
10749459,14,-128
10824765,0,-128
10824765,1,-97
10824765,2,-128
10824765,3,-128
10824765,4,-128
10824765,5,-97
10824765,6,-128
10824765,7,-128
10824765,8,-128
10824765,9,-128
10824765,10,-97
10824765,11,-128
10824765,12,-128
10824765,13,-128
10824765,14,-128
10900070,0,-128
10900070,1,-128
10900070,2,-128
10900070,3,-97
10900070,4,-128
10900070,5,-97
10900070,6,-128
10900070,7,-128
10900070,8,-128
10900070,9,-128
10900070,10,-128
10900070,11,-128
10900070,12,-97
10900070,13,-128
10900070,14,-128
10975378,0,-128
10975378,1,-128
10975378,2,-128
10975378,3,-128
10975378,4,-128
10975378,5,-128
10975378,6,-128
10975378,7,-128
10975378,8,-128
10975378,9,-128
10975378,10,-128
10975378,11,-128
10975378,12,-128
10975378,13,-96
10975378,14,-128
11050685,0,-128
11050685,1,-128
11050685,2,-128
11050685,3,-128
11050685,4,-128
11050685,5,-128
11050685,6,-128
11050685,7,-128
11050685,8,-128
11050685,9,-128
11050685,10,-128
11050685,11,-128
11050685,12,-128
11050685,13,-97
11050685,14,-128
0,0,0
0,0,0
0,0,0
0,0,0
0,0,0
222
11126060,0,-128
11126060,1,-97
11126060,2,-128
11126060,3,-128
11126060,4,-128
11126060,5,-97
11126060,6,-128
11126060,7,-128
11126060,8,-128
11126060,9,-128
11126060,10,-128
11126060,11,-128
11126060,12,-97
11126060,13,-128
11126060,14,-128
11201387,0,-128
11201387,1,-97
11201387,2,-128
11201387,3,-128
11201387,4,-97
11201387,5,-97
11201387,6,-128
11201387,7,-128
11201387,8,-128
11201387,9,-128
11201387,10,-128
11201387,11,-128
11201387,12,-128
11201387,13,-128
11201387,14,-128
11276708,0,-128
11276708,1,-97
11276708,2,-128
11276708,3,-97
11276708,4,-128
11276708,5,-94
11276708,6,-128
11276708,7,-128
11276708,8,-128
11276708,9,-128
11276708,10,-128
11276708,11,-128
11276708,12,-128
11276708,13,-128
11276708,14,-128
11352023,0,-128
11352023,1,-97
11352023,2,-128
11352023,3,-97
11352023,4,-128
11352023,5,-97
11352023,6,-128
11352023,7,-128
11352023,8,-128
11352023,9,-128
11352023,10,-128
11352023,11,-128
11352023,12,-128
11352023,13,-97
11352023,14,-128
11427331,0,-128
11427331,1,-128
11427331,2,-128
11427331,3,-128
11427331,4,-128
11427331,5,-96
11427331,6,-128
11427331,7,-128
11427331,8,-128
11427331,9,-128
11427331,10,-128
11427331,11,-128
11427331,12,-128
11427331,13,-128
11427331,14,-128
0,0,0
0,0,0
0,0,0
0,0,0
0,0,0
221
11502705,0,-128
11502705,1,-128
11502705,2,-128
11502705,3,-97
11502705,4,-128
11502705,5,-96
11502705,6,-128
11502705,7,-128
11502705,8,-128
11502705,9,-128
11502705,10,-128
11502705,11,-128
11502705,12,-97
11502705,13,-128
11502705,14,-128
11578043,0,-128
11578043,1,-128
11578043,2,-128
11578043,3,-128
11578043,4,-128
11578043,5,-128
11578043,6,-128
11578043,7,-128
11578043,8,-128
11578043,9,-128
11578043,10,-128
11578043,11,-128
11578043,12,-128
11578043,13,-94
11578043,14,-128
11653390,0,-128
11653390,1,-128
11653390,2,-128
11653390,3,-94
11653390,4,-96
11653390,5,-128
11653390,6,-128
11653390,7,-128
11653390,8,-128
11653390,9,-128
11653390,10,-128
11653390,11,-128
11653390,12,-96
11653390,13,-128
11653390,14,-128
11728724,0,-128
11728724,1,-128
11728724,2,-128
11728724,3,-86
11728724,4,-128
11728724,5,-128
11728724,6,-128
11728724,7,-128
11728724,8,-128
11728724,9,-128
11728724,10,-128
11728724,11,-128
11728724,12,-128
11728724,13,-128
11728724,14,-128
11804046,0,-128
11804046,1,-128
11804046,2,-128
11804046,3,-97
11804046,4,-128
11804046,5,-128
11804046,6,-128
11804046,7,-128
11804046,8,-128
11804046,9,-128
11804046,10,-128
11804046,11,-128
11804046,12,-128
11804046,13,-97
11804046,14,-128
0,0,0
0,0,0
0,0,0
0,0,0
0,0,0
220
11879419,0,-128
11879419,1,-128
11879419,2,-128
11879419,3,-85
11879419,4,-128
11879419,5,-128
11879419,6,-96
11879419,7,-128
11879419,8,-128
11879419,9,-128
11879419,10,-128
11879419,11,-128
11879419,12,-128
11879419,13,-128
11879419,14,-128
11954776,0,-128
11954776,1,-97
11954776,2,-128
11954776,3,-97
11954776,4,-96
11954776,5,-128
11954776,6,-95
11954776,7,-128
11954776,8,-128
11954776,9,-128
11954776,10,-128
11954776,11,-128
11954776,12,-128
11954776,13,-128
11954776,14,-128
12030085,0,-128
12030085,1,-128
12030085,2,-128
12030085,3,-128
12030085,4,-128
12030085,5,-128
12030085,6,-128
12030085,7,-128
12030085,8,-128
12030085,9,-128
12030085,10,-128
12030085,11,-128
12030085,12,-95
12030085,13,-128
12030085,14,-128
12105401,0,-128
12105401,1,-128
12105401,2,-128
12105401,3,-128
12105401,4,-128
12105401,5,-128
12105401,6,-128
12105401,7,-128
12105401,8,-128
12105401,9,-128
12105401,10,-128
12105401,11,-128
12105401,12,-95
12105401,13,-128
12105401,14,-128
12180725,0,-128
12180725,1,-128
12180725,2,-128
12180725,3,-128
12180725,4,-128
12180725,5,-128
12180725,6,-128
12180725,7,-128
12180725,8,-128
12180725,9,-128
12180725,10,-128
12180725,11,-128
12180725,12,-95
12180725,13,-128
12180725,14,-128
0,0,0
0,0,0
0,0,0
0,0,0
0,0,0
219
12256098,0,-128
12256098,1,-128
12256098,2,-128
12256098,3,-128
12256098,4,-128
12256098,5,-128
12256098,6,-128
12256098,7,-128
12256098,8,-128
12256098,9,-128
12256098,10,-128
12256098,11,-128
12256098,12,-97
12256098,13,-128
12256098,14,-128
12331406,0,-128
12331406,1,-128
12331406,2,-128
12331406,3,-128
12331406,4,-128
12331406,5,-128
12331406,6,-128
12331406,7,-128
12331406,8,-128
12331406,9,-128
12331406,10,-128
12331406,11,-128
12331406,12,-128
12331406,13,-128
12331406,14,-128
12406714,0,-128
12406714,1,-128
12406714,2,-128
12406714,3,-128
12406714,4,-128
12406714,5,-128
12406714,6,-128
12406714,7,-128
12406714,8,-128
12406714,9,-128
12406714,10,-128
12406714,11,-128
12406714,12,-128
12406714,13,-128
12406714,14,-128
12482022,0,-128
12482022,1,-128
12482022,2,-128
12482022,3,-128
12482022,4,-128
12482022,5,-128
12482022,6,-128
12482022,7,-128
12482022,8,-128
12482022,9,-128
12482022,10,-128
12482022,11,-128
12482022,12,-128
12482022,13,-128
12482022,14,-128
12557330,0,-128
12557330,1,-128
12557330,2,-128
12557330,3,-128
12557330,4,-128
12557330,5,-128
12557330,6,-128
12557330,7,-128
12557330,8,-128
12557330,9,-128
12557330,10,-128
12557330,11,-128
12557330,12,-128
12557330,13,-128
12557330,14,-128
0,0,0
0,0,0
0,0,0
0,0,0
0,0,0
218
12632704,0,-128
12632704,1,-128
12632704,2,-128
12632704,3,-128
12632704,4,-128
12632704,5,-128
12632704,6,-128
12632704,7,-128
12632704,8,-128
12632704,9,-128
12632704,10,-128
12632704,11,-128
12632704,12,-128
12632704,13,-128
12632704,14,-128
12708012,0,-128
12708012,1,-128
12708012,2,-128
12708012,3,-128
12708012,4,-128
12708012,5,-128
12708012,6,-128
12708012,7,-128
12708012,8,-128
12708012,9,-128
12708012,10,-128
12708012,11,-128
12708012,12,-128
12708012,13,-128
12708012,14,-128
12783319,0,-128
12783319,1,-97
12783319,2,-128
12783319,3,-128
12783319,4,-128
12783319,5,-97
12783319,6,-128
12783319,7,-128
12783319,8,-128
12783319,9,-128
12783319,10,-128
12783319,11,-128
12783319,12,-128
12783319,13,-128
12783319,14,-128
12858638,0,-128
12858638,1,-97
12858638,2,-128
12858638,3,-128
12858638,4,-128
12858638,5,-96
12858638,6,-128
12858638,7,-128
12858638,8,-128
12858638,9,-128
12858638,10,-128
12858638,11,-128
12858638,12,-128
12858638,13,-128
12858638,14,-128
12933946,0,-128
12933946,1,-128
12933946,2,-128
12933946,3,-128
12933946,4,-128
12933946,5,-128
12933946,6,-128
12933946,7,-128
12933946,8,-128
12933946,9,-128
12933946,10,-128
12933946,11,-128
12933946,12,-128
12933946,13,-128
12933946,14,-128
0,0,0
0,0,0
0,0,0
0,0,0
0,0,0
217
13009325,0,-128
13009325,1,-97
13009325,2,-128
13009325,3,-128
13009325,4,-128
13009325,5,-97
13009325,6,-128
13009325,7,-128
13009325,8,-128
13009325,9,-128
13009325,10,-128
13009325,11,-128
13009325,12,-128
13009325,13,-94
13009325,14,-128
13084688,0,-128
13084688,1,-97
13084688,2,-128
13084688,3,-96
13084688,4,-128
13084688,5,-96
13084688,6,-128
13084688,7,-128
13084688,8,-128
13084688,9,-128
13084688,10,-128
13084688,11,-128
13084688,12,-128
13084688,13,-95
13084688,14,-128
13160023,0,-128
13160023,1,-96
13160023,2,-128
13160023,3,-96
13160023,4,-128
13160023,5,-89
13160023,6,-128
13160023,7,-128
13160023,8,-128
13160023,9,-128
13160023,10,-128
13160023,11,-128
13160023,12,-128
13160023,13,-96
13160023,14,-128
13235364,0,-128
13235364,1,-96
13235364,2,-128
13235364,3,-97
13235364,4,-128
13235364,5,-92
13235364,6,-128
13235364,7,-128
13235364,8,-128
13235364,9,-128
13235364,10,-128
13235364,11,-128
13235364,12,-128
13235364,13,-96
13235364,14,-128
13310696,0,-128
13310696,1,-96
13310696,2,-128
13310696,3,-97
13310696,4,-128
13310696,5,-97
13310696,6,-128
13310696,7,-128
13310696,8,-128
13310696,9,-128
13310696,10,-128
13310696,11,-128
13310696,12,-128
13310696,13,-128
13310696,14,-128
0,0,0
0,0,0
0,0,0
0,0,0
0,0,0
216
13386122,0,-128
13386122,1,-96
13386122,2,-128
13386122,3,-96
13386122,4,-128
13386122,5,-96
13386122,6,-128
13386122,7,-128
13386122,8,-128
13386122,9,-128
13386122,10,-128
13386122,11,-128
13386122,12,-128
13386122,13,-128
13386122,14,-128
13461468,0,-128
13461468,1,-96
13461468,2,-128
13461468,3,-97
13461468,4,-128
13461468,5,-97
13461468,6,-128
13461468,7,-128
13461468,8,-128
13461468,9,-128
13461468,10,-128
13461468,11,-128
13461468,12,-128
13461468,13,-128
13461468,14,-128
13536806,0,-128
13536806,1,-97
13536806,2,-128
13536806,3,-96
13536806,4,-128
13536806,5,-97
13536806,6,-128
13536806,7,-128
13536806,8,-128
13536806,9,-128
13536806,10,-128
13536806,11,-128
13536806,12,-128
13536806,13,-128
13536806,14,-128
13612126,0,-128
13612126,1,-97
13612126,2,-128
13612126,3,-97
13612126,4,-128
13612126,5,-128
13612126,6,-128
13612126,7,-128
13612126,8,-128
13612126,9,-128
13612126,10,-128
13612126,11,-128
13612126,12,-128
13612126,13,-128
13612126,14,-128
13687461,0,-128
13687461,1,-97
13687461,2,-128
13687461,3,-95
13687461,4,-128
13687461,5,-95
13687461,6,-128
13687461,7,-128
13687461,8,-128
13687461,9,-128
13687461,10,-128
13687461,11,-128
13687461,12,-128
13687461,13,-128
13687461,14,-128
0,0,0
0,0,0
0,0,0
0,0,0
0,0,0
215
13762858,0,-128
13762858,1,-97
13762858,2,-128
13762858,3,-96
13762858,4,-128
13762858,5,-95
13762858,6,-128
13762858,7,-128
13762858,8,-128
13762858,9,-128
13762858,10,-128
13762858,11,-128
13762858,12,-128
13762858,13,-128
13762858,14,-128
13838192,0,-128
13838192,1,-97
13838192,2,-128
13838192,3,-96
13838192,4,-128
13838192,5,-97
13838192,6,-96
13838192,7,-128
13838192,8,-128
13838192,9,-128
13838192,10,-128
13838192,11,-128
13838192,12,-128
13838192,13,-96
13838192,14,-128
13913520,0,-128
13913520,1,-96
13913520,2,-128
13913520,3,-96
13913520,4,-128
13913520,5,-96
13913520,6,-128
13913520,7,-128
13913520,8,-128
13913520,9,-128
13913520,10,-128
13913520,11,-128
13913520,12,-128
13913520,13,-96
13913520,14,-128
13988881,0,-128
13988881,1,-96
13988881,2,-128
13988881,3,-97
13988881,4,-128
13988881,5,-89
13988881,6,-128
13988881,7,-128
13988881,8,-128
13988881,9,-128
13988881,10,-128
13988881,11,-128
13988881,12,-128
13988881,13,-97
13988881,14,-128
14064214,0,-128
14064214,1,-96
14064214,2,-128
14064214,3,-128
14064214,4,-128
14064214,5,-95
14064214,6,-97
14064214,7,-128
14064214,8,-128
14064214,9,-128
14064214,10,-128
14064214,11,-128
14064214,12,-128
14064214,13,-128
14064214,14,-128
0,0,0
0,0,0
0,0,0
0,0,0
0,0,0
214
14139613,0,-128
14139613,1,-85
14139613,2,-128
14139613,3,-97
14139613,4,-128
14139613,5,-93
14139613,6,-128
14139613,7,-128
14139613,8,-128
14139613,9,-128
14139613,10,-128
14139613,11,-128
14139613,12,-128
14139613,13,-89
14139613,14,-128
14214938,0,-128
14214938,1,-95
14214938,2,-128
14214938,3,-96
14214938,4,-128
14214938,5,-90
14214938,6,-128
14214938,7,-128
14214938,8,-128
14214938,9,-128
14214938,10,-128
14214938,11,-128
14214938,12,-128
14214938,13,-96
14214938,14,-128
14290270,0,-128
14290270,1,-128
14290270,2,-128
14290270,3,-70
14290270,4,-128
14290270,5,-96
14290270,6,-128
14290270,7,-128
14290270,8,-128
14290270,9,-128
14290270,10,-128
14290270,11,-128
14290270,12,-128
14290270,13,-128
14290270,14,-128
14365599,0,-128
14365599,1,-97
14365599,2,-128
14365599,3,-96
14365599,4,-128
14365599,5,-93
14365599,6,-128
14365599,7,-128
14365599,8,-128
14365599,9,-128
14365599,10,-128
14365599,11,-128
14365599,12,-128
14365599,13,-96
14365599,14,-128
14440962,0,-128
14440962,1,-128
14440962,2,-128
14440962,3,-128
14440962,4,-128
14440962,5,-128
14440962,6,-96
14440962,7,-128
14440962,8,-128
14440962,9,-128
14440962,10,-128
14440962,11,-128
14440962,12,-128
14440962,13,-128
14440962,14,-128
0,0,0
0,0,0
0,0,0
0,0,0
0,0,0
213
14516363,0,-128
14516363,1,-128
14516363,2,-128
14516363,3,-128
14516363,4,-128
14516363,5,-128
14516363,6,-96
14516363,7,-128
14516363,8,-128
14516363,9,-128
14516363,10,-128
14516363,11,-128
14516363,12,-128
14516363,13,-128
14516363,14,-128
14591696,0,-128
14591696,1,-128
14591696,2,-128
14591696,3,-128
14591696,4,-128
14591696,5,-128
14591696,6,-84
14591696,7,-128
14591696,8,-128
14591696,9,-128
14591696,10,-128
14591696,11,-128
14591696,12,-128
14591696,13,-97
14591696,14,-128
14667009,0,-128
14667009,1,-128
14667009,2,-128
14667009,3,-128
14667009,4,-128
14667009,5,-128
14667009,6,-95
14667009,7,-128
14667009,8,-128
14667009,9,-128
14667009,10,-128
14667009,11,-128
14667009,12,-128
14667009,13,-96
14667009,14,-128
14742344,0,-128
14742344,1,-128
14742344,2,-128
14742344,3,-128
14742344,4,-128
14742344,5,-128
14742344,6,-87
14742344,7,-128
14742344,8,-128
14742344,9,-128
14742344,10,-128
14742344,11,-128
14742344,12,-128
14742344,13,-95
14742344,14,-128
14817672,0,-128
14817672,1,-128
14817672,2,-128
14817672,3,-128
14817672,4,-128
14817672,5,-96
14817672,6,-128
14817672,7,-128
14817672,8,-128
14817672,9,-128
14817672,10,-128
14817672,11,-128
14817672,12,-128
14817672,13,-94
14817672,14,-128
0,0,0
0,0,0
0,0,0
0,0,0
0,0,0
212
14893052,0,-128
14893052,1,-97
14893052,2,-128
14893052,3,-128
14893052,4,-128
14893052,5,-97
14893052,6,-128
14893052,7,-128
14893052,8,-128
14893052,9,-128
14893052,10,-128
14893052,11,-128
14893052,12,-128
14893052,13,-128
14893052,14,-128
14968368,0,-128
14968368,1,-128
14968368,2,-128
14968368,3,-128
14968368,4,-128
14968368,5,-128
14968368,6,-128
14968368,7,-128
14968368,8,-128
14968368,9,-128
14968368,10,-128
14968368,11,-128
14968368,12,-128
14968368,13,-128
14968368,14,-128
15043676,0,-128
15043676,1,-128
15043676,2,-128
15043676,3,-128
15043676,4,-128
15043676,5,-128
15043676,6,-128
15043676,7,-128
15043676,8,-128
15043676,9,-128
15043676,10,-128
15043676,11,-128
15043676,12,-128
15043676,13,-96
15043676,14,-128
15119003,0,-128
15119003,1,-97
15119003,2,-128
15119003,3,-128
15119003,4,-128
15119003,5,-128
15119003,6,-128
15119003,7,-128
15119003,8,-128
15119003,9,-128
15119003,10,-128
15119003,11,-128
15119003,12,-128
15119003,13,-96
15119003,14,-128
15194320,0,-128
15194320,1,-128
15194320,2,-128
15194320,3,-128
15194320,4,-128
15194320,5,-128
15194320,6,-128
15194320,7,-128
15194320,8,-128
15194320,9,-128
15194320,10,-128
15194320,11,-128
15194320,12,-128
15194320,13,-128
15194320,14,-128
0,0,0
0,0,0
0,0,0
0,0,0
0,0,0
211
15269694,0,-128
15269694,1,-128
15269694,2,-128
15269694,3,-128
15269694,4,-128
15269694,5,-128
15269694,6,-128
15269694,7,-128
15269694,8,-128
15269694,9,-128
15269694,10,-128
15269694,11,-128
15269694,12,-128
15269694,13,-128
15269694,14,-128
15345020,0,-128
15345020,1,-128
15345020,2,-128
15345020,3,-128
15345020,4,-128
15345020,5,-128
15345020,6,-128
15345020,7,-128
15345020,8,-128
15345020,9,-128
15345020,10,-128
15345020,11,-128
15345020,12,-128
15345020,13,-97
15345020,14,-128
15420328,0,-128
15420328,1,-128
15420328,2,-128
15420328,3,-128
15420328,4,-128
15420328,5,-97
15420328,6,-128
15420328,7,-128
15420328,8,-128
15420328,9,-128
15420328,10,-128
15420328,11,-128
15420328,12,-128
15420328,13,-96
15420328,14,-128
15495644,0,-128
15495644,1,-128
15495644,2,-128
15495644,3,-128
15495644,4,-128
15495644,5,-128
15495644,6,-128
15495644,7,-128
15495644,8,-128
15495644,9,-128
15495644,10,-128
15495644,11,-128
15495644,12,-128
15495644,13,-96
15495644,14,-128
15570962,0,-128
15570962,1,-97
15570962,2,-128
15570962,3,-128
15570962,4,-128
15570962,5,-128
15570962,6,-128
15570962,7,-128
15570962,8,-128
15570962,9,-128
15570962,10,-128
15570962,11,-128
15570962,12,-128
15570962,13,-97
15570962,14,-128
0,0,0
0,0,0
0,0,0
0,0,0
0,0,0
210