10000,0,-128
10000,1,-91
10000,2,-93
10000,3,-93
10000,4,-92
10000,5,-93
10000,6,-93
10000,7,-93
30021,0,-128
30021,1,-93
30021,2,-128
30021,3,-93
30021,4,-93
30021,5,-93
30021,6,-93
30021,7,-93
50042,0,-128
50042,1,-93
50042,2,-128
50042,3,-93
50042,4,-93
50042,5,-93
50042,6,-92
50042,7,-93
70063,0,-128
70063,1,-93
70063,2,-128
70063,3,-93
70063,4,-93
70063,5,-128
70063,6,-93
70063,7,-93
90084,0,-128
90084,1,-93
90084,2,-128
90084,3,-93
90084,4,-128
90084,5,-93
90084,6,-93
90084,7,-93
110105,0,-128
110105,1,-128
110105,2,-128
110105,3,-93
110105,4,-93
110105,5,-93
110105,6,-93
110105,7,-93
130127,0,-128
130127,1,-93
130127,2,-128
130127,3,-93
130127,4,-93
130127,5,-93
130127,6,-93
130127,7,-128
150148,0,-128
150148,1,-128
150148,2,-128
150148,3,-93
150148,4,-128
150148,5,-93
150148,6,-93
150148,7,-93
170169,0,-128
170169,1,-93
170169,2,-128
170169,3,-93
170169,4,-128
170169,5,-93
170169,6,-93
170169,7,-93
190190,0,-128
190190,1,-93
190190,2,-128
190190,3,-93
190190,4,-128
190190,5,-93
190190,6,-93
190190,7,-93
249
210245,0,-128
210245,1,-93
210245,2,-128
210245,3,-93
210245,4,-93
210245,5,-93
210245,6,-128
210245,7,-93
230266,0,-128
230266,1,-128
230266,2,-128
230266,3,-93
230266,4,-93
230266,5,-128
230266,6,-93
230266,7,-93
250287,0,-128
250287,1,-93
250287,2,-128
250287,3,-128
250287,4,-93
250287,5,-128
250287,6,-93
250287,7,-93
270308,0,-128
270308,1,-93
270308,2,-93
270308,3,-128
270308,4,-128
270308,5,-128
270308,6,-93
270308,7,-93
290329,0,-128
290329,1,-93
290329,2,-93
290329,3,-128
290329,4,-93
290329,5,-128
290329,6,-93
290329,7,-93
310350,0,-128
310350,1,-93
310350,2,-128
310350,3,-128
310350,4,-93
310350,5,-128
310350,6,-93
310350,7,-93
330371,0,-128
330371,1,-93
330371,2,-128
330371,3,-93
330371,4,-93
330371,5,-128
330371,6,-93
330371,7,-93
350392,0,-128
350392,1,-93
350392,2,-128
350392,3,-93
350392,4,-128
350392,5,-93
350392,6,-93
350392,7,-128
370413,0,-128
370413,1,-93
370413,2,-128
370413,3,-93
370413,4,-93
370413,5,-93
370413,6,-128
370413,7,-93
390434,0,-128
390434,1,-93
390434,2,-128
390434,3,-93
390434,4,-93
390434,5,-128
390434,6,-128
390434,7,-93
248
410488,0,-128
410488,1,-93
410488,2,-128
410488,3,-128
410488,4,-93
410488,5,-93
410488,6,-93
410488,7,-93
430509,0,-128
430509,1,-93
430509,2,-128
430509,3,-93
430509,4,-128
430509,5,-93
430509,6,-93
430509,7,-128
450530,0,-128
450530,1,-93
450530,2,-128
450530,3,-93
450530,4,-93
450530,5,-93
450530,6,-93
450530,7,-93
470551,0,-128
470551,1,-93
470551,2,-128
470551,3,-93
470551,4,-93
470551,5,-128
470551,6,-93
470551,7,-93
490572,0,-128
490572,1,-93
490572,2,-128
490572,3,-93
490572,4,-93
490572,5,-128
490572,6,-93
490572,7,-93
510593,0,-128
510593,1,-93
510593,2,-128
510593,3,-93
510593,4,-93
510593,5,-93
510593,6,-92
510593,7,-93
530614,0,-128
530614,1,-128
530614,2,-128
530614,3,-93
530614,4,-93
530614,5,-128
530614,6,-93
530614,7,-93
550635,0,-128
550635,1,-93
550635,2,-128
550635,3,-93
550635,4,-93
550635,5,-93
550635,6,-93
550635,7,-92
570656,0,-128
570656,1,-93
570656,2,-93
570656,3,-93
570656,4,-93
570656,5,-93
570656,6,-93
570656,7,-93
590677,0,-128
590677,1,-93
590677,2,-93
590677,3,-93
590677,4,-128
590677,5,-93
590677,6,-93
590677,7,-93
247
610732,0,-128
610732,1,-93
610732,2,-128
610732,3,-93
610732,4,-128
610732,5,-128
610732,6,-92
610732,7,-93
630753,0,-128
630753,1,-128
630753,2,-128
630753,3,-93
630753,4,-93
630753,5,-128
630753,6,-93
630753,7,-93
650774,0,-128
650774,1,-93
650774,2,-128
650774,3,-128
650774,4,-93
650774,5,-128
650774,6,-93
650774,7,-128
670795,0,-128
670795,1,-93
670795,2,-128
670795,3,-93
670795,4,-93
670795,5,-93
670795,6,-93
670795,7,-128
690816,0,-128
690816,1,-93
690816,2,-128
690816,3,-93
690816,4,-128
690816,5,-93
690816,6,-93
690816,7,-93
710837,0,-128
710837,1,-93
710837,2,-128
710837,3,-93
710837,4,-93
710837,5,-128
710837,6,-93
710837,7,-93
730858,0,-128
730858,1,-93
730858,2,-128
730858,3,-93
730858,4,-93
730858,5,-93
730858,6,-93
730858,7,-93
750879,0,-128
750879,1,-93
750879,2,-128
750879,3,-93
750879,4,-128
750879,5,-128
750879,6,-93
750879,7,-128
770900,0,-128
770900,1,-128
770900,2,-128
770900,3,-93
770900,4,-88
770900,5,-128
770900,6,-93
770900,7,-128
790922,0,-128
790922,1,-93
790922,2,-128
790922,3,-93
790922,4,-128
790922,5,-93
790922,6,-93
790922,7,-93
246
810977,0,-128
810977,1,-93
810977,2,-128
810977,3,-128
810977,4,-93
810977,5,-128
810977,6,-93
810977,7,-93
830998,0,-128
830998,1,-93
830998,2,-128
830998,3,-93
830998,4,-128
830998,5,-128
830998,6,-128
830998,7,-93
851019,0,-128
851019,1,-93
851019,2,-128
851019,3,-93
851019,4,-128
851019,5,-128
851019,6,-93
851019,7,-128
871040,0,-128
871040,1,-93
871040,2,-128
871040,3,-128
871040,4,-128
871040,5,-93
871040,6,-93
871040,7,-128
891061,0,-128
891061,1,-93
891061,2,-128
891061,3,-93
891061,4,-128
891061,5,-93
891061,6,-93
891061,7,-93
911082,0,-128
911082,1,-93
911082,2,-128
911082,3,-93
911082,4,-93
911082,5,-128
911082,6,-93
911082,7,-92
931103,0,-128
931103,1,-93
931103,2,-128
931103,3,-93
931103,4,-93
931103,5,-128
931103,6,-93
931103,7,-93
951124,0,-128
951124,1,-93
951124,2,-128
951124,3,-93
951124,4,-128
951124,5,-93
951124,6,-93
951124,7,-128
971145,0,-128
971145,1,-93
971145,2,-128
971145,3,-93
971145,4,-128
971145,5,-93
971145,6,-92
971145,7,-128
991166,0,-128
991166,1,-93
991166,2,-93
991166,3,-128
991166,4,-128
991166,5,-128
991166,6,-93
991166,7,-93
245
1011221,0,-128
1011221,1,-93
1011221,2,-128
1011221,3,-93
1011221,4,-128
1011221,5,-93
1011221,6,-93
1011221,7,-128
1031242,0,-128
1031242,1,-93
1031242,2,-128
1031242,3,-93
1031242,4,-128
1031242,5,-93
1031242,6,-128
1031242,7,-128
1051263,0,-128
1051263,1,-93
1051263,2,-128
1051263,3,-93
1051263,4,-128
1051263,5,-128
1051263,6,-93
1051263,7,-93
1071284,0,-128
1071284,1,-128
1071284,2,-128
1071284,3,-93
1071284,4,-128
1071284,5,-93
1071284,6,-128
1071284,7,-93
1091305,0,-128
1091305,1,-128
1091305,2,-128
1091305,3,-128
1091305,4,-93
1091305,5,-128
1091305,6,-93
1091305,7,-93
1111326,0,-128
1111326,1,-93
1111326,2,-128
1111326,3,-93
1111326,4,-93
1111326,5,-93
1111326,6,-91
1111326,7,-93
1131347,0,-128
1131347,1,-93
1131347,2,-128
1131347,3,-93
1131347,4,-93
1131347,5,-93
1131347,6,-128
1131347,7,-93
1151368,0,-128
1151368,1,-93
1151368,2,-128
1151368,3,-128
1151368,4,-128
1151368,5,-128
1151368,6,-93
1151368,7,-93
1171389,0,-128
1171389,1,-93
1171389,2,-128
1171389,3,-93
1171389,4,-128
1171389,5,-128
1171389,6,-93
1171389,7,-93
1191410,0,-128
1191410,1,-93
1191410,2,-128
1191410,3,-93
1191410,4,-128
1191410,5,-128
1191410,6,-93
1191410,7,-128
244
1211465,0,-128
1211465,1,-93
1211465,2,-128
1211465,3,-93
1211465,4,-128
1211465,5,-93
1211465,6,-93
1211465,7,-128
1231486,0,-128
1231486,1,-128
1231486,2,-93
1231486,3,-93
1231486,4,-93
1231486,5,-93
1231486,6,-93
1231486,7,-128
1251507,0,-128
1251507,1,-93
1251507,2,-128
1251507,3,-93
1251507,4,-128
1251507,5,-93
1251507,6,-93
1251507,7,-128
1271528,0,-128
1271528,1,-93
1271528,2,-93
1271528,3,-93
1271528,4,-93
1271528,5,-93
1271528,6,-93
1271528,7,-93
1291549,0,-128
1291549,1,-93
1291549,2,-128
1291549,3,-93
1291549,4,-93
1291549,5,-93
1291549,6,-93
1291549,7,-128
1311570,0,-128
1311570,1,-93
1311570,2,-93
1311570,3,-93
1311570,4,-128
1311570,5,-93
1311570,6,-93
1311570,7,-93
1331591,0,-128
1331591,1,-93
1331591,2,-128
1331591,3,-93
1331591,4,-128
1331591,5,-128
1331591,6,-93
1331591,7,-93
1351612,0,-128
1351612,1,-93
1351612,2,-128
1351612,3,-93
1351612,4,-93
1351612,5,-93
1351612,6,-93
1351612,7,-93
1371633,0,-128
1371633,1,-93
1371633,2,-93
1371633,3,-93
1371633,4,-128
1371633,5,-92
1371633,6,-93
1371633,7,-93
1391654,0,-128
1391654,1,-93
1391654,2,-128
1391654,3,-93
1391654,4,-93
1391654,5,-128
1391654,6,-93
1391654,7,-93
243
1411709,0,-128
1411709,1,-128
1411709,2,-93
1411709,3,-93
1411709,4,-128
1411709,5,-128
1411709,6,-93
1411709,7,-93
1431730,0,-128
1431730,1,-93
1431730,2,-128
1431730,3,-93
1431730,4,-128
1431730,5,-93
1431730,6,-93
1431730,7,-93
1451751,0,-128
1451751,1,-93
1451751,2,-128
1451751,3,-91
1451751,4,-128
1451751,5,-128
1451751,6,-93
1451751,7,-93
1471772,0,-128
1471772,1,-93
1471772,2,-128
1471772,3,-93
1471772,4,-93
1471772,5,-128
1471772,6,-128
1471772,7,-128
1491793,0,-128
1491793,1,-93
1491793,2,-128
1491793,3,-93
1491793,4,-93
1491793,5,-93
1491793,6,-93
1491793,7,-93
1511814,0,-128
1511814,1,-93
1511814,2,-128
1511814,3,-128
1511814,4,-93
1511814,5,-93
1511814,6,-128
1511814,7,-93
1531835,0,-128
1531835,1,-93
1531835,2,-128
1531835,3,-128
1531835,4,-93
1531835,5,-93
1531835,6,-93
1531835,7,-93
1551856,0,-128
1551856,1,-93
1551856,2,-93
1551856,3,-128
1551856,4,-93
1551856,5,-93
1551856,6,-128
1551856,7,-128
1571877,0,-128
1571877,1,-93
1571877,2,-93
1571877,3,-93
1571877,4,-93
1571877,5,-93
1571877,6,-93
1571877,7,-128
1591898,0,-128
1591898,1,-93
1591898,2,-128
1591898,3,-93
1591898,4,-93
1591898,5,-93
1591898,6,-93
1591898,7,-128
242
1611953,0,-128
1611953,1,-128
1611953,2,-93
1611953,3,-128
1611953,4,-128
1611953,5,-128
1611953,6,-93
1611953,7,-128
1631974,0,-128
1631974,1,-93
1631974,2,-128
1631974,3,-128
1631974,4,-93
1631974,5,-92
1631974,6,-93
1631974,7,-92
1651995,0,-128
1651995,1,-128
1651995,2,-128
1651995,3,-128
1651995,4,-93
1651995,5,-93
1651995,6,-93
1651995,7,-93
1672016,0,-128
1672016,1,-128
1672016,2,-128
1672016,3,-93
1672016,4,-128
1672016,5,-93
1672016,6,-93
1672016,7,-128
1692037,0,-128
1692037,1,-128
1692037,2,-93
1692037,3,-128
1692037,4,-93
1692037,5,-93
1692037,6,-93
1692037,7,-93
1712058,0,-128
1712058,1,-93
1712058,2,-128
1712058,3,-128
1712058,4,-128
1712058,5,-93
1712058,6,-128
1712058,7,-93
1732079,0,-128
1732079,1,-128
1732079,2,-128
1732079,3,-93
1732079,4,-128
1732079,5,-93
1732079,6,-93
1732079,7,-93
1752100,0,-128
1752100,1,-93
1752100,2,-93
1752100,3,-93
1752100,4,-128
1752100,5,-93
1752100,6,-93
1752100,7,-93
1772121,0,-128
1772121,1,-93
1772121,2,-128
1772121,3,-128
1772121,4,-93
1772121,5,-93
1772121,6,-93
1772121,7,-128
1792142,0,-128
1792142,1,-93
1792142,2,-128
1792142,3,-128
1792142,4,-128
1792142,5,-93
1792142,6,-93
1792142,7,-128
241
1812197,0,-128
1812197,1,-93
1812197,2,-128
1812197,3,-128
1812197,4,-92
1812197,5,-93
1812197,6,-128
1812197,7,-128
1832218,0,-128
1832218,1,-93
1832218,2,-93
1832218,3,-128
1832218,4,-128
1832218,5,-93
1832218,6,-128
1832218,7,-128
1852239,0,-128
1852239,1,-93
1852239,2,-93
1852239,3,-128
1852239,4,-93
1852239,5,-128
1852239,6,-93
1852239,7,-128
1872260,0,-128
1872260,1,-93
1872260,2,-128
1872260,3,-93
1872260,4,-93
1872260,5,-93
1872260,6,-93
1872260,7,-128
1892281,0,-128
1892281,1,-93
1892281,2,-93
1892281,3,-93
1892281,4,-93
1892281,5,-93
1892281,6,-93
1892281,7,-128
1912302,0,-128
1912302,1,-93
1912302,2,-93
1912302,3,-128
1912302,4,-93
1912302,5,-128
1912302,6,-93
1912302,7,-128
1932323,0,-128
1932323,1,-128
1932323,2,-128
1932323,3,-93
1932323,4,-93
1932323,5,-128
1932323,6,-89
1932323,7,-128
1952344,0,-128
1952344,1,-128
1952344,2,-128
1952344,3,-92
1952344,4,-93
1952344,5,-90
1952344,6,-93
1952344,7,-128
1972365,0,-128
1972365,1,-93
1972365,2,-128
1972365,3,-93
1972365,4,-93
1972365,5,-92
1972365,6,-93
1972365,7,-128
1992386,0,-128
1992386,1,-128
1992386,2,-93
1992386,3,-93
1992386,4,-93
1992386,5,-128
1992386,6,-93
1992386,7,-128
240
2012441,0,-128
2012441,1,-128
2012441,2,-128
2012441,3,-93
2012441,4,-93
2012441,5,-93
2012441,6,-128
2012441,7,-128
2032462,0,-128
2032462,1,-93
2032462,2,-128
2032462,3,-93
2032462,4,-93
2032462,5,-93
2032462,6,-128
2032462,7,-128
2052483,0,-128
2052483,1,-92
2052483,2,-92
2052483,3,-92
2052483,4,-93
2052483,5,-128
2052483,6,-128
2052483,7,-92
2072504,0,-128
2072504,1,-128
2072504,2,-128
2072504,3,-93
2072504,4,-93
2072504,5,-128
2072504,6,-93
2072504,7,-93
2092525,0,-128
2092525,1,-93
2092525,2,-128
2092525,3,-128
2092525,4,-128
2092525,5,-128
2092525,6,-128
2092525,7,-93
2112546,0,-128
2112546,1,-128
2112546,2,-93
2112546,3,-128
2112546,4,-93
2112546,5,-128
2112546,6,-128
2112546,7,-93
2132567,0,-128
2132567,1,-128
2132567,2,-93
2132567,3,-93
2132567,4,-93
2132567,5,-128
2132567,6,-128
2132567,7,-128
2152588,0,-128
2152588,1,-128
2152588,2,-128
2152588,3,-93
2152588,4,-92
2152588,5,-128
2152588,6,-128
2152588,7,-128
2172609,0,-128
2172609,1,-128
2172609,2,-128
2172609,3,-93
2172609,4,-128
2172609,5,-128
2172609,6,-128
2172609,7,-128
2192630,0,-128
2192630,1,-128
2192630,2,-93
2192630,3,-92
2192630,4,-128
2192630,5,-128
2192630,6,-128
2192630,7,-128
239
2212685,0,-128
2212685,1,-93
2212685,2,-128
2212685,3,-93
2212685,4,-93
2212685,5,-128
2212685,6,-128
2212685,7,-93
2232706,0,-128
2232706,1,-128
2232706,2,-128
2232706,3,-85
2232706,4,-93
2232706,5,-128
2232706,6,-128
2232706,7,-93
2252727,0,-128
2252727,1,-128
2252727,2,-128
2252727,3,-93
2252727,4,-93
2252727,5,-128
2252727,6,-128
2252727,7,-128
2272748,0,-128
2272748,1,-128
2272748,2,-128
2272748,3,-93
2272748,4,-93
2272748,5,-128
2272748,6,-128
2272748,7,-128
2292769,0,-128
2292769,1,-128
2292769,2,-128
2292769,3,-93
2292769,4,-93
2292769,5,-128
2292769,6,-128
2292769,7,-128
2312790,0,-128
2312790,1,-93
2312790,2,-93
2312790,3,-93
2312790,4,-93
2312790,5,-128
2312790,6,-128
2312790,7,-128
2332811,0,-128
2332811,1,-93
2332811,2,-93
2332811,3,-93
2332811,4,-93
2332811,5,-128
2332811,6,-128
2332811,7,-128
2352832,0,-128
2352832,1,-93
2352832,2,-93
2352832,3,-93
2352832,4,-128
2352832,5,-128
2352832,6,-128
2352832,7,-92
2372853,0,-128
2372853,1,-93
2372853,2,-128
2372853,3,-93
2372853,4,-128
2372853,5,-128
2372853,6,-128
2372853,7,-93
2392874,0,-128
2392874,1,-93
2392874,2,-93
2392874,3,-93
2392874,4,-128
2392874,5,-128
2392874,6,-128
2392874,7,-128
238
2412929,0,-128
2412929,1,-93
2412929,2,-128
2412929,3,-93
2412929,4,-93
2412929,5,-128
2412929,6,-128
2412929,7,-128
2432950,0,-128
2432950,1,-128
2432950,2,-93
2432950,3,-93
2432950,4,-93
2432950,5,-128
2432950,6,-128
2432950,7,-92
2452971,0,-128
2452971,1,-128
2452971,2,-128
2452971,3,-93
2452971,4,-93
2452971,5,-128
2452971,6,-128
2452971,7,-128
2472992,0,-128
2472992,1,-128
2472992,2,-93
2472992,3,-93
2472992,4,-128
2472992,5,-128
2472992,6,-128
2472992,7,-93
2493013,0,-128
2493013,1,-128
2493013,2,-128
2493013,3,-92
2493013,4,-128
2493013,5,-128
2493013,6,-128
2493013,7,-93
2513034,0,-128
2513034,1,-128
2513034,2,-93
2513034,3,-91
2513034,4,-128
2513034,5,-128
2513034,6,-128
2513034,7,-93
2533055,0,-128
2533055,1,-128
2533055,2,-93
2533055,3,-92
2533055,4,-128
2533055,5,-128
2533055,6,-92
2533055,7,-93
2553076,0,-128
2553076,1,-93
2553076,2,-128
2553076,3,-91
2553076,4,-128
2553076,5,-128
2553076,6,-93
2553076,7,-93
2573097,0,-128
2573097,1,-128
2573097,2,-128
2573097,3,-92
2573097,4,-93
2573097,5,-128
2573097,6,-128
2573097,7,-93
2593118,0,-128
2593118,1,-128
2593118,2,-93
2593118,3,-92
2593118,4,-93
2593118,5,-128
2593118,6,-93
2593118,7,-128
237
2613172,0,-128
2613172,1,-128
2613172,2,-93
2613172,3,-92
2613172,4,-93
2613172,5,-128
2613172,6,-128
2613172,7,-93
2633193,0,-128
2633193,1,-93
2633193,2,-128
2633193,3,-93
2633193,4,-93
2633193,5,-128
2633193,6,-93
2633193,7,-92
2653214,0,-128
2653214,1,-128
2653214,2,-93
2653214,3,-93
2653214,4,-93
2653214,5,-128
2653214,6,-93
2653214,7,-93
2673235,0,-128
2673235,1,-128
2673235,2,-93
2673235,3,-93
2673235,4,-93
2673235,5,-128
2673235,6,-128
2673235,7,-93
2693256,0,-128
2693256,1,-93
2693256,2,-128
2693256,3,-93
2693256,4,-93
2693256,5,-128
2693256,6,-93
2693256,7,-93
2713277,0,-128
2713277,1,-93
2713277,2,-93
2713277,3,-80
2713277,4,-93
2713277,5,-128
2713277,6,-93
2713277,7,-93
2733298,0,-128
2733298,1,-93
2733298,2,-93
2733298,3,-93
2733298,4,-93
2733298,5,-93
2733298,6,-93
2733298,7,-128
2753319,0,-128
2753319,1,-93
2753319,2,-128
2753319,3,-77
2753319,4,-93
2753319,5,-93
2753319,6,-128
2753319,7,-128
2773340,0,-128
2773340,1,-128
2773340,2,-93
2773340,3,-92
2773340,4,-93
2773340,5,-93
2773340,6,-93
2773340,7,-93
2793361,0,-128
2793361,1,-128
2793361,2,-93
2793361,3,-93
2793361,4,-91
2793361,5,-128
2793361,6,-93
2793361,7,-128
236
2813416,0,-128
2813416,1,-93
2813416,2,-93
2813416,3,-92
2813416,4,-93
2813416,5,-93
2813416,6,-93
2813416,7,-93
2833437,0,-128
2833437,1,-93
2833437,2,-93
2833437,3,-90
2833437,4,-92
2833437,5,-128
2833437,6,-93
2833437,7,-92
2853458,0,-128
2853458,1,-128
2853458,2,-93
2853458,3,-76
2853458,4,-128
2853458,5,-93
2853458,6,-93
2853458,7,-93
2873479,0,-128
2873479,1,-93
2873479,2,-93
2873479,3,-92
2873479,4,-93
2873479,5,-93
2873479,6,-93
2873479,7,-128
2893500,0,-128
2893500,1,-93
2893500,2,-128
2893500,3,-92
2893500,4,-128
2893500,5,-93
2893500,6,-93
2893500,7,-128
2913521,0,-128
2913521,1,-93
2913521,2,-93
2913521,3,-93
2913521,4,-93
2913521,5,-93
2913521,6,-93
2913521,7,-128
2933542,0,-128
2933542,1,-128
2933542,2,-93
2933542,3,-93
2933542,4,-93
2933542,5,-128
2933542,6,-128
2933542,7,-128
2953563,0,-128
2953563,1,-92
2953563,2,-128
2953563,3,-92
2953563,4,-93
2953563,5,-93
2953563,6,-93
2953563,7,-128
2973584,0,-128
2973584,1,-128
2973584,2,-128
2973584,3,-93
2973584,4,-93
2973584,5,-128
2973584,6,-93
2973584,7,-128
2993605,0,-128
2993605,1,-93
2993605,2,-128
2993605,3,-93
2993605,4,-93
2993605,5,-93
2993605,6,-93
2993605,7,-93
235
3013660,0,-128
3013660,1,-93
3013660,2,-93
3013660,3,-93
3013660,4,-128
3013660,5,-128
3013660,6,-93
3013660,7,-93
3033681,0,-128
3033681,1,-128
3033681,2,-93
3033681,3,-128
3033681,4,-128
3033681,5,-128
3033681,6,-93
3033681,7,-128
3053703,0,-128
3053703,1,-128
3053703,2,-93
3053703,3,-93
3053703,4,-93
3053703,5,-93
3053703,6,-93
3053703,7,-128
3073724,0,-128
3073724,1,-93
3073724,2,-93
3073724,3,-93
3073724,4,-93
3073724,5,-93
3073724,6,-93
3073724,7,-93
3093745,0,-128
3093745,1,-93
3093745,2,-128
3093745,3,-93
3093745,4,-93
3093745,5,-93
3093745,6,-93
3093745,7,-93
3113766,0,-128
3113766,1,-128
3113766,2,-93
3113766,3,-93
3113766,4,-93
3113766,5,-128
3113766,6,-93
3113766,7,-128
3133787,0,-128
3133787,1,-128
3133787,2,-93
3133787,3,-93
3133787,4,-93
3133787,5,-128
3133787,6,-91
3133787,7,-128
3153808,0,-128
3153808,1,-93
3153808,2,-128
3153808,3,-93
3153808,4,-93
3153808,5,-93
3153808,6,-128
3153808,7,-128
3173829,0,-128
3173829,1,-128
3173829,2,-128
3173829,3,-93
3173829,4,-93
3173829,5,-128
3173829,6,-93
3173829,7,-128
3193850,0,-128
3193850,1,-128
3193850,2,-93
3193850,3,-93
3193850,4,-93
3193850,5,-93
3193850,6,-93
3193850,7,-128
234
3213905,0,-128
3213905,1,-128
3213905,2,-93
3213905,3,-93
3213905,4,-93
3213905,5,-128
3213905,6,-128
3213905,7,-93
3233926,0,-128
3233926,1,-128
3233926,2,-93
3233926,3,-93
3233926,4,-93
3233926,5,-93
3233926,6,-93
3233926,7,-93
3253947,0,-128
3253947,1,-128
3253947,2,-93
3253947,3,-128
3253947,4,-93
3253947,5,-93
3253947,6,-93
3253947,7,-84
3273968,0,-128
3273968,1,-128
3273968,2,-91
3273968,3,-93
3273968,4,-90
3273968,5,-92
3273968,6,-93
3273968,7,-93
3293989,0,-128
3293989,1,-128
3293989,2,-128
3293989,3,-91
3293989,4,-93
3293989,5,-93
3293989,6,-128
3293989,7,-93
3314010,0,-128
3314010,1,-128
3314010,2,-128
3314010,3,-93
3314010,4,-93
3314010,5,-92
3314010,6,-128
3314010,7,-93
3334031,0,-128
3334031,1,-93
3334031,2,-128
3334031,3,-128
3334031,4,-128
3334031,5,-128
3334031,6,-128
3334031,7,-92
3354052,0,-128
3354052,1,-92
3354052,2,-128
3354052,3,-128
3354052,4,-128
3354052,5,-128
3354052,6,-128
3354052,7,-128
3374073,0,-128
3374073,1,-92
3374073,2,-128
3374073,3,-93
3374073,4,-128
3374073,5,-128
3374073,6,-128
3374073,7,-93
3394094,0,-128
3394094,1,-93
3394094,2,-128
3394094,3,-128
3394094,4,-128
3394094,5,-128
3394094,6,-128
3394094,7,-93
233
3414149,0,-128
3414149,1,-128
3414149,2,-128
3414149,3,-128
3414149,4,-128
3414149,5,-128
3414149,6,-128
3414149,7,-93
3434170,0,-128
3434170,1,-93
3434170,2,-128
3434170,3,-128
3434170,4,-128
3434170,5,-128
3434170,6,-128
3434170,7,-93
3454191,0,-128
3454191,1,-93
3454191,2,-128
3454191,3,-128
3454191,4,-128
3454191,5,-128
3454191,6,-128
3454191,7,-128
3474212,0,-128
3474212,1,-93
3474212,2,-93
3474212,3,-128
3474212,4,-128
3474212,5,-128
3474212,6,-128
3474212,7,-128
3494233,0,-128
3494233,1,-93
3494233,2,-128
3494233,3,-93
3494233,4,-128
3494233,5,-128
3494233,6,-128
3494233,7,-93
3514254,0,-128
3514254,1,-93
3514254,2,-128
3514254,3,-128
3514254,4,-128
3514254,5,-93
3514254,6,-128
3514254,7,-128
3534275,0,-128
3534275,1,-93
3534275,2,-128
3534275,3,-93
3534275,4,-128
3534275,5,-90
3534275,6,-128
3534275,7,-92
3554296,0,-128
3554296,1,-128
3554296,2,-128
3554296,3,-128
3554296,4,-128
3554296,5,-93
3554296,6,-128
3554296,7,-128
3574317,0,-128
3574317,1,-128
3574317,2,-128
3574317,3,-93
3574317,4,-128
3574317,5,-93
3574317,6,-128
3574317,7,-93
3594338,0,-128
3594338,1,-128
3594338,2,-128
3594338,3,-128
3594338,4,-128
3594338,5,-93
3594338,6,-128
3594338,7,-128
232
3614393,0,-128
3614393,1,-128
3614393,2,-128
3614393,3,-128
3614393,4,-93
3614393,5,-128
3614393,6,-128
3614393,7,-93
3634414,0,-128
3634414,1,-128
3634414,2,-128
3634414,3,-93
3634414,4,-128
3634414,5,-128
3634414,6,-128
3634414,7,-93
3654435,0,-128
3654435,1,-128
3654435,2,-128
3654435,3,-128
3654435,4,-93
3654435,5,-128
3654435,6,-128
3654435,7,-128
3674456,0,-128
3674456,1,-128
3674456,2,-128
3674456,3,-93
3674456,4,-128
3674456,5,-93
3674456,6,-128
3674456,7,-128
3694477,0,-128
3694477,1,-128
3694477,2,-128
3694477,3,-128
3694477,4,-128
3694477,5,-128
3694477,6,-128
3694477,7,-93
3714498,0,-128
3714498,1,-128
3714498,2,-128
3714498,3,-93
3714498,4,-128
3714498,5,-128
3714498,6,-128
3714498,7,-93
3734519,0,-128
3734519,1,-128
3734519,2,-128
3734519,3,-128
3734519,4,-93
3734519,5,-93
3734519,6,-128
3734519,7,-91
3754540,0,-128
3754540,1,-128
3754540,2,-128
3754540,3,-93
3754540,4,-128
3754540,5,-128
3754540,6,-128
3754540,7,-92
3774561,0,-128
3774561,1,-128
3774561,2,-128
3774561,3,-93
3774561,4,-128
3774561,5,-128
3774561,6,-128
3774561,7,-91
3794582,0,-128
3794582,1,-128
3794582,2,-128
3794582,3,-93
3794582,4,-128
3794582,5,-128
3794582,6,-128
3794582,7,-91
231
3814637,0,-128
3814637,1,-128
3814637,2,-128
3814637,3,-93
3814637,4,-93
3814637,5,-128
3814637,6,-128
3814637,7,-128
3834658,0,-128
3834658,1,-128
3834658,2,-93
3834658,3,-93
3834658,4,-93
3834658,5,-93
3834658,6,-128
3834658,7,-128
3854679,0,-128
3854679,1,-128
3854679,2,-128
3854679,3,-82
3854679,4,-93
3854679,5,-128
3854679,6,-128
3854679,7,-93
3874700,0,-128
3874700,1,-128
3874700,2,-93
3874700,3,-86
3874700,4,-93
3874700,5,-128
3874700,6,-128
3874700,7,-93
3894721,0,-128
3894721,1,-128
3894721,2,-93
3894721,3,-86
3894721,4,-128
3894721,5,-93
3894721,6,-128
3894721,7,-93
3914742,0,-128
3914742,1,-128
3914742,2,-93
3914742,3,-93
3914742,4,-93
3914742,5,-92
3914742,6,-128
3914742,7,-93
3934763,0,-128
3934763,1,-128
3934763,2,-88
3934763,3,-93
3934763,4,-93
3934763,5,-93
3934763,6,-128
3934763,7,-128
3954784,0,-128
3954784,1,-128
3954784,2,-92
3954784,3,-89
3954784,4,-128
3954784,5,-128
3954784,6,-128
3954784,7,-93
3974805,0,-128
3974805,1,-128
3974805,2,-83
3974805,3,-92
3974805,4,-128
3974805,5,-128
3974805,6,-128
3974805,7,-88
3994826,0,-128
3994826,1,-93
3994826,2,-88
3994826,3,-93
3994826,4,-128
3994826,5,-128
3994826,6,-128
3994826,7,-93
230
4014880,0,-128
4014880,1,-128
4014880,2,-93
4014880,3,-93
4014880,4,-128
4014880,5,-93
4014880,6,-128
4014880,7,-128
4034901,0,-128
4034901,1,-93
4034901,2,-85
4034901,3,-93
4034901,4,-93
4034901,5,-93
4034901,6,-128
4034901,7,-93
4054922,0,-128
4054922,1,-128
4054922,2,-91
4054922,3,-87
4054922,4,-93
4054922,5,-128
4054922,6,-128
4054922,7,-93
4074943,0,-128
4074943,1,-128
4074943,2,-93
4074943,3,-86
4074943,4,-93
4074943,5,-128
4074943,6,-128
4074943,7,-128
4094964,0,-128
4094964,1,-128
4094964,2,-87
4094964,3,-81
4094964,4,-128
4094964,5,-128
4094964,6,-128
4094964,7,-128
4114985,0,-128
4114985,1,-128
4114985,2,-92
4114985,3,-92
4114985,4,-93
4114985,5,-93
4114985,6,-128
4114985,7,-92
4135006,0,-128
4135006,1,-93
4135006,2,-87
4135006,3,-93
4135006,4,-128
4135006,5,-128
4135006,6,-128
4135006,7,-93
4155027,0,-128
4155027,1,-93
4155027,2,-90
4155027,3,-88
4155027,4,-128
4155027,5,-128
4155027,6,-128
4155027,7,-93
4175048,0,-128
4175048,1,-128
4175048,2,-90
4175048,3,-92
4175048,4,-93
4175048,5,-128
4175048,6,-128
4175048,7,-128
4195069,0,-128
4195069,1,-128
4195069,2,-91
4195069,3,-85
4195069,4,-128
4195069,5,-128
4195069,6,-128
4195069,7,-93
229
4215123,0,-128
4215123,1,-128
4215123,2,-93
4215123,3,-89
4215123,4,-93
4215123,5,-128
4215123,6,-128
4215123,7,-93
4235144,0,-128
4235144,1,-128
4235144,2,-93
4235144,3,-83
4235144,4,-128
4235144,5,-93
4235144,6,-128
4235144,7,-93
4255165,0,-128
4255165,1,-128
4255165,2,-93
4255165,3,-85
4255165,4,-93
4255165,5,-93
4255165,6,-128
4255165,7,-92
4275186,0,-128
4275186,1,-128
4275186,2,-93
4275186,3,-87
4275186,4,-93
4275186,5,-128
4275186,6,-128
4275186,7,-93
4295207,0,-128
4295207,1,-128
4295207,2,-92
4295207,3,-85
4295207,4,-128
4295207,5,-93
4295207,6,-128
4295207,7,-128
4315228,0,-128
4315228,1,-128
4315228,2,-90
4315228,3,-88
4315228,4,-93
4315228,5,-128
4315228,6,-128
4315228,7,-90
4335249,0,-128
4335249,1,-128
4335249,2,-88
4335249,3,-89
4335249,4,-93
4335249,5,-93
4335249,6,-128
4335249,7,-91
4355270,0,-128
4355270,1,-128
4355270,2,-87
4355270,3,-93
4355270,4,-128
4355270,5,-93
4355270,6,-92
4355270,7,-93
4375291,0,-128
4375291,1,-128
4375291,2,-93
4375291,3,-128
4375291,4,-128
4375291,5,-92
4375291,6,-93
4375291,7,-93
4395312,0,-128
4395312,1,-93
4395312,2,-93
4395312,3,-92
4395312,4,-128
4395312,5,-93
4395312,6,-93
4395312,7,-93
228
4415367,0,-128
4415367,1,-93
4415367,2,-93
4415367,3,-92
4415367,4,-128
4415367,5,-93
4415367,6,-93
4415367,7,-128
4435388,0,-128
4435388,1,-128
4435388,2,-93
4435388,3,-93
4435388,4,-128
4435388,5,-92
4435388,6,-93
4435388,7,-93
4455409,0,-128
4455409,1,-128
4455409,2,-93
4455409,3,-93
4455409,4,-92
4455409,5,-92
4455409,6,-93
4455409,7,-92
4475430,0,-128
4475430,1,-128
4475430,2,-128
4475430,3,-92
4475430,4,-93
4475430,5,-93
4475430,6,-93
4475430,7,-88
4495451,0,-128
4495451,1,-93
4495451,2,-93
4495451,3,-128
4495451,4,-93
4495451,5,-93
4495451,6,-93
4495451,7,-93
4515472,0,-128
4515472,1,-128
4515472,2,-93
4515472,3,-128
4515472,4,-93
4515472,5,-128
4515472,6,-128
4515472,7,-128
4535493,0,-128
4535493,1,-93
4535493,2,-92
4535493,3,-128
4535493,4,-93
4535493,5,-93
4535493,6,-128
4535493,7,-128
4555514,0,-128
4555514,1,-93
4555514,2,-87
4555514,3,-128
4555514,4,-128
4555514,5,-93
4555514,6,-93
4555514,7,-93
4575535,0,-128
4575535,1,-128
4575535,2,-87
4575535,3,-128
4575535,4,-128
4575535,5,-128
4575535,6,-128
4575535,7,-93
4595556,0,-128
4595556,1,-93
4595556,2,-92
4595556,3,-128
4595556,4,-128
4595556,5,-93
4595556,6,-128
4595556,7,-93
227
4615611,0,-128
4615611,1,-128
4615611,2,-92
4615611,3,-128
4615611,4,-128
4615611,5,-128
4615611,6,-128
4615611,7,-91
4635632,0,-128
4635632,1,-93
4635632,2,-89
4635632,3,-128
4635632,4,-128
4635632,5,-93
4635632,6,-93
4635632,7,-93
4655653,0,-128
4655653,1,-128
4655653,2,-85
4655653,3,-128
4655653,4,-128
4655653,5,-128
4655653,6,-93
4655653,7,-128
4675674,0,-128
4675674,1,-128
4675674,2,-89
4675674,3,-128
4675674,4,-128
4675674,5,-128
4675674,6,-93
4675674,7,-93
4695695,0,-128
4695695,1,-93
4695695,2,-86
4695695,3,-128
4695695,4,-93
4695695,5,-93
4695695,6,-128
4695695,7,-93
4715716,0,-128
4715716,1,-128
4715716,2,-91
4715716,3,-128
4715716,4,-93
4715716,5,-93
4715716,6,-93
4715716,7,-93
4735737,0,-128
4735737,1,-128
4735737,2,-87
4735737,3,-128
4735737,4,-128
4735737,5,-93
4735737,6,-93
4735737,7,-93
4755758,0,-128
4755758,1,-93
4755758,2,-90
4755758,3,-128
4755758,4,-93
4755758,5,-93
4755758,6,-128
4755758,7,-93
4775779,0,-128
4775779,1,-128
4775779,2,-92
4775779,3,-128
4775779,4,-128
4775779,5,-93
4775779,6,-93
4775779,7,-128
4795800,0,-128
4795800,1,-128
4795800,2,-92
4795800,3,-128
4795800,4,-128
4795800,5,-93
4795800,6,-93
4795800,7,-93
226
4815854,0,-128
4815854,1,-93
4815854,2,-93
4815854,3,-93
4815854,4,-128
4815854,5,-128
4815854,6,-92
4815854,7,-93
4835875,0,-128
4835875,1,-128
4835875,2,-93
4835875,3,-128
4835875,4,-128
4835875,5,-128
4835875,6,-93
4835875,7,-93
4855896,0,-128
4855896,1,-93
4855896,2,-93
4855896,3,-128
4855896,4,-128
4855896,5,-128
4855896,6,-128
4855896,7,-93
4875917,0,-128
4875917,1,-128
4875917,2,-93
4875917,3,-128
4875917,4,-128
4875917,5,-128
4875917,6,-93
4875917,7,-93
4895938,0,-128
4895938,1,-128
4895938,2,-92
4895938,3,-93
4895938,4,-128
4895938,5,-93
4895938,6,-93
4895938,7,-93
4915959,0,-128
4915959,1,-128
4915959,2,-93
4915959,3,-93
4915959,4,-128
4915959,5,-128
4915959,6,-93
4915959,7,-93
4935980,0,-128
4935980,1,-128
4935980,2,-93
4935980,3,-93
4935980,4,-128
4935980,5,-128
4935980,6,-128
4935980,7,-93
4956001,0,-128
4956001,1,-93
4956001,2,-128
4956001,3,-128
4956001,4,-128
4956001,5,-128
4956001,6,-93
4956001,7,-93
4976022,0,-128
4976022,1,-128
4976022,2,-128
4976022,3,-128
4976022,4,-128
4976022,5,-128
4976022,6,-128
4976022,7,-93
4996043,0,-128
4996043,1,-128
4996043,2,-93
4996043,3,-128
4996043,4,-128
4996043,5,-128
4996043,6,-93
4996043,7,-91
225
5016097,0,-128
5016097,1,-128
5016097,2,-128
5016097,3,-128
5016097,4,-128
5016097,5,-128
5016097,6,-128
5016097,7,-92
5036118,0,-128
5036118,1,-128
5036118,2,-128
5036118,3,-128
5036118,4,-128
5036118,5,-93
5036118,6,-128
5036118,7,-93
5056139,0,-128
5056139,1,-128
5056139,2,-128
5056139,3,-93
5056139,4,-128
5056139,5,-93
5056139,6,-92
5056139,7,-93
5076160,0,-128
5076160,1,-93
5076160,2,-128
5076160,3,-92
5076160,4,-128
5076160,5,-93
5076160,6,-93
5076160,7,-93
5096181,0,-128
5096181,1,-128
5096181,2,-128
5096181,3,-128
5096181,4,-128
5096181,5,-128
5096181,6,-128
5096181,7,-93
5116202,0,-128
5116202,1,-93
5116202,2,-128
5116202,3,-128
5116202,4,-128
5116202,5,-128
5116202,6,-128
5116202,7,-128
5136223,0,-128
5136223,1,-93
5136223,2,-93
5136223,3,-128
5136223,4,-128
5136223,5,-128
5136223,6,-128
5136223,7,-93
5156244,0,-128
5156244,1,-93
5156244,2,-93
5156244,3,-93
5156244,4,-128
5156244,5,-93
5156244,6,-93
5156244,7,-128
5176265,0,-128
5176265,1,-93
5176265,2,-128
5176265,3,-128
5176265,4,-128
5176265,5,-93
5176265,6,-128
5176265,7,-128
5196286,0,-128
5196286,1,-128
5196286,2,-93
5196286,3,-128
5196286,4,-128
5196286,5,-92
5196286,6,-93
5196286,7,-93
224
5216341,0,-128
5216341,1,-128
5216341,2,-128
5216341,3,-128
5216341,4,-128
5216341,5,-93
5216341,6,-128
5216341,7,-93
5236362,0,-128
5236362,1,-128
5236362,2,-93
5236362,3,-128
5236362,4,-128
5236362,5,-93
5236362,6,-128
5236362,7,-93
5256383,0,-128
5256383,1,-128
5256383,2,-93
5256383,3,-128
5256383,4,-128
5256383,5,-128
5256383,6,-128
5256383,7,-128
5276404,0,-128
5276404,1,-128
5276404,2,-93
5276404,3,-128
5276404,4,-128
5276404,5,-93
5276404,6,-93
5276404,7,-128
5296425,0,-128
5296425,1,-128
5296425,2,-93
5296425,3,-128
5296425,4,-128
5296425,5,-128
5296425,6,-93
5296425,7,-128
5316446,0,-128
5316446,1,-128
5316446,2,-128
5316446,3,-128
5316446,4,-128
5316446,5,-128
5316446,6,-93
5316446,7,-128
5336467,0,-128
5336467,1,-128
5336467,2,-128
5336467,3,-128
5336467,4,-128
5336467,5,-128
5336467,6,-93
5336467,7,-128
5356488,0,-128
5356488,1,-128
5356488,2,-93
5356488,3,-128
5356488,4,-128
5356488,5,-128
5356488,6,-128
5356488,7,-93
5376509,0,-128
5376509,1,-128
5376509,2,-85
5376509,3,-128
5376509,4,-128
5376509,5,-128
5376509,6,-93
5376509,7,-128
5396530,0,-128
5396530,1,-128
5396530,2,-86
5396530,3,-93
5396530,4,-128
5396530,5,-128
5396530,6,-93
5396530,7,-93
223
5416585,0,-128
5416585,1,-128
5416585,2,-88
5416585,3,-93
5416585,4,-128
5416585,5,-128
5416585,6,-93
5416585,7,-93
5436606,0,-128
5436606,1,-128
5436606,2,-87
5436606,3,-128
5436606,4,-128
5436606,5,-128
5436606,6,-93
5436606,7,-93
5456627,0,-128
5456627,1,-128
5456627,2,-83
5456627,3,-128
5456627,4,-128
5456627,5,-128
5456627,6,-128
5456627,7,-128
5476648,0,-128
5476648,1,-128
5476648,2,-92
5476648,3,-93
5476648,4,-128
5476648,5,-128
5476648,6,-93
5476648,7,-128
5496669,0,-128
5496669,1,-128
5496669,2,-93
5496669,3,-92
5496669,4,-128
5496669,5,-128
5496669,6,-93
5496669,7,-93
5516690,0,-128
5516690,1,-128
5516690,2,-93
5516690,3,-91
5516690,4,-128
5516690,5,-128
5516690,6,-93
5516690,7,-93
5536711,0,-128
5536711,1,-128
5536711,2,-93
5536711,3,-89
5536711,4,-128
5536711,5,-93
5536711,6,-92
5536711,7,-93
5556732,0,-128
5556732,1,-128
5556732,2,-93
5556732,3,-92
5556732,4,-128
5556732,5,-128
5556732,6,-128
5556732,7,-93
5576753,0,-128
5576753,1,-128
5576753,2,-93
5576753,3,-92
5576753,4,-128
5576753,5,-128
5576753,6,-128
5576753,7,-93
5596774,0,-128
5596774,1,-128
5596774,2,-93
5596774,3,-93
5596774,4,-128
5596774,5,-128
5596774,6,-128
5596774,7,-128
222
5616829,0,-128
5616829,1,-93
5616829,2,-93
5616829,3,-93
5616829,4,-128
5616829,5,-128
5616829,6,-128
5616829,7,-93
5636850,0,-128
5636850,1,-93
5636850,2,-93
5636850,3,-92
5636850,4,-93
5636850,5,-128
5636850,6,-128
5636850,7,-92
5656871,0,-128
5656871,1,-128
5656871,2,-128
5656871,3,-82
5656871,4,-128
5656871,5,-93
5656871,6,-128
5656871,7,-91
5676892,0,-128
5676892,1,-128
5676892,2,-128
5676892,3,-86
5676892,4,-128
5676892,5,-128
5676892,6,-128
5676892,7,-93
5696913,0,-128
5696913,1,-93
5696913,2,-128
5696913,3,-88
5696913,4,-128
5696913,5,-93
5696913,6,-128
5696913,7,-92
5716934,0,-128
5716934,1,-128
5716934,2,-128
5716934,3,-128
5716934,4,-93
5716934,5,-93
5716934,6,-128
5716934,7,-93
5736955,0,-128
5736955,1,-128
5736955,2,-93
5736955,3,-92
5736955,4,-93
5736955,5,-93
5736955,6,-128
5736955,7,-93
5756976,0,-128
5756976,1,-128
5756976,2,-128
5756976,3,-128
5756976,4,-93
5756976,5,-128
5756976,6,-128
5756976,7,-93
5776997,0,-128
5776997,1,-128
5776997,2,-128
5776997,3,-128
5776997,4,-93
5776997,5,-92
5776997,6,-128
5776997,7,-128
5797018,0,-128
5797018,1,-128
5797018,2,-128
5797018,3,-128
5797018,4,-93
5797018,5,-91
5797018,6,-128
5797018,7,-128
221
5817072,0,-128
5817072,1,-128
5817072,2,-93
5817072,3,-128
5817072,4,-93
5817072,5,-93
5817072,6,-128
5817072,7,-93
5837093,0,-128
5837093,1,-128
5837093,2,-93
5837093,3,-93
5837093,4,-93
5837093,5,-93
5837093,6,-128
5837093,7,-93
5857114,0,-128
5857114,1,-128
5857114,2,-93
5857114,3,-93
5857114,4,-93
5857114,5,-93
5857114,6,-128
5857114,7,-93
5877135,0,-128
5877135,1,-128
5877135,2,-93
5877135,3,-128
5877135,4,-93
5877135,5,-93
5877135,6,-128
5877135,7,-93
5897156,0,-128
5897156,1,-128
5897156,2,-93
5897156,3,-128
5897156,4,-93
5897156,5,-93
5897156,6,-128
5897156,7,-128
5917177,0,-128
5917177,1,-128
5917177,2,-93
5917177,3,-128
5917177,4,-93
5917177,5,-93
5917177,6,-128
5917177,7,-128
5937198,0,-128
5937198,1,-128
5937198,2,-93
5937198,3,-128
5937198,4,-128
5937198,5,-128
5937198,6,-128
5937198,7,-128
5957219,0,-128
5957219,1,-128
5957219,2,-93
5957219,3,-128
5957219,4,-93
5957219,5,-128
5957219,6,-128
5957219,7,-128
5977240,0,-128
5977240,1,-93
5977240,2,-93
5977240,3,-93
5977240,4,-128
5977240,5,-93
5977240,6,-128
5977240,7,-128
5997261,0,-128
5997261,1,-93
5997261,2,-93
5997261,3,-93
5997261,4,-128
5997261,5,-93
5997261,6,-128
5997261,7,-93
220
6017316,0,-128
6017316,1,-128
6017316,2,-93
6017316,3,-128
6017316,4,-128
6017316,5,-128
6017316,6,-128
6017316,7,-92
6037337,0,-128
6037337,1,-93
6037337,2,-93
6037337,3,-80
6037337,4,-93
6037337,5,-93
6037337,6,-128
6037337,7,-93
6057358,0,-128
6057358,1,-93
6057358,2,-93
6057358,3,-91
6057358,4,-128
6057358,5,-93
6057358,6,-128
6057358,7,-92
6077379,0,-128
6077379,1,-128
6077379,2,-93
6077379,3,-89
6077379,4,-128
6077379,5,-93
6077379,6,-128
6077379,7,-93
6097400,0,-128
6097400,1,-93
6097400,2,-93
6097400,3,-93
6097400,4,-93
6097400,5,-128
6097400,6,-93
6097400,7,-93
6117421,0,-128
6117421,1,-93
6117421,2,-128
6117421,3,-91
6117421,4,-128
6117421,5,-91
6117421,6,-93
6117421,7,-93
6137443,0,-128
6137443,1,-93
6137443,2,-93
6137443,3,-93
6137443,4,-93
6137443,5,-93
6137443,6,-93
6137443,7,-93
6157464,0,-128
6157464,1,-93
6157464,2,-93
6157464,3,-92
6157464,4,-93
6157464,5,-93
6157464,6,-93
6157464,7,-93
6177485,0,-128
6177485,1,-93
6177485,2,-93
6177485,3,-93
6177485,4,-93
6177485,5,-93
6177485,6,-93
6177485,7,-93
6197506,0,-128
6197506,1,-93
6197506,2,-91
6197506,3,-93
6197506,4,-93
6197506,5,-93
6197506,6,-93
6197506,7,-93
219
6217561,0,-128
6217561,1,-93
6217561,2,-93
6217561,3,-93
6217561,4,-93
6217561,5,-93
6217561,6,-93
6217561,7,-128
6237582,0,-128
6237582,1,-93
6237582,2,-128
6237582,3,-89
6237582,4,-93
6237582,5,-93
6237582,6,-93
6237582,7,-128
6257603,0,-128
6257603,1,-93
6257603,2,-93
6257603,3,-93
6257603,4,-93
6257603,5,-128
6257603,6,-93
6257603,7,-93
6277624,0,-128
6277624,1,-93
6277624,2,-91
6277624,3,-93
6277624,4,-92
6277624,5,-93
6277624,6,-92
6277624,7,-93
6297645,0,-128
6297645,1,-93
6297645,2,-90
6297645,3,-93
6297645,4,-92
6297645,5,-93
6297645,6,-93
6297645,7,-128
6317666,0,-128
6317666,1,-93
6317666,2,-92
6317666,3,-128
6317666,4,-93
6317666,5,-93
6317666,6,-128
6317666,7,-93
6337687,0,-128
6337687,1,-93
6337687,2,-86
6337687,3,-93
6337687,4,-93
6337687,5,-93
6337687,6,-93
6337687,7,-93
6357708,0,-128
6357708,1,-93
6357708,2,-89
6357708,3,-93
6357708,4,-93
6357708,5,-93
6357708,6,-93
6357708,7,-128
6377729,0,-128
6377729,1,-93
6377729,2,-91
6377729,3,-93
6377729,4,-93
6377729,5,-93
6377729,6,-93
6377729,7,-93
6397750,0,-128
6397750,1,-93
6397750,2,-87
6397750,3,-93
6397750,4,-92
6397750,5,-92
6397750,6,-93
6397750,7,-93
218
6417805,0,-128
6417805,1,-93
6417805,2,-89
6417805,3,-93
6417805,4,-93
6417805,5,-93
6417805,6,-93
6417805,7,-128
6437826,0,-128
6437826,1,-93
6437826,2,-93
6437826,3,-93
6437826,4,-92
6437826,5,-93
6437826,6,-91
6437826,7,-128
6457847,0,-128
6457847,1,-93
6457847,2,-93
6457847,3,-93
6457847,4,-93
6457847,5,-92
6457847,6,-93
6457847,7,-93
6477868,0,-128
6477868,1,-93
6477868,2,-93
6477868,3,-93
6477868,4,-93
6477868,5,-93
6477868,6,-93
6477868,7,-93
6497889,0,-128
6497889,1,-93
6497889,2,-93
6497889,3,-93
6497889,4,-93
6497889,5,-93
6497889,6,-92
6497889,7,-93
6517910,0,-128
6517910,1,-93
6517910,2,-128
6517910,3,-93
6517910,4,-128
6517910,5,-93
6517910,6,-93
6517910,7,-93
6537931,0,-128
6537931,1,-91
6537931,2,-93
6537931,3,-93
6537931,4,-93
6537931,5,-128
6537931,6,-93
6537931,7,-93
6557952,0,-128
6557952,1,-93
6557952,2,-128
6557952,3,-93
6557952,4,-128
6557952,5,-128
6557952,6,-92
6557952,7,-93
6577973,0,-128
6577973,1,-92
6577973,2,-128
6577973,3,-93
6577973,4,-93
6577973,5,-93
6577973,6,-93
6577973,7,-92
6597994,0,-128
6597994,1,-93
6597994,2,-128
6597994,3,-93
6597994,4,-93
6597994,5,-93
6597994,6,-93
6597994,7,-93
217
6618049,0,-128
6618049,1,-93
6618049,2,-128
6618049,3,-93
6618049,4,-93
6618049,5,-93
6618049,6,-93
6618049,7,-93
6638070,0,-128
6638070,1,-93
6638070,2,-93
6638070,3,-93
6638070,4,-93
6638070,5,-93
6638070,6,-92
6638070,7,-93
6658091,0,-128
6658091,1,-93
6658091,2,-128
6658091,3,-93
6658091,4,-93
6658091,5,-93
6658091,6,-93
6658091,7,-128
6678112,0,-128
6678112,1,-93
6678112,2,-128
6678112,3,-93
6678112,4,-93
6678112,5,-93
6678112,6,-92
6678112,7,-128
6698133,0,-128
6698133,1,-93
6698133,2,-128
6698133,3,-93
6698133,4,-128
6698133,5,-93
6698133,6,-92
6698133,7,-93
6718154,0,-128
6718154,1,-93
6718154,2,-128
6718154,3,-128
6718154,4,-128
6718154,5,-128
6718154,6,-93
6718154,7,-93
6738175,0,-128
6738175,1,-93
6738175,2,-128
6738175,3,-93
6738175,4,-93
6738175,5,-93
6738175,6,-92
6738175,7,-128
6758196,0,-128
6758196,1,-93
6758196,2,-128
6758196,3,-93
6758196,4,-128
6758196,5,-93
6758196,6,-92
6758196,7,-93
6778217,0,-128
6778217,1,-93
6778217,2,-128
6778217,3,-93
6778217,4,-93
6778217,5,-93
6778217,6,-93
6778217,7,-93
6798238,0,-128
6798238,1,-93
6798238,2,-128
6798238,3,-93
6798238,4,-93
6798238,5,-93
6798238,6,-93
6798238,7,-93
216
6818293,0,-128
6818293,1,-93
6818293,2,-128
6818293,3,-93
6818293,4,-93
6818293,5,-93
6818293,6,-93
6818293,7,-93
6838314,0,-128
6838314,1,-93
6838314,2,-128
6838314,3,-93
6838314,4,-93
6838314,5,-93
6838314,6,-93
6838314,7,-93
6858335,0,-128
6858335,1,-93
6858335,2,-128
6858335,3,-93
6858335,4,-93
6858335,5,-93
6858335,6,-93
6858335,7,-93
6878356,0,-128
6878356,1,-93
6878356,2,-128
6878356,3,-93
6878356,4,-93
6878356,5,-93
6878356,6,-93
6878356,7,-93
6898377,0,-128
6898377,1,-93
6898377,2,-128
6898377,3,-93
6898377,4,-128
6898377,5,-128
6898377,6,-93
6898377,7,-128
6918398,0,-128
6918398,1,-93
6918398,2,-128
6918398,3,-93
6918398,4,-128
6918398,5,-128
6918398,6,-93
6918398,7,-93
6938419,0,-128
6938419,1,-93
6938419,2,-128
6938419,3,-93
6938419,4,-128
6938419,5,-128
6938419,6,-93
6938419,7,-93
6958440,0,-128
6958440,1,-93
6958440,2,-128
6958440,3,-93
6958440,4,-93
6958440,5,-128
6958440,6,-93
6958440,7,-93
6978461,0,-128
6978461,1,-93
6978461,2,-128
6978461,3,-93
6978461,4,-128
6978461,5,-128
6978461,6,-93
6978461,7,-93
6998482,0,-128
6998482,1,-93
6998482,2,-128
6998482,3,-93
6998482,4,-93
6998482,5,-93
6998482,6,-93
6998482,7,-93
215
7018537,0,-128
7018537,1,-93
7018537,2,-93
7018537,3,-93
7018537,4,-93
7018537,5,-93
7018537,6,-92
7018537,7,-93
7038558,0,-128
7038558,1,-93
7038558,2,-128
7038558,3,-93
7038558,4,-93
7038558,5,-128
7038558,6,-93
7038558,7,-93
7058579,0,-128
7058579,1,-93
7058579,2,-128
7058579,3,-93
7058579,4,-93
7058579,5,-93
7058579,6,-93
7058579,7,-93
7078600,0,-128
7078600,1,-93
7078600,2,-128
7078600,3,-93
7078600,4,-93
7078600,5,-93
7078600,6,-93
7078600,7,-93
7098621,0,-128
7098621,1,-93
7098621,2,-128
7098621,3,-128
7098621,4,-93
7098621,5,-128
7098621,6,-92
7098621,7,-93
7118642,0,-128
7118642,1,-93
7118642,2,-128
7118642,3,-93
7118642,4,-93
7118642,5,-93
7118642,6,-92
7118642,7,-93
7138663,0,-128
7138663,1,-93
7138663,2,-128
7138663,3,-128
7138663,4,-93
7138663,5,-128
7138663,6,-92
7138663,7,-93
7158684,0,-128
7158684,1,-128
7158684,2,-93
7158684,3,-93
7158684,4,-93
7158684,5,-128
7158684,6,-93
7158684,7,-93
7178705,0,-128
7178705,1,-93
7178705,2,-128
7178705,3,-93
7178705,4,-93
7178705,5,-128
7178705,6,-92
7178705,7,-93
7198726,0,-128
7198726,1,-93
7198726,2,-93
7198726,3,-93
7198726,4,-93
7198726,5,-128
7198726,6,-93
7198726,7,-93
214
7218781,0,-128
7218781,1,-93
7218781,2,-128
7218781,3,-128
7218781,4,-128
7218781,5,-93
7218781,6,-92
7218781,7,-93
7238802,0,-128
7238802,1,-93
7238802,2,-93
7238802,3,-93
7238802,4,-93
7238802,5,-93
7238802,6,-93
7238802,7,-93
7258823,0,-128
7258823,1,-93
7258823,2,-128
7258823,3,-93
7258823,4,-93
7258823,5,-93
7258823,6,-93
7258823,7,-93
7278844,0,-128
7278844,1,-93
7278844,2,-93
7278844,3,-93
7278844,4,-93
7278844,5,-93
7278844,6,-93
7278844,7,-93
7298865,0,-128
7298865,1,-93
7298865,2,-128
7298865,3,-93
7298865,4,-93
7298865,5,-93
7298865,6,-93
7298865,7,-93
7318886,0,-128
7318886,1,-93
7318886,2,-93
7318886,3,-93
7318886,4,-93
7318886,5,-128
7318886,6,-93
7318886,7,-93
7338907,0,-128
7338907,1,-92
7338907,2,-93
7338907,3,-93
7338907,4,-93
7338907,5,-93
7338907,6,-93
7338907,7,-93
7358928,0,-128
7358928,1,-93
7358928,2,-128
7358928,3,-93
7358928,4,-93
7358928,5,-93
7358928,6,-93
7358928,7,-93
7378949,0,-128
7378949,1,-93
7378949,2,-93
7378949,3,-93
7378949,4,-93
7378949,5,-128
7378949,6,-92
7378949,7,-93
7398970,0,-128
7398970,1,-93
7398970,2,-93
7398970,3,-93
7398970,4,-93
7398970,5,-128
7398970,6,-93
7398970,7,-93
213
7419025,0,-128
7419025,1,-92
7419025,2,-128
7419025,3,-93
7419025,4,-93
7419025,5,-128
7419025,6,-90
7419025,7,-93
7439046,0,-128
7439046,1,-93
7439046,2,-93
7439046,3,-93
7439046,4,-93
7439046,5,-93
7439046,6,-92
7439046,7,-93
7459067,0,-128
7459067,1,-93
7459067,2,-93
7459067,3,-93
7459067,4,-93
7459067,5,-93
7459067,6,-92
7459067,7,-93
7479088,0,-128
7479088,1,-92
7479088,2,-93
7479088,3,-93
7479088,4,-93
7479088,5,-93
7479088,6,-92
7479088,7,-93
7499109,0,-128
7499109,1,-93
7499109,2,-93
7499109,3,-93
7499109,4,-93
7499109,5,-93
7499109,6,-92
7499109,7,-93
7519130,0,-128
7519130,1,-92
7519130,2,-93
7519130,3,-93
7519130,4,-93
7519130,5,-93
7519130,6,-93
7519130,7,-93
7539151,0,-128
7539151,1,-93
7539151,2,-128
7539151,3,-93
7539151,4,-93
7539151,5,-93
7539151,6,-93
7539151,7,-93
7559172,0,-128
7559172,1,-93
7559172,2,-93
7559172,3,-93
7559172,4,-93
7559172,5,-93
7559172,6,-92
7559172,7,-93
7579193,0,-128
7579193,1,-92
7579193,2,-128
7579193,3,-93
7579193,4,-93
7579193,5,-93
7579193,6,-92
7579193,7,-93
7599214,0,-128
7599214,1,-93
7599214,2,-93
7599214,3,-93
7599214,4,-93
7599214,5,-93
7599214,6,-93
7599214,7,-93
212
7619269,0,-128
7619269,1,-93
7619269,2,-93
7619269,3,-93
7619269,4,-93
7619269,5,-93
7619269,6,-93
7619269,7,-93
7639290,0,-128
7639290,1,-93
7639290,2,-93
7639290,3,-93
7639290,4,-93
7639290,5,-93
7639290,6,-92
7639290,7,-93
7659311,0,-128
7659311,1,-93
7659311,2,-93
7659311,3,-93
7659311,4,-93
7659311,5,-93
7659311,6,-92
7659311,7,-93
7679332,0,-128
7679332,1,-93
7679332,2,-93
7679332,3,-93
7679332,4,-128
7679332,5,-93
7679332,6,-93
7679332,7,-93
7699353,0,-128
7699353,1,-93
7699353,2,-93
7699353,3,-93
7699353,4,-128
7699353,5,-93
7699353,6,-93
7699353,7,-93
7719375,0,-128
7719375,1,-93
7719375,2,-93
7719375,3,-93
7719375,4,-128
7719375,5,-93
7719375,6,-92
7719375,7,-93
7739396,0,-128
7739396,1,-93
7739396,2,-93
7739396,3,-93
7739396,4,-93
7739396,5,-93
7739396,6,-92
7739396,7,-128
7759417,0,-128
7759417,1,-93
7759417,2,-128
7759417,3,-93
7759417,4,-128
7759417,5,-93
7759417,6,-93
7759417,7,-93
7779438,0,-128
7779438,1,-93
7779438,2,-93
7779438,3,-93
7779438,4,-128
7779438,5,-93
7779438,6,-93
7779438,7,-93
7799459,0,-128
7799459,1,-92
7799459,2,-93
7799459,3,-93
7799459,4,-128
7799459,5,-93
7799459,6,-93
7799459,7,-93
211
7819514,0,-128
7819514,1,-92
7819514,2,-93
7819514,3,-93
7819514,4,-93
7819514,5,-93
7819514,6,-92
7819514,7,-93
7839535,0,-128
7839535,1,-93
7839535,2,-93
7839535,3,-93
7839535,4,-128
7839535,5,-93
7839535,6,-92
7839535,7,-93
7859556,0,-128
7859556,1,-93
7859556,2,-93
7859556,3,-93
7859556,4,-93
7859556,5,-93
7859556,6,-92
7859556,7,-93
7879577,0,-128
7879577,1,-92
7879577,2,-93
7879577,3,-93
7879577,4,-128
7879577,5,-93
7879577,6,-92
7879577,7,-128
7899598,0,-128
7899598,1,-93
7899598,2,-93
7899598,3,-93
7899598,4,-93
7899598,5,-93
7899598,6,-93
7899598,7,-93
7919619,0,-128
7919619,1,-93
7919619,2,-93
7919619,3,-93
7919619,4,-93
7919619,5,-93
7919619,6,-92
7919619,7,-128
7939640,0,-128
7939640,1,-93
7939640,2,-93
7939640,3,-93
7939640,4,-93
7939640,5,-93
7939640,6,-92
7939640,7,-93
7959661,0,-128
7959661,1,-93
7959661,2,-93
7959661,3,-93
7959661,4,-93
7959661,5,-93
7959661,6,-92
7959661,7,-128
7979682,0,-128
7979682,1,-92
7979682,2,-93
7979682,3,-93
7979682,4,-93
7979682,5,-93
7979682,6,-92
7979682,7,-93
7999703,0,-128
7999703,1,-93
7999703,2,-93
7999703,3,-93
7999703,4,-128
7999703,5,-93
7999703,6,-92
7999703,7,-93
210
8019758,0,-128
8019758,1,-92
8019758,2,-93
8019758,3,-93
8019758,4,-93
8019758,5,-93
8019758,6,-92
8019758,7,-93
8039779,0,-128
8039779,1,-93
8039779,2,-93
8039779,3,-93
8039779,4,-93
8039779,5,-93
8039779,6,-92
8039779,7,-93
8059800,0,-128
8059800,1,-93
8059800,2,-128
8059800,3,-93
8059800,4,-128
8059800,5,-93
8059800,6,-93
8059800,7,-93
8079821,0,-128
8079821,1,-93
8079821,2,-93
8079821,3,-93
8079821,4,-93
8079821,5,-93
8079821,6,-92
8079821,7,-93
8099842,0,-128
8099842,1,-93
8099842,2,-93
8099842,3,-93
8099842,4,-128
8099842,5,-93
8099842,6,-93
8099842,7,-93
8119863,0,-128
8119863,1,-93
8119863,2,-93
8119863,3,-93
8119863,4,-93
8119863,5,-93
8119863,6,-93
8119863,7,-93
8139884,0,-128
8139884,1,-93
8139884,2,-93
8139884,3,-93
8139884,4,-93
8139884,5,-93
8139884,6,-93
8139884,7,-93
8159905,0,-128
8159905,1,-93
8159905,2,-93
8159905,3,-93
8159905,4,-93
8159905,5,-93
8159905,6,-93
8159905,7,-93
8179926,0,-128
8179926,1,-93
8179926,2,-93
8179926,3,-93
8179926,4,-93
8179926,5,-93
8179926,6,-92
8179926,7,-93
8199947,0,-128
8199947,1,-93
8199947,2,-128
8199947,3,-93
8199947,4,-93
8199947,5,-93
8199947,6,-92
8199947,7,-93
209
8220002,0,-128
8220002,1,-93
8220002,2,-93
8220002,3,-93
8220002,4,-128
8220002,5,-93
8220002,6,-93
8220002,7,-93
8240023,0,-128
8240023,1,-93
8240023,2,-93
8240023,3,-93
8240023,4,-93
8240023,5,-93
8240023,6,-92
8240023,7,-93
8260044,0,-128
8260044,1,-92
8260044,2,-93
8260044,3,-93
8260044,4,-93
8260044,5,-93
8260044,6,-93
8260044,7,-93
8280065,0,-128
8280065,1,-93
8280065,2,-128
8280065,3,-93
8280065,4,-93
8280065,5,-93
8280065,6,-93
8280065,7,-93
8300086,0,-128
8300086,1,-92
8300086,2,-93
8300086,3,-93
8300086,4,-93
8300086,5,-93
8300086,6,-93
8300086,7,-93
8320107,0,-128
8320107,1,-92
8320107,2,-93
8320107,3,-93
8320107,4,-93
8320107,5,-93
8320107,6,-92
8320107,7,-93
8340128,0,-128
8340128,1,-92
8340128,2,-93
8340128,3,-93
8340128,4,-93
8340128,5,-93
8340128,6,-92
8340128,7,-93
8360149,0,-128
8360149,1,-93
8360149,2,-128
8360149,3,-93
8360149,4,-128
8360149,5,-128
8360149,6,-92
8360149,7,-93
8380170,0,-128
8380170,1,-93
8380170,2,-93
8380170,3,-93
8380170,4,-93
8380170,5,-128
8380170,6,-93
8380170,7,-93
8400191,0,-128
8400191,1,-92
8400191,2,-93
8400191,3,-93
8400191,4,-128
8400191,5,-93
8400191,6,-93
8400191,7,-93
208
8420246,0,-128
8420246,1,-92
8420246,2,-128
8420246,3,-93
8420246,4,-93
8420246,5,-93
8420246,6,-93
8420246,7,-93
8440267,0,-128
8440267,1,-92
8440267,2,-128
8440267,3,-93
8440267,4,-93
8440267,5,-93
8440267,6,-92
8440267,7,-93
8460288,0,-128
8460288,1,-92
8460288,2,-128
8460288,3,-93
8460288,4,-93
8460288,5,-93
8460288,6,-92
8460288,7,-93
8480309,0,-128
8480309,1,-92
8480309,2,-128
8480309,3,-93
8480309,4,-128
8480309,5,-93
8480309,6,-92
8480309,7,-93
8500330,0,-128
8500330,1,-92
8500330,2,-93
8500330,3,-93
8500330,4,-93
8500330,5,-93
8500330,6,-92
8500330,7,-93
8520351,0,-128
8520351,1,-91
8520351,2,-93
8520351,3,-93
8520351,4,-93
8520351,5,-93
8520351,6,-92
8520351,7,-93
8540372,0,-128
8540372,1,-93
8540372,2,-128
8540372,3,-93
8540372,4,-93
8540372,5,-93
8540372,6,-92
8540372,7,-93
8560393,0,-128
8560393,1,-93
8560393,2,-93
8560393,3,-93
8560393,4,-93
8560393,5,-93
8560393,6,-92
8560393,7,-93
8580414,0,-128
8580414,1,-128
8580414,2,-128
8580414,3,-93
8580414,4,-93
8580414,5,-93
8580414,6,-93
8580414,7,-93
8600435,0,-128
8600435,1,-128
8600435,2,-128
8600435,3,-93
8600435,4,-93
8600435,5,-93
8600435,6,-93
8600435,7,-93
207
8620490,0,-128
8620490,1,-128
8620490,2,-128
8620490,3,-93
8620490,4,-93
8620490,5,-128
8620490,6,-93
8620490,7,-93
8640511,0,-128
8640511,1,-128
8640511,2,-128
8640511,3,-93
8640511,4,-93
8640511,5,-93
8640511,6,-93
8640511,7,-93
8660532,0,-128
8660532,1,-128
8660532,2,-93
8660532,3,-93
8660532,4,-93
8660532,5,-93
8660532,6,-93
8660532,7,-93
8680553,0,-128
8680553,1,-128
8680553,2,-93
8680553,3,-93
8680553,4,-93
8680553,5,-128
8680553,6,-93
8680553,7,-93
8700574,0,-128
8700574,1,-128
8700574,2,-128
8700574,3,-93
8700574,4,-128
8700574,5,-93
8700574,6,-92
8700574,7,-128
8720595,0,-128
8720595,1,-128
8720595,2,-128
8720595,3,-93
8720595,4,-93
8720595,5,-93
8720595,6,-128
8720595,7,-93
8740616,0,-128
8740616,1,-93
8740616,2,-93
8740616,3,-93
8740616,4,-128
8740616,5,-93
8740616,6,-85
8740616,7,-93
8760637,0,-128
8760637,1,-93
8760637,2,-93
8760637,3,-128
8760637,4,-93
8760637,5,-128
8760637,6,-93
8760637,7,-93
8780658,0,-128
8780658,1,-128
8780658,2,-93
8780658,3,-93
8780658,4,-128
8780658,5,-128
8780658,6,-128
8780658,7,-93
8800679,0,-128
8800679,1,-93
8800679,2,-128
8800679,3,-128
8800679,4,-93
8800679,5,-128
8800679,6,-128
8800679,7,-93
206
8820734,0,-128
8820734,1,-128
8820734,2,-93
8820734,3,-92
8820734,4,-128
8820734,5,-128
8820734,6,-128
8820734,7,-128
8840755,0,-128
8840755,1,-93
8840755,2,-93
8840755,3,-128
8840755,4,-93
8840755,5,-128
8840755,6,-128
8840755,7,-93
8860776,0,-128
8860776,1,-93
8860776,2,-128
8860776,3,-128
8860776,4,-93
8860776,5,-128
8860776,6,-128
8860776,7,-93
8880797,0,-128
8880797,1,-93
8880797,2,-93
8880797,3,-128
8880797,4,-93
8880797,5,-128
8880797,6,-128
8880797,7,-93
8900818,0,-128
8900818,1,-93
8900818,2,-93
8900818,3,-128
8900818,4,-128
8900818,5,-128
8900818,6,-128
8900818,7,-93
8920839,0,-128
8920839,1,-93
8920839,2,-128
8920839,3,-128
8920839,4,-93
8920839,5,-128
8920839,6,-128
8920839,7,-93
8940860,0,-128
8940860,1,-93
8940860,2,-128
8940860,3,-128
8940860,4,-93
8940860,5,-93
8940860,6,-128
8940860,7,-93
8960881,0,-128
8960881,1,-93
8960881,2,-93
8960881,3,-128
8960881,4,-93
8960881,5,-91
8960881,6,-128
8960881,7,-128
8980902,0,-128
8980902,1,-128
8980902,2,-93
8980902,3,-128
8980902,4,-128
8980902,5,-93
8980902,6,-128
8980902,7,-93
9000923,0,-128
9000923,1,-128
9000923,2,-128
9000923,3,-128
9000923,4,-93
9000923,5,-128
9000923,6,-128
9000923,7,-93
205
9020978,0,-128
9020978,1,-92
9020978,2,-128
9020978,3,-128
9020978,4,-92
9020978,5,-92
9020978,6,-128
9020978,7,-93
9040999,0,-128
9040999,1,-93
9040999,2,-93
9040999,3,-128
9040999,4,-128
9040999,5,-93
9040999,6,-128
9040999,7,-93
9061020,0,-128
9061020,1,-79
9061020,2,-128
9061020,3,-128
9061020,4,-128
9061020,5,-93
9061020,6,-128
9061020,7,-93
9081041,0,-128
9081041,1,-93
9081041,2,-128
9081041,3,-128
9081041,4,-128
9081041,5,-93
9081041,6,-128
9081041,7,-93
9101062,0,-128
9101062,1,-128
9101062,2,-128
9101062,3,-128
9101062,4,-128
9101062,5,-93
9101062,6,-128
9101062,7,-93
9121083,0,-128
9121083,1,-128
9121083,2,-128
9121083,3,-128
9121083,4,-128
9121083,5,-93
9121083,6,-128
9121083,7,-93
9141104,0,-128
9141104,1,-128
9141104,2,-128
9141104,3,-128
9141104,4,-128
9141104,5,-93
9141104,6,-128
9141104,7,-93
9161125,0,-128
9161125,1,-128
9161125,2,-128
9161125,3,-128
9161125,4,-128
9161125,5,-93
9161125,6,-128
9161125,7,-92
9181146,0,-128
9181146,1,-128
9181146,2,-128
9181146,3,-128
9181146,4,-128
9181146,5,-128
9181146,6,-93
9181146,7,-93
9201167,0,-128
9201167,1,-128
9201167,2,-128
9201167,3,-128
9201167,4,-128
9201167,5,-93
9201167,6,-93
9201167,7,-93
204
9221222,0,-128
9221222,1,-128
9221222,2,-128
9221222,3,-128
9221222,4,-128
9221222,5,-93
9221222,6,-93
9221222,7,-93
9241243,0,-128
9241243,1,-128
9241243,2,-128
9241243,3,-128
9241243,4,-128
9241243,5,-93
9241243,6,-92
9241243,7,-93
9261264,0,-128
9261264,1,-93
9261264,2,-128
9261264,3,-128
9261264,4,-128
9261264,5,-93
9261264,6,-93
9261264,7,-93
9281285,0,-128
9281285,1,-128
9281285,2,-128
9281285,3,-128
9281285,4,-128
9281285,5,-128
9281285,6,-93
9281285,7,-93
9301306,0,-128
9301306,1,-128
9301306,2,-128
9301306,3,-128
9301306,4,-128
9301306,5,-93
9301306,6,-91
9301306,7,-93
9321327,0,-128
9321327,1,-93
9321327,2,-128
9321327,3,-128
9321327,4,-128
9321327,5,-93
9321327,6,-93
9321327,7,-93
9341348,0,-128
9341348,1,-93
9341348,2,-128
9341348,3,-128
9341348,4,-128
9341348,5,-128
9341348,6,-93
9341348,7,-93
9361370,0,-128
9361370,1,-93
9361370,2,-128
9361370,3,-128
9361370,4,-128
9361370,5,-128
9361370,6,-92
9361370,7,-93
9381391,0,-128
9381391,1,-93
9381391,2,-128
9381391,3,-128
9381391,4,-128
9381391,5,-128
9381391,6,-93
9381391,7,-93
9401412,0,-128
9401412,1,-128
9401412,2,-128
9401412,3,-128
9401412,4,-128
9401412,5,-128
9401412,6,-93
9401412,7,-93
203
9421467,0,-128
9421467,1,-128
9421467,2,-128
9421467,3,-128
9421467,4,-128
9421467,5,-93
9421467,6,-93
9421467,7,-93
9441488,0,-128
9441488,1,-128
9441488,2,-128
9441488,3,-128
9441488,4,-128
9441488,5,-93
9441488,6,-93
9441488,7,-93
9461509,0,-128
9461509,1,-93
9461509,2,-128
9461509,3,-128
9461509,4,-128
9461509,5,-128
9461509,6,-93
9461509,7,-93
9481530,0,-128
9481530,1,-89
9481530,2,-128
9481530,3,-128
9481530,4,-128
9481530,5,-93
9481530,6,-93
9481530,7,-93
9501551,0,-128
9501551,1,-93
9501551,2,-128
9501551,3,-93
9501551,4,-128
9501551,5,-93
9501551,6,-93
9501551,7,-93
9521572,0,-128
9521572,1,-128
9521572,2,-128
9521572,3,-93
9521572,4,-128
9521572,5,-128
9521572,6,-93
9521572,7,-93
9541593,0,-128
9541593,1,-93
9541593,2,-128
9541593,3,-93
9541593,4,-128
9541593,5,-128
9541593,6,-93
9541593,7,-93
9561614,0,-128
9561614,1,-128
9561614,2,-128
9561614,3,-93
9561614,4,-128
9561614,5,-128
9561614,6,-93
9561614,7,-93
9581635,0,-128
9581635,1,-128
9581635,2,-128
9581635,3,-93
9581635,4,-128
9581635,5,-128
9581635,6,-93
9581635,7,-93
9601656,0,-128
9601656,1,-128
9601656,2,-128
9601656,3,-128
9601656,4,-128
9601656,5,-93
9601656,6,-93
9601656,7,-93
202
9621711,0,-128
9621711,1,-128
9621711,2,-128
9621711,3,-93
9621711,4,-128
9621711,5,-93
9621711,6,-92
9621711,7,-93
9641732,0,-128
9641732,1,-128
9641732,2,-128
9641732,3,-93
9641732,4,-128
9641732,5,-93
9641732,6,-93
9641732,7,-93
9661753,0,-128
9661753,1,-128
9661753,2,-128
9661753,3,-93
9661753,4,-93
9661753,5,-128
9661753,6,-128
9661753,7,-93
9681774,0,-128
9681774,1,-93
9681774,2,-128
9681774,3,-93
9681774,4,-128
9681774,5,-128
9681774,6,-128
9681774,7,-128
9701795,0,-128
9701795,1,-93
9701795,2,-128
9701795,3,-128
9701795,4,-128
9701795,5,-128
9701795,6,-128
9701795,7,-128
9721816,0,-128
9721816,1,-93
9721816,2,-128
9721816,3,-128
9721816,4,-128
9721816,5,-128
9721816,6,-128
9721816,7,-128
9741837,0,-128
9741837,1,-92
9741837,2,-91
9741837,3,-93
9741837,4,-93
9741837,5,-128
9741837,6,-128
9741837,7,-128
9761858,0,-128
9761858,1,-93
9761858,2,-93
9761858,3,-93
9761858,4,-91
9761858,5,-128
9761858,6,-128
9761858,7,-128
9781879,0,-128
9781879,1,-128
9781879,2,-93
9781879,3,-128
9781879,4,-93
9781879,5,-128
9781879,6,-128
9781879,7,-128
9801900,0,-128
9801900,1,-93
9801900,2,-93
9801900,3,-128
9801900,4,-128
9801900,5,-128
9801900,6,-128
9801900,7,-93
201
9821954,0,-128
9821954,1,-93
9821954,2,-92
9821954,3,-93
9821954,4,-93
9821954,5,-128
9821954,6,-128
9821954,7,-128
9841975,0,-128
9841975,1,-93
9841975,2,-93
9841975,3,-93
9841975,4,-93
9841975,5,-128
9841975,6,-128
9841975,7,-92
9861996,0,-128
9861996,1,-128
9861996,2,-93
9861996,3,-93
9861996,4,-128
9861996,5,-128
9861996,6,-128
9861996,7,-128
9882017,0,-128
9882017,1,-128
9882017,2,-93
9882017,3,-93
9882017,4,-93
9882017,5,-128
9882017,6,-128
9882017,7,-128
9902038,0,-128
9902038,1,-93
9902038,2,-93
9902038,3,-128
9902038,4,-93
9902038,5,-93
9902038,6,-128
9902038,7,-128
9922059,0,-128
9922059,1,-93
9922059,2,-93
9922059,3,-128
9922059,4,-92
9922059,5,-93
9922059,6,-128
9922059,7,-128
9942080,0,-128
9942080,1,-93
9942080,2,-93
9942080,3,-128
9942080,4,-128
9942080,5,-128
9942080,6,-128
9942080,7,-128
9962101,0,-128
9962101,1,-128
9962101,2,-128
9962101,3,-128
9962101,4,-90
9962101,5,-93
9962101,6,-128
9962101,7,-128
9982122,0,-128
9982122,1,-93
9982122,2,-128
9982122,3,-128
9982122,4,-92
9982122,5,-128
9982122,6,-128
9982122,7,-128
10002143,0,-128
10002143,1,-128
10002143,2,-128
10002143,3,-128
10002143,4,-128
10002143,5,-128
10002143,6,-128
10002143,7,-93
200
-1,-1,-1
-1,-1,-1
-1,-1,-1
-1,-1,-1
-1,-1,-1
-1,-1,-1
-1,-1,-1
-1,-1,-1
-1,-1,-1
-1,-1,-1
-1,-1,-1
-1,-1,-1
-1,-1,-1
-1,-1,-1
-1,-1,-1
-1,-1,-1
-1,-1,-1
-1,-1,-1
-1,-1,-1
-1,-1,-1
-1,-1,-1
-1,-1,-1
-1,-1,-1
-1,-1,-1
-1,-1,-1
-1,-1,-1
-1,-1,-1
-1,-1,-1
-1,-1,-1
-1,-1,-1
-1,-1,-1
-1,-1,-1
-1,-1,-1
-1,-1,-1
-1,-1,-1
-1,-1,-1
-1,-1,-1
-1,-1,-1
-1,-1,-1
-1,-1,-1
-1,-1,-1
-1,-1,-1
-1,-1,-1
-1,-1,-1
-1,-1,-1
-1,-1,-1
-1,-1,-1
-1,-1,-1
-1,-1,-1
-1,-1,-1
-1,-1,-1
-1,-1,-1
-1,-1,-1
-1,-1,-1
-1,-1,-1
-1,-1,-1
-1,-1,-1
-1,-1,-1
-1,-1,-1
-1,-1,-1
-1,-1,-1
-1,-1,-1
-1,-1,-1
-1,-1,-1
-1,-1,-1
-1,-1,-1
-1,-1,-1
-1,-1,-1
-1,-1,-1
-1,-1,-1
-1,-1,-1
-1,-1,-1
-1,-1,-1
-1,-1,-1
-1,-1,-1
-1,-1,-1
-1,-1,-1
-1,-1,-1
-1,-1,-1
-1,-1,-1
199
-1,-1,-1
-1,-1,-1
-1,-1,-1
-1,-1,-1
-1,-1,-1
-1,-1,-1
-1,-1,-1
-1,-1,-1
-1,-1,-1
-1,-1,-1
-1,-1,-1
-1,-1,-1
-1,-1,-1
-1,-1,-1
-1,-1,-1
-1,-1,-1
-1,-1,-1
-1,-1,-1
-1,-1,-1
-1,-1,-1
-1,-1,-1
-1,-1,-1
-1,-1,-1
-1,-1,-1
-1,-1,-1
-1,-1,-1
-1,-1,-1
-1,-1,-1
-1,-1,-1
-1,-1,-1
-1,-1,-1
-1,-1,-1
-1,-1,-1
-1,-1,-1
-1,-1,-1
-1,-1,-1
-1,-1,-1
-1,-1,-1
-1,-1,-1
-1,-1,-1
-1,-1,-1
-1,-1,-1
-1,-1,-1
-1,-1,-1
-1,-1,-1
-1,-1,-1
-1,-1,-1
-1,-1,-1
-1,-1,-1
-1,-1,-1
-1,-1,-1
-1,-1,-1
-1,-1,-1
-1,-1,-1
-1,-1,-1
-1,-1,-1
-1,-1,-1
-1,-1,-1
-1,-1,-1
-1,-1,-1
-1,-1,-1
-1,-1,-1
-1,-1,-1
-1,-1,-1
-1,-1,-1
-1,-1,-1
-1,-1,-1
-1,-1,-1
-1,-1,-1
-1,-1,-1
-1,-1,-1
-1,-1,-1
-1,-1,-1
-1,-1,-1
-1,-1,-1
-1,-1,-1
-1,-1,-1
-1,-1,-1
-1,-1,-1
-1,-1,-1
198
-1,-1,-1
-1,-1,-1
-1,-1,-1
-1,-1,-1
-1,-1,-1
-1,-1,-1
-1,-1,-1
-1,-1,-1
-1,-1,-1
-1,-1,-1
-1,-1,-1
-1,-1,-1
-1,-1,-1
-1,-1,-1
-1,-1,-1
-1,-1,-1
-1,-1,-1
-1,-1,-1
-1,-1,-1
-1,-1,-1
-1,-1,-1
-1,-1,-1
-1,-1,-1
-1,-1,-1
-1,-1,-1
-1,-1,-1
-1,-1,-1
-1,-1,-1
-1,-1,-1
-1,-1,-1
-1,-1,-1
-1,-1,-1
-1,-1,-1
-1,-1,-1
-1,-1,-1
-1,-1,-1
-1,-1,-1
-1,-1,-1
-1,-1,-1
-1,-1,-1
-1,-1,-1
-1,-1,-1
-1,-1,-1
-1,-1,-1
-1,-1,-1
-1,-1,-1
-1,-1,-1
-1,-1,-1
-1,-1,-1
-1,-1,-1
-1,-1,-1
-1,-1,-1
-1,-1,-1
-1,-1,-1
-1,-1,-1
-1,-1,-1
-1,-1,-1
-1,-1,-1
-1,-1,-1
-1,-1,-1
-1,-1,-1
-1,-1,-1
-1,-1,-1
-1,-1,-1
-1,-1,-1
-1,-1,-1
-1,-1,-1
-1,-1,-1
-1,-1,-1
-1,-1,-1
-1,-1,-1
-1,-1,-1
-1,-1,-1
-1,-1,-1
-1,-1,-1
-1,-1,-1
-1,-1,-1
-1,-1,-1
-1,-1,-1
-1,-1,-1
197
-1,-1,-1
-1,-1,-1
-1,-1,-1
-1,-1,-1
-1,-1,-1
-1,-1,-1
-1,-1,-1
-1,-1,-1
-1,-1,-1
-1,-1,-1
-1,-1,-1
-1,-1,-1
-1,-1,-1
-1,-1,-1
-1,-1,-1
-1,-1,-1
-1,-1,-1
-1,-1,-1
-1,-1,-1
-1,-1,-1
-1,-1,-1
-1,-1,-1
-1,-1,-1
-1,-1,-1
-1,-1,-1
-1,-1,-1
-1,-1,-1
-1,-1,-1
-1,-1,-1
-1,-1,-1
-1,-1,-1
-1,-1,-1
-1,-1,-1
-1,-1,-1
-1,-1,-1
-1,-1,-1
-1,-1,-1
-1,-1,-1
-1,-1,-1
-1,-1,-1
-1,-1,-1
-1,-1,-1
-1,-1,-1
-1,-1,-1
-1,-1,-1
-1,-1,-1
-1,-1,-1
-1,-1,-1
-1,-1,-1
-1,-1,-1
-1,-1,-1
-1,-1,-1
-1,-1,-1
-1,-1,-1
-1,-1,-1
-1,-1,-1
-1,-1,-1
-1,-1,-1
-1,-1,-1
-1,-1,-1
-1,-1,-1
-1,-1,-1
-1,-1,-1
-1,-1,-1
-1,-1,-1
-1,-1,-1
-1,-1,-1
-1,-1,-1
-1,-1,-1
-1,-1,-1
-1,-1,-1
-1,-1,-1
-1,-1,-1
-1,-1,-1
-1,-1,-1
-1,-1,-1
-1,-1,-1
-1,-1,-1
-1,-1,-1
-1,-1,-1
196
-1,-1,-1
-1,-1,-1
-1,-1,-1
-1,-1,-1
-1,-1,-1
-1,-1,-1
-1,-1,-1
-1,-1,-1
-1,-1,-1
-1,-1,-1
-1,-1,-1
-1,-1,-1
-1,-1,-1
-1,-1,-1
-1,-1,-1
-1,-1,-1
-1,-1,-1
-1,-1,-1
-1,-1,-1
-1,-1,-1
-1,-1,-1
-1,-1,-1
-1,-1,-1
-1,-1,-1
-1,-1,-1
-1,-1,-1
-1,-1,-1
-1,-1,-1
-1,-1,-1
-1,-1,-1
-1,-1,-1
-1,-1,-1
-1,-1,-1
-1,-1,-1
-1,-1,-1
-1,-1,-1
-1,-1,-1
-1,-1,-1
-1,-1,-1
-1,-1,-1
-1,-1,-1
-1,-1,-1
-1,-1,-1
-1,-1,-1
-1,-1,-1
-1,-1,-1
-1,-1,-1
-1,-1,-1
-1,-1,-1
-1,-1,-1
-1,-1,-1
-1,-1,-1
-1,-1,-1
-1,-1,-1
-1,-1,-1
-1,-1,-1
-1,-1,-1
-1,-1,-1
-1,-1,-1
-1,-1,-1
-1,-1,-1
-1,-1,-1
-1,-1,-1
-1,-1,-1
-1,-1,-1
-1,-1,-1
-1,-1,-1
-1,-1,-1
-1,-1,-1
-1,-1,-1
-1,-1,-1
-1,-1,-1
-1,-1,-1
-1,-1,-1
-1,-1,-1
-1,-1,-1
-1,-1,-1
-1,-1,-1
-1,-1,-1
-1,-1,-1
195
-1,-1,-1
-1,-1,-1
-1,-1,-1
-1,-1,-1
-1,-1,-1
-1,-1,-1
-1,-1,-1
-1,-1,-1
-1,-1,-1
-1,-1,-1
-1,-1,-1
-1,-1,-1
-1,-1,-1
-1,-1,-1
-1,-1,-1
-1,-1,-1
-1,-1,-1
-1,-1,-1
-1,-1,-1
-1,-1,-1
-1,-1,-1
-1,-1,-1
-1,-1,-1
-1,-1,-1
-1,-1,-1
-1,-1,-1
-1,-1,-1
-1,-1,-1
-1,-1,-1
-1,-1,-1
-1,-1,-1
-1,-1,-1
-1,-1,-1
-1,-1,-1
-1,-1,-1
-1,-1,-1
-1,-1,-1
-1,-1,-1
-1,-1,-1
-1,-1,-1
-1,-1,-1
-1,-1,-1
-1,-1,-1
-1,-1,-1
-1,-1,-1
-1,-1,-1
-1,-1,-1
-1,-1,-1
-1,-1,-1
-1,-1,-1
-1,-1,-1
-1,-1,-1
-1,-1,-1
-1,-1,-1
-1,-1,-1
-1,-1,-1
-1,-1,-1
-1,-1,-1
-1,-1,-1
-1,-1,-1
-1,-1,-1
-1,-1,-1
-1,-1,-1
-1,-1,-1
-1,-1,-1
-1,-1,-1
-1,-1,-1
-1,-1,-1
-1,-1,-1
-1,-1,-1
-1,-1,-1
-1,-1,-1
-1,-1,-1
-1,-1,-1
-1,-1,-1
-1,-1,-1
-1,-1,-1
-1,-1,-1
-1,-1,-1
-1,-1,-1
194
-1,-1,-1
-1,-1,-1
-1,-1,-1
-1,-1,-1
-1,-1,-1
-1,-1,-1
-1,-1,-1
-1,-1,-1
-1,-1,-1
-1,-1,-1
-1,-1,-1
-1,-1,-1
-1,-1,-1
-1,-1,-1
-1,-1,-1
-1,-1,-1
-1,-1,-1
-1,-1,-1
-1,-1,-1
-1,-1,-1
-1,-1,-1
-1,-1,-1
-1,-1,-1
-1,-1,-1
-1,-1,-1
-1,-1,-1
-1,-1,-1
-1,-1,-1
-1,-1,-1
-1,-1,-1
-1,-1,-1
-1,-1,-1
-1,-1,-1
-1,-1,-1
-1,-1,-1
-1,-1,-1
-1,-1,-1
-1,-1,-1
-1,-1,-1
-1,-1,-1
-1,-1,-1
-1,-1,-1
-1,-1,-1
-1,-1,-1
-1,-1,-1
-1,-1,-1
-1,-1,-1
-1,-1,-1
-1,-1,-1
-1,-1,-1
-1,-1,-1
-1,-1,-1
-1,-1,-1
-1,-1,-1
-1,-1,-1
-1,-1,-1
-1,-1,-1
-1,-1,-1
-1,-1,-1
-1,-1,-1
-1,-1,-1
-1,-1,-1
-1,-1,-1
-1,-1,-1
-1,-1,-1
-1,-1,-1
-1,-1,-1
-1,-1,-1
-1,-1,-1
-1,-1,-1
-1,-1,-1
-1,-1,-1
-1,-1,-1
-1,-1,-1
-1,-1,-1
-1,-1,-1
-1,-1,-1
-1,-1,-1
-1,-1,-1
-1,-1,-1
193
-1,-1,-1
-1,-1,-1
-1,-1,-1
-1,-1,-1
-1,-1,-1
-1,-1,-1
-1,-1,-1
-1,-1,-1
-1,-1,-1
-1,-1,-1
-1,-1,-1
-1,-1,-1
-1,-1,-1
-1,-1,-1
-1,-1,-1
-1,-1,-1
-1,-1,-1
-1,-1,-1
-1,-1,-1
-1,-1,-1
-1,-1,-1
-1,-1,-1
-1,-1,-1
-1,-1,-1
-1,-1,-1
-1,-1,-1
-1,-1,-1
-1,-1,-1
-1,-1,-1
-1,-1,-1
-1,-1,-1
-1,-1,-1
-1,-1,-1
-1,-1,-1
-1,-1,-1
-1,-1,-1
-1,-1,-1
-1,-1,-1
-1,-1,-1
-1,-1,-1
-1,-1,-1
-1,-1,-1
-1,-1,-1
-1,-1,-1
-1,-1,-1
-1,-1,-1
-1,-1,-1
-1,-1,-1
-1,-1,-1
-1,-1,-1
-1,-1,-1
-1,-1,-1
-1,-1,-1
-1,-1,-1
-1,-1,-1
-1,-1,-1
-1,-1,-1
-1,-1,-1
-1,-1,-1
-1,-1,-1
-1,-1,-1
-1,-1,-1
-1,-1,-1
-1,-1,-1
-1,-1,-1
-1,-1,-1
-1,-1,-1
-1,-1,-1
-1,-1,-1
-1,-1,-1
-1,-1,-1
-1,-1,-1
-1,-1,-1
-1,-1,-1
-1,-1,-1
-1,-1,-1
-1,-1,-1
-1,-1,-1
-1,-1,-1
-1,-1,-1
192
-1,-1,-1
-1,-1,-1
-1,-1,-1
-1,-1,-1
-1,-1,-1
-1,-1,-1
-1,-1,-1
-1,-1,-1
-1,-1,-1
-1,-1,-1
-1,-1,-1
-1,-1,-1
-1,-1,-1
-1,-1,-1
-1,-1,-1
-1,-1,-1
-1,-1,-1
-1,-1,-1
-1,-1,-1
-1,-1,-1
-1,-1,-1
-1,-1,-1
-1,-1,-1
-1,-1,-1
-1,-1,-1
-1,-1,-1
-1,-1,-1
-1,-1,-1
-1,-1,-1
-1,-1,-1
-1,-1,-1
-1,-1,-1
-1,-1,-1
-1,-1,-1
-1,-1,-1
-1,-1,-1
-1,-1,-1
-1,-1,-1
-1,-1,-1
-1,-1,-1
-1,-1,-1
-1,-1,-1
-1,-1,-1
-1,-1,-1
-1,-1,-1
-1,-1,-1
-1,-1,-1
-1,-1,-1
-1,-1,-1
-1,-1,-1
-1,-1,-1
-1,-1,-1
-1,-1,-1
-1,-1,-1
-1,-1,-1
-1,-1,-1
-1,-1,-1
-1,-1,-1
-1,-1,-1
-1,-1,-1
-1,-1,-1
-1,-1,-1
-1,-1,-1
-1,-1,-1
-1,-1,-1
-1,-1,-1
-1,-1,-1
-1,-1,-1
-1,-1,-1
-1,-1,-1
-1,-1,-1
-1,-1,-1
-1,-1,-1
-1,-1,-1
-1,-1,-1
-1,-1,-1
-1,-1,-1
-1,-1,-1
-1,-1,-1
-1,-1,-1
191
-1,-1,-1
-1,-1,-1
-1,-1,-1
-1,-1,-1
-1,-1,-1
-1,-1,-1
-1,-1,-1
-1,-1,-1
-1,-1,-1
-1,-1,-1
-1,-1,-1
-1,-1,-1
-1,-1,-1
-1,-1,-1
-1,-1,-1
-1,-1,-1
-1,-1,-1
-1,-1,-1
-1,-1,-1
-1,-1,-1
-1,-1,-1
-1,-1,-1
-1,-1,-1
-1,-1,-1
-1,-1,-1
-1,-1,-1
-1,-1,-1
-1,-1,-1
-1,-1,-1
-1,-1,-1
-1,-1,-1
-1,-1,-1
-1,-1,-1
-1,-1,-1
-1,-1,-1
-1,-1,-1
-1,-1,-1
-1,-1,-1
-1,-1,-1
-1,-1,-1
-1,-1,-1
-1,-1,-1
-1,-1,-1
-1,-1,-1
-1,-1,-1
-1,-1,-1
-1,-1,-1
-1,-1,-1
-1,-1,-1
-1,-1,-1
-1,-1,-1
-1,-1,-1
-1,-1,-1
-1,-1,-1
-1,-1,-1
-1,-1,-1
-1,-1,-1
-1,-1,-1
-1,-1,-1
-1,-1,-1
-1,-1,-1
-1,-1,-1
-1,-1,-1
-1,-1,-1
-1,-1,-1
-1,-1,-1
-1,-1,-1
-1,-1,-1
-1,-1,-1
-1,-1,-1
-1,-1,-1
-1,-1,-1
-1,-1,-1
-1,-1,-1
-1,-1,-1
-1,-1,-1
-1,-1,-1
-1,-1,-1
-1,-1,-1
-1,-1,-1
190
-1,-1,-1
-1,-1,-1
-1,-1,-1
-1,-1,-1
-1,-1,-1
-1,-1,-1
-1,-1,-1
-1,-1,-1
-1,-1,-1
-1,-1,-1
-1,-1,-1
-1,-1,-1
-1,-1,-1
-1,-1,-1
-1,-1,-1
-1,-1,-1
-1,-1,-1
-1,-1,-1
-1,-1,-1
-1,-1,-1
-1,-1,-1
-1,-1,-1
-1,-1,-1
-1,-1,-1
-1,-1,-1
-1,-1,-1
-1,-1,-1
-1,-1,-1
-1,-1,-1
-1,-1,-1
-1,-1,-1
-1,-1,-1
-1,-1,-1
-1,-1,-1
-1,-1,-1
-1,-1,-1
-1,-1,-1
-1,-1,-1
-1,-1,-1
-1,-1,-1
-1,-1,-1
-1,-1,-1
-1,-1,-1
-1,-1,-1
-1,-1,-1
-1,-1,-1
-1,-1,-1
-1,-1,-1
-1,-1,-1
-1,-1,-1
-1,-1,-1
-1,-1,-1
-1,-1,-1
-1,-1,-1
-1,-1,-1
-1,-1,-1
-1,-1,-1
-1,-1,-1
-1,-1,-1
-1,-1,-1
-1,-1,-1
-1,-1,-1
-1,-1,-1
-1,-1,-1
-1,-1,-1
-1,-1,-1
-1,-1,-1
-1,-1,-1
-1,-1,-1
-1,-1,-1
-1,-1,-1
-1,-1,-1
-1,-1,-1
-1,-1,-1
-1,-1,-1
-1,-1,-1
-1,-1,-1
-1,-1,-1
-1,-1,-1
-1,-1,-1
189
-1,-1,-1
-1,-1,-1
-1,-1,-1
-1,-1,-1
-1,-1,-1
-1,-1,-1
-1,-1,-1
-1,-1,-1
-1,-1,-1
-1,-1,-1
-1,-1,-1
-1,-1,-1
-1,-1,-1
-1,-1,-1
-1,-1,-1
-1,-1,-1
-1,-1,-1
-1,-1,-1
-1,-1,-1
-1,-1,-1
-1,-1,-1
-1,-1,-1
-1,-1,-1
-1,-1,-1
-1,-1,-1
-1,-1,-1
-1,-1,-1
-1,-1,-1
-1,-1,-1
-1,-1,-1
-1,-1,-1
-1,-1,-1
-1,-1,-1
-1,-1,-1
-1,-1,-1
-1,-1,-1
-1,-1,-1
-1,-1,-1
-1,-1,-1
-1,-1,-1
-1,-1,-1
-1,-1,-1
-1,-1,-1
-1,-1,-1
-1,-1,-1
-1,-1,-1
-1,-1,-1
-1,-1,-1
-1,-1,-1
-1,-1,-1
-1,-1,-1
-1,-1,-1
-1,-1,-1
-1,-1,-1
-1,-1,-1
-1,-1,-1
-1,-1,-1
-1,-1,-1
-1,-1,-1
-1,-1,-1
-1,-1,-1
-1,-1,-1
-1,-1,-1
-1,-1,-1
-1,-1,-1
-1,-1,-1
-1,-1,-1
-1,-1,-1
-1,-1,-1
-1,-1,-1
-1,-1,-1
-1,-1,-1
-1,-1,-1
-1,-1,-1
-1,-1,-1
-1,-1,-1
-1,-1,-1
-1,-1,-1
-1,-1,-1
-1,-1,-1
188
-1,-1,-1
-1,-1,-1
-1,-1,-1
-1,-1,-1
-1,-1,-1
-1,-1,-1
-1,-1,-1
-1,-1,-1
-1,-1,-1
-1,-1,-1
-1,-1,-1
-1,-1,-1
-1,-1,-1
-1,-1,-1
-1,-1,-1
-1,-1,-1
-1,-1,-1
-1,-1,-1
-1,-1,-1
-1,-1,-1
-1,-1,-1
-1,-1,-1
-1,-1,-1
-1,-1,-1
-1,-1,-1
-1,-1,-1
-1,-1,-1
-1,-1,-1
-1,-1,-1
-1,-1,-1
-1,-1,-1
-1,-1,-1
-1,-1,-1
-1,-1,-1
-1,-1,-1
-1,-1,-1
-1,-1,-1
-1,-1,-1
-1,-1,-1
-1,-1,-1
-1,-1,-1
-1,-1,-1
-1,-1,-1
-1,-1,-1
-1,-1,-1
-1,-1,-1
-1,-1,-1
-1,-1,-1
-1,-1,-1
-1,-1,-1
-1,-1,-1
-1,-1,-1
-1,-1,-1
-1,-1,-1
-1,-1,-1
-1,-1,-1
-1,-1,-1
-1,-1,-1
-1,-1,-1
-1,-1,-1
-1,-1,-1
-1,-1,-1
-1,-1,-1
-1,-1,-1
-1,-1,-1
-1,-1,-1
-1,-1,-1
-1,-1,-1
-1,-1,-1
-1,-1,-1
-1,-1,-1
-1,-1,-1
-1,-1,-1
-1,-1,-1
-1,-1,-1
-1,-1,-1
-1,-1,-1
-1,-1,-1
-1,-1,-1
-1,-1,-1
187
-1,-1,-1
-1,-1,-1
-1,-1,-1
-1,-1,-1
-1,-1,-1
-1,-1,-1
-1,-1,-1
-1,-1,-1
-1,-1,-1
-1,-1,-1
-1,-1,-1
-1,-1,-1
-1,-1,-1
-1,-1,-1
-1,-1,-1
-1,-1,-1
-1,-1,-1
-1,-1,-1
-1,-1,-1
-1,-1,-1
-1,-1,-1
-1,-1,-1
-1,-1,-1
-1,-1,-1
-1,-1,-1
-1,-1,-1
-1,-1,-1
-1,-1,-1
-1,-1,-1
-1,-1,-1
-1,-1,-1
-1,-1,-1
-1,-1,-1
-1,-1,-1
-1,-1,-1
-1,-1,-1
-1,-1,-1
-1,-1,-1
-1,-1,-1
-1,-1,-1
-1,-1,-1
-1,-1,-1
-1,-1,-1
-1,-1,-1
-1,-1,-1
-1,-1,-1
-1,-1,-1
-1,-1,-1
-1,-1,-1
-1,-1,-1
-1,-1,-1
-1,-1,-1
-1,-1,-1
-1,-1,-1
-1,-1,-1
-1,-1,-1
-1,-1,-1
-1,-1,-1
-1,-1,-1
-1,-1,-1
-1,-1,-1
-1,-1,-1
-1,-1,-1
-1,-1,-1
-1,-1,-1
-1,-1,-1
-1,-1,-1
-1,-1,-1
-1,-1,-1
-1,-1,-1
-1,-1,-1
-1,-1,-1
-1,-1,-1
-1,-1,-1
-1,-1,-1
-1,-1,-1
-1,-1,-1
-1,-1,-1
-1,-1,-1
-1,-1,-1
186
-1,-1,-1
-1,-1,-1
-1,-1,-1
-1,-1,-1
-1,-1,-1
-1,-1,-1
-1,-1,-1
-1,-1,-1
-1,-1,-1
-1,-1,-1
-1,-1,-1
-1,-1,-1
-1,-1,-1
-1,-1,-1
-1,-1,-1
-1,-1,-1
-1,-1,-1
-1,-1,-1
-1,-1,-1
-1,-1,-1
-1,-1,-1
-1,-1,-1
-1,-1,-1
-1,-1,-1
-1,-1,-1
-1,-1,-1
-1,-1,-1
-1,-1,-1
-1,-1,-1
-1,-1,-1
-1,-1,-1
-1,-1,-1
-1,-1,-1
-1,-1,-1
-1,-1,-1
-1,-1,-1
-1,-1,-1
-1,-1,-1
-1,-1,-1
-1,-1,-1
-1,-1,-1
-1,-1,-1
-1,-1,-1
-1,-1,-1
-1,-1,-1
-1,-1,-1
-1,-1,-1
-1,-1,-1
-1,-1,-1
-1,-1,-1
-1,-1,-1
-1,-1,-1
-1,-1,-1
-1,-1,-1
-1,-1,-1
-1,-1,-1
-1,-1,-1
-1,-1,-1
-1,-1,-1
-1,-1,-1
-1,-1,-1
-1,-1,-1
-1,-1,-1
-1,-1,-1
-1,-1,-1
-1,-1,-1
-1,-1,-1
-1,-1,-1
-1,-1,-1
-1,-1,-1
-1,-1,-1
-1,-1,-1
-1,-1,-1
-1,-1,-1
-1,-1,-1
-1,-1,-1
-1,-1,-1
-1,-1,-1
-1,-1,-1
-1,-1,-1
185
-1,-1,-1
-1,-1,-1
-1,-1,-1
-1,-1,-1
-1,-1,-1
-1,-1,-1
-1,-1,-1
-1,-1,-1
-1,-1,-1
-1,-1,-1
-1,-1,-1
-1,-1,-1
-1,-1,-1
-1,-1,-1
-1,-1,-1
-1,-1,-1
-1,-1,-1
-1,-1,-1
-1,-1,-1
-1,-1,-1
-1,-1,-1
-1,-1,-1
-1,-1,-1
-1,-1,-1
-1,-1,-1
-1,-1,-1
-1,-1,-1
-1,-1,-1
-1,-1,-1
-1,-1,-1
-1,-1,-1
-1,-1,-1
-1,-1,-1
-1,-1,-1
-1,-1,-1
-1,-1,-1
-1,-1,-1
-1,-1,-1
-1,-1,-1
-1,-1,-1
-1,-1,-1
-1,-1,-1
-1,-1,-1
-1,-1,-1
-1,-1,-1
-1,-1,-1
-1,-1,-1
-1,-1,-1
-1,-1,-1
-1,-1,-1
-1,-1,-1
-1,-1,-1
-1,-1,-1
-1,-1,-1
-1,-1,-1
-1,-1,-1
-1,-1,-1
-1,-1,-1
-1,-1,-1
-1,-1,-1
-1,-1,-1
-1,-1,-1
-1,-1,-1
-1,-1,-1
-1,-1,-1
-1,-1,-1
-1,-1,-1
-1,-1,-1
-1,-1,-1
-1,-1,-1
-1,-1,-1
-1,-1,-1
-1,-1,-1
-1,-1,-1
-1,-1,-1
-1,-1,-1
-1,-1,-1
-1,-1,-1
-1,-1,-1
-1,-1,-1
184
-1,-1,-1
-1,-1,-1
-1,-1,-1
-1,-1,-1
-1,-1,-1
-1,-1,-1
-1,-1,-1
-1,-1,-1
-1,-1,-1
-1,-1,-1
-1,-1,-1
-1,-1,-1
-1,-1,-1
-1,-1,-1
-1,-1,-1
-1,-1,-1
-1,-1,-1
-1,-1,-1
-1,-1,-1
-1,-1,-1
-1,-1,-1
-1,-1,-1
-1,-1,-1
-1,-1,-1
-1,-1,-1
-1,-1,-1
-1,-1,-1
-1,-1,-1
-1,-1,-1
-1,-1,-1
-1,-1,-1
-1,-1,-1
-1,-1,-1
-1,-1,-1
-1,-1,-1
-1,-1,-1
-1,-1,-1
-1,-1,-1
-1,-1,-1
-1,-1,-1
-1,-1,-1
-1,-1,-1
-1,-1,-1
-1,-1,-1
-1,-1,-1
-1,-1,-1
-1,-1,-1
-1,-1,-1
-1,-1,-1
-1,-1,-1
-1,-1,-1
-1,-1,-1
-1,-1,-1
-1,-1,-1
-1,-1,-1
-1,-1,-1
-1,-1,-1
-1,-1,-1
-1,-1,-1
-1,-1,-1
-1,-1,-1
-1,-1,-1
-1,-1,-1
-1,-1,-1
-1,-1,-1
-1,-1,-1
-1,-1,-1
-1,-1,-1
-1,-1,-1
-1,-1,-1
-1,-1,-1
-1,-1,-1
-1,-1,-1
-1,-1,-1
-1,-1,-1
-1,-1,-1
-1,-1,-1
-1,-1,-1
-1,-1,-1
-1,-1,-1
183
-1,-1,-1
-1,-1,-1
-1,-1,-1
-1,-1,-1
-1,-1,-1
-1,-1,-1
-1,-1,-1
-1,-1,-1
-1,-1,-1
-1,-1,-1
-1,-1,-1
-1,-1,-1
-1,-1,-1
-1,-1,-1
-1,-1,-1
-1,-1,-1
-1,-1,-1
-1,-1,-1
-1,-1,-1
-1,-1,-1
-1,-1,-1
-1,-1,-1
-1,-1,-1
-1,-1,-1
-1,-1,-1
-1,-1,-1
-1,-1,-1
-1,-1,-1
-1,-1,-1
-1,-1,-1
-1,-1,-1
-1,-1,-1
-1,-1,-1
-1,-1,-1
-1,-1,-1
-1,-1,-1
-1,-1,-1
-1,-1,-1
-1,-1,-1
-1,-1,-1
-1,-1,-1
-1,-1,-1
-1,-1,-1
-1,-1,-1
-1,-1,-1
-1,-1,-1
-1,-1,-1
-1,-1,-1
-1,-1,-1
-1,-1,-1
-1,-1,-1
-1,-1,-1
-1,-1,-1
-1,-1,-1
-1,-1,-1
-1,-1,-1
-1,-1,-1
-1,-1,-1
-1,-1,-1
-1,-1,-1
-1,-1,-1
-1,-1,-1
-1,-1,-1
-1,-1,-1
-1,-1,-1
-1,-1,-1
-1,-1,-1
-1,-1,-1
-1,-1,-1
-1,-1,-1
-1,-1,-1
-1,-1,-1
-1,-1,-1
-1,-1,-1
-1,-1,-1
-1,-1,-1
-1,-1,-1
-1,-1,-1
-1,-1,-1
-1,-1,-1
182
-1,-1,-1
-1,-1,-1
-1,-1,-1
-1,-1,-1
-1,-1,-1
-1,-1,-1
-1,-1,-1
-1,-1,-1
-1,-1,-1
-1,-1,-1
-1,-1,-1
-1,-1,-1
-1,-1,-1
-1,-1,-1
-1,-1,-1
-1,-1,-1
-1,-1,-1
-1,-1,-1
-1,-1,-1
-1,-1,-1
-1,-1,-1
-1,-1,-1
-1,-1,-1
-1,-1,-1
-1,-1,-1
-1,-1,-1
-1,-1,-1
-1,-1,-1
-1,-1,-1
-1,-1,-1
-1,-1,-1
-1,-1,-1
-1,-1,-1
-1,-1,-1
-1,-1,-1
-1,-1,-1
-1,-1,-1
-1,-1,-1
-1,-1,-1
-1,-1,-1
-1,-1,-1
-1,-1,-1
-1,-1,-1
-1,-1,-1
-1,-1,-1
-1,-1,-1
-1,-1,-1
-1,-1,-1
-1,-1,-1
-1,-1,-1
-1,-1,-1
-1,-1,-1
-1,-1,-1
-1,-1,-1
-1,-1,-1
-1,-1,-1
-1,-1,-1
-1,-1,-1
-1,-1,-1
-1,-1,-1
-1,-1,-1
-1,-1,-1
-1,-1,-1
-1,-1,-1
-1,-1,-1
-1,-1,-1
-1,-1,-1
-1,-1,-1
-1,-1,-1
-1,-1,-1
-1,-1,-1
-1,-1,-1
-1,-1,-1
-1,-1,-1
-1,-1,-1
-1,-1,-1
-1,-1,-1
-1,-1,-1
-1,-1,-1
-1,-1,-1
181
-1,-1,-1
-1,-1,-1
-1,-1,-1
-1,-1,-1
-1,-1,-1
-1,-1,-1
-1,-1,-1
-1,-1,-1
-1,-1,-1
-1,-1,-1
-1,-1,-1
-1,-1,-1
-1,-1,-1
-1,-1,-1
-1,-1,-1
-1,-1,-1
-1,-1,-1
-1,-1,-1
-1,-1,-1
-1,-1,-1
-1,-1,-1
-1,-1,-1
-1,-1,-1
-1,-1,-1
-1,-1,-1
-1,-1,-1
-1,-1,-1
-1,-1,-1
-1,-1,-1
-1,-1,-1
-1,-1,-1
-1,-1,-1
-1,-1,-1
-1,-1,-1
-1,-1,-1
-1,-1,-1
-1,-1,-1
-1,-1,-1
-1,-1,-1
-1,-1,-1
-1,-1,-1
-1,-1,-1
-1,-1,-1
-1,-1,-1
-1,-1,-1
-1,-1,-1
-1,-1,-1
-1,-1,-1
-1,-1,-1
-1,-1,-1
-1,-1,-1
-1,-1,-1
-1,-1,-1
-1,-1,-1
-1,-1,-1
-1,-1,-1
-1,-1,-1
-1,-1,-1
-1,-1,-1
-1,-1,-1
-1,-1,-1
-1,-1,-1
-1,-1,-1
-1,-1,-1
-1,-1,-1
-1,-1,-1
-1,-1,-1
-1,-1,-1
-1,-1,-1
-1,-1,-1
-1,-1,-1
-1,-1,-1
-1,-1,-1
-1,-1,-1
-1,-1,-1
-1,-1,-1
-1,-1,-1
-1,-1,-1
-1,-1,-1
-1,-1,-1
