250
181000796
281000796
385000796
475000796
578000796
687000796
781000796
882000796
986000796
1071000796
1166000796
1274000796
1370000796
175000824
266000824
369000824
459000824
559000824
660000824
768000824
864000824
969000824
1070000824
1164000824
1261000824
1360000824
159000852
264000852
364000852
465000852
559000852
659000852
767000852
862000852
970000852
1066000852
1163000852
1267000852
1360000852
159000881
269000881
369000881
466000881
562000881
661000881
762000881
867000881
968000881
1067000881
1168000881
1265000881
1359000881
166000909
270000909
367000909
460000909
564000909
660000909
765000909
866000909
967000909
1070000909
1166000909
1267000909
1359000909
159000938
270000938
372000938
480000938
558000938
665000938
765000938
867000938
968000938
1066000938
1167000938
1263000938
1360000938
160000966
273000966
370000966
484000966
573000966
673000966
766000966
865000966
971000966
1068000966
1168000966
1267000966
1360ðNø369000994
485000994
573000994
683000994
770000994
867000994
969000994
1067000994
1169000994
1265000994
160001023
271001023
374001023
482001023
571001023
685001023
794001023
881001023
971001023
1068001023
1166001023
1262001023
1359001023
162001051
271001051
371001051
482001051
572001051
684001051
794001051
884001051
984001051
1066001051
1166001051
1262001051
1361001051
165001079
276001079
369001079
476001079
572001079
681001079
794001079
882001079
992001079
1074001079
1163001079
1265001079
1361001079
162001108
267001108
368001108
481001108
574001108
683001108
794001108
890001108
984001108
1164001108
1266001108
1361001108
165001136
270001136
369001136
481001136
574001136
688001136
793001136
891001136
991001136
1183001136
1266001136
1362001136
166001164
271001164
372001164
480001164
573001164
688001164
793001164
887001164
991001164
1184001164
160001193
270001193
373001193
479001193
572001193
691001193
793001193
888001193
990001193
1179001193
166001221
268001221
372001221
479001221
572001221
683001221
793001221
886001221
984001221
1181001221
165001249
271001249
372001249
476001249
572001249
684001249
791001249
886001249
988001249
1185001249
162001278
277001278
376001278
477001278
571001278
683001278
793001278
891001278
988001278
1181001278
162001306
276001306
373001306
477001306
571001306
689001306
792001306
886001306
990001306
1184001306
166001334
278001334
373001334
474001334
572001334
682001334
792001334
887001334
991001334
1187001334
161001363
277001363
371001363
478001363
249
572001363
680001363
793001363
886001363
988001363
1185001363
166001391
267001391
370001391
476001391
571001391
679001391
792001391
886001391
993001391
1184001391
165001419
270001419
372001419
481001419
570001419
678001419
791001419
885001419
991001419
1182001419
161001448
270001448
371001448
479001448
571001448
686001448
793001448
885001448
989001448
1183001448
161001476
274001476
371001476
482001476
574001476
680001476
794001476
883001476
988001476
1188001476
162001504
269001504
371001504
479001504
574001504
682001504
793001504
883001504
989001504
1186001504
160001533
273001533
370001533
479001533
574001533
683001533
793001533
881001533
988001533
1186001533
163001561
271001561
371001561
483001561
573001561
680001561
794001561
888001561
986001561
1185001561
164001589
275001589
369001589
489001589
574001589
689001589
793001589
884001589
987001589
1185001589
164001618
275001618
369001618
480001618
570001618
674001618
793001618
889001618
987001618
1185001618
160001646
272001646
371001646
479001646
570001646
680001646
793001646
884001646
986001646
1188001646
166001674
274001674
369001674
482001674
570001674
678001674
792001674
881001674
985001674
1191001674
160001703
270001703
369001703
480001703
570001703
680001703
794001703
888001703
988001703
1184001703
160001731
280001731
370001731
480001731
569001731
675001731
794001731
891001731
991001731
1186001731
161001759
280001759
369001759
480001759
571001759
674001759
794001759
891001759
989001759
1181001759
159001788
272001788
371001788
478001788
571001788
675001788
794001788
886001788
986001788
1182001788
1294001788
158001816
276001816
369001816
482001816
570001816
683001816
792001816
891001816
991001816
1186001816
1293001816
158001844
274001844
371001844
483001844
572001844
678001844
794001844
889001844
994001844
1186001844
158001873
277001873
370001873
482001873
572001873
681001873
793001873
890001873
992001873
1181001873
1294001873
160001901
273001901
370001901
480001901
570001901
675001901
793001901
886001901
988001901
1179001901
1293001901
161001929
272001929
370001929
482001929
572001929
685001929
792001929
889001929
985001929
1184001929
1294001929
1392001929
166001958
268001958
370001958
475001958
573001958
675001958
794001958
890001958
984001958
1181001958
1394001958
164001986
272001986
371001986
481001986
570001986
680001986
788001986
891001986
992001986
1190001986
1393001986
164002014
278002014
372002014
474002014
572002014
680002014
248
792002014
891002014
990002014
1293002014
1388002014
160002043
278002043
371002043
488002043
571002043
685002043
793002043
882002043
983002043
1394002043
160002071
276002071
374002071
478002071
569002071
680002071
792002071
894002071
983002071
1290002071
160002099
273002099
374002099
476002099
571002099
687002099
792002099
891002099
989002099
160002127
270002127
373002127
484002127
571002127
688002127
793002127
885002127
990002127
1183002127
1292002127
160002156
268002156
374002156
478002156
572002156
694002156
792002156
894002156
989002156
1181002156
1288002156
160002184
272002184
373002184
481002184
570002184
694002184
792002184
894002184
989002184
1182002184
1294002184
1394002184
160002212
272002212
390002212
480002212
571002212
694002212
791002212
890002212
990002212
1394002212
160002241
272002241
393002241
481002241
573002241
694002241
790002241
894002241
1291002241
160002269
275002269
390002269
484002269
572002269
694002269
792002269
889002269
988002269
1193002269
1293002269
166002297
273002297
383002297
480002297
571002297
679002297
791002297
893002297
1189002297
1293002297
163002326
269002326
381002326
483002326
571002326
692002326
793002326
887002326
1188002326
1294002326
166002354
278002354
393002354
485002354
571002354
679002354
793002354
889002354
993002354
1186002354
1290002354
162002382
272002382
386002382
483002382
573002382
691002382
791002382
887002382
992002382
1180002382
1293002382
166002410
273002410
393002410
481002410
579002410
685002410
786002410
893002410
992002410
1185002410
1293002410
166002439
277002439
392002439
480002439
577002439
688002439
785002439
892002439
992002439
1190002439
163002467
274002467
392002467
481002467
574002467
687002467
786002467
892002467
992002467
1186002467
1294002467
160002495
275002495
392002495
481002495
569002495
692002495
787002495
892002495
989002495
1185002495
1294002495
166002524
282002524
380002524
476002524
570002524
689002524
790002524
892002524
990002524
1189002524
166002552
294002552
379002552
477002552
574002552
689002552
783002552
892002552
991002552
1187002552
161002580
294002580
393002580
481002580
574002580
688002580
785002580
893002580
994002580
1192002580
1294002580
166002609
391002609
476002609
578002609
693002609
785002609
890002609
992002609
1191002609
1294002609
161002637
374002637
478002637
571002637
686002637
785002637
890002637
1187002637
1293002637
166002665
390002665
474002665
569002665
692002665
783002665
894002665
247
1190002665
163002694
375002694
480002694
570002694
693002694
787002694
889002694
1185002694
1294002694
166002722
287002722
381002722
475002722
576002722
692002722
782002722
889002722
994002722
1190002722
1294002722
165002750
277002750
384002750
479002750
685002750
786002750
893002750
975002750
1189002750
1294002750
167002779
293002779
392002779
474002779
691002779
790002779
893002779
1186002779
1292002779
164002807
478002807
685002807
794002807
893002807
162002835
389002835
478002835
683002835
785002835
893002835
1189002835
162002863
386002863
474002863
592002863
683002863
785002863
893002863
1193002863
1393002863
161002892
385002892
475002892
588002892
688002892
786002892
893002892
1191002892
165002920
294002920
394002920
474002920
590002920
684002920
786002920
894002920
1191002920
165002948
292002948
389002948
474002948
593002948
688002948
789002948
893002948
992002948
1182002948
1393002948
165002977
292002977
394002977
474002977
686002977
786002977
891002977
1394002977
163003005
394003005
478003005
593003005
687003005
784003005
891003005
1394003005
165003033
394003033
478003033
688003033
788003033
892003033
162003061
475003061
590003061
683003061
788003061
893003061
1194003061
165003090
394003090
475003090
590003090
687003090
788003090
893003090
993003090
1192003090
163003118
474003118
592003118
692003118
791003118
993003118
1194003118
1394003118
162003146
393003146
478003146
592003146
684003146
782003146
994003146
1185003146
160003174
394003174
475003174
594003174
683003174
786003174
1174003174
162003203
474003203
592003203
683003203
784003203
1194003203
162003231
390003231
474003231
594003231
686003231
788003231
163003259
294003259
388003259
473003259
593003259
680003259
785003259
1194003259
163003287
385003287
474003287
593003287
684003287
790003287
994003287
1194003287
1394003287
166003316
393003316
475003316
590003316
683003316
783003316
985003316
1194003316
161003344
393003344
475003344
590003344
686003344
783003344
979003344
166003372
393003372
492003372
592003372
685003372
790003372
984003372
166003400
294003400
394003400
484003400
579003400
682003400
786003400
981003400
1393003400
162003429
392003429
494003429
591003429
683003429
789003429
990003429
1194003429
1392003429
164003457
392003457
470003457
590003457
687003457
793003457
981003457
163003485
389003485
590003485
681003485
792003485
990003485
1193003485
194003513
593003513
693003513
793003513
394003542
594003542
694003542
246
593003570
694003570
194003795
394003795
594003795
694003795
794003795
1394003795
394003823
494003823
594003823
1194003823
1394003880
194003936
593003936
194003993
493003993
994003993
1394003993
394004021
594004021
394004049
594004049
694004049
1394004049
684004077
1394004133
194004190
492004190
694004190
1193004190
494004218
1192004218
194004246
293004246
394004246
494004246
693004246
193004274
394004274
694004274
194004302
394004302
693004302
1194004302
1394004302
291004331
494004331
594004331
1294004331
191004359
394004359
694004359
794004359
1394004359
294004387
394004387
686004387
781004387
194004500
294004500
693004500
482004528
566004528
790004528
492004556
580004556
494004584
594004584
493004613
593004613
1294004613
494004641
594004641
494004669
593004669
493004697
593004697
494004725
494004753
294004782
494004782
688004782
1284004782
494004810
686004810
1293004810
494004838
693004838
294004866
494004866
1394004923
286004951
1194004951
1393004951
287004979
694004979
1392004979
281005007
493005007
692005007
1394005007
292005035
694005035
794005035
1194005035
194005064
292005064
394005064
494005064
694005064
794005064
1394005064
390005092
594005092
794005092
294005120
394005120
491005120
593005120
694005120
790005120
1194005120
294005148
393005148
494005148
593005148
692005148
794005148
194005176
388005176
494005176
594005176
694005176
1193005176
1294005176
1391005176
394005204
1292005204
192005232
294005232
394005232
594005232
1185005232
193005261
392005261
593005261
1194005261
1393005261
294005289
394005289
692005289
679005317
394005345
694005345
192005373
394005373
694005373
1194005373
1394005373
194005402
392005402
194005430
393005430
694005430
194005458
394005458
694005458
1394005458
394005486
691005486
194005514
594005514
674005514
790005514
194005543
394005543
594005543
693005543
194005571
394005571
794005571
194005599
393005599
594005599
694005599
794005599
794005627
194005655
394005655
694005655
792005655
1194005655
194005683
594005683
694005683
787005683
194005712
593005712
694005712
783005712
494005740
594005740
790005740
494005768
590005768
694005768
793005768
494005796
590005796
694005796
193005824
387005824
594005824
793005824
1193005824
193005853
393005853
594005853
794005853
1194005853
194005881
393005881
594005881
193005909
394005909
794005909
193005937
393005937
794005937
194005965
394005965
694005965
193005994
384005994
594005994
694005994
794005994
193006022
392006022
245
494006022
194006050
393006050
594006050
1194006050
193006078
389006078
593006078
694006078
794006078
1394006078
194006106
393006106
490006106
594006106
1194006106
1394006106
194006135
394006135
394006163
694006163
193006191
394006191
1194006191
193006219
393006219
1194006219
394006247
388006275
694006275
794006275
1394006275
194006304
389006304
494006304
1194006304
194006332
394006332
794006332
1194006332
194006360
394006360
1194006360
193006388
394006388
1194006388
192006416
394006416
694006416
193006445
394006445
1194006445
194006473
593006473
794006473
1194006473
1394006473
392006501
594006501
694006501
794006501
1194006501
494006529
594006529
694006529
794006529
190006557
394006557
594006557
694006557
794006557
1188006557
193006585
1192006585
194006614
394006614
694006614
794006614
1191006614
1393006614
189006642
393006642
494006642
594006642
793006642
1194006642
394006670
194006698
394006698
194006726
394006726
194006755
193006783
193006811
394006811
193006839
394006839
194006867
193006895
194006924
184006952
693006952
794006952
1194006952
1393006952
494006980
493007008
694007008
790007008
494007205
1294007262
394007318
588007318
692007318
1191007318
494007346
593007346
1293007346
494007374
476007459
394007487
691007487
1194007487
694007515
1187007515
493007544
194007600
794007600
1181007600
393007628
1193007628
393007656
491007656
684007656
394007684
481007684
684007684
494007713
693007713
392007741
494007741
394007769
594007769
1194007769
394007797
594007797
1194007797
381007825
585007825
1185007825
394007854
593007854
394007882
1184007882
382007910
592007910
394007938
594007995
593008023
1394008023
394008051
594008051
394008079
594008079
593008107
1194008107
1288008107
1192008135
386008164
585008164
1193008164
1194008192
693008220
594008248
694008248
794008417
1194008417
194008445
394008445
594008445
694008445
789008445
1187008445
1294008502
794008614
1194008699
194008924
393008924
494008924
592008924
693008924
794008924
1194008924
1394008924
1294008981
1294009009
594009065
1294009065
194009093
391009093
594009093
694009093
794009093
1194009093
1394009093
168009122
373009122
494009122
580009122
690009122
789009122
1191009122
165009150
378009150
493009150
579009150
691009150
789009150
1188009150
165009178
375009178
493009178
571009178
688009178
793009178
1192009178
168009207
377009207
491009207
567009207
691009207
790009207
1192009207
168009235
372009235
494009235
572009235
693009235
791009235
1189009235
244
1394009235
168009263
376009263
493009263
578009263
690009263
789009263
1188009263
166009292
375009292
493009292
575009292
689009292
787009292
1189009292
1393009292
168009320
377009320
493009320
578009320
689009320
791009320
1186009320
167009348
376009348
492009348
576009348
688009348
787009348
1190009348
169009376
371009376
493009376
569009376
688009376
789009376
1186009376
167009405
377009405
493009405
571009405
688009405
788009405
1186009405
168009433
374009433
493009433
568009433
689009433
789009433
1187009433
169009461
374009461
493009461
571009461
689009461
786009461
1191009461
167009490
373009490
493009490
576009490
688009490
786009490
1191009490
168009518
371009518
493009518
573009518
688009518
786009518
1188009518
169009546
374009546
493009546
573009546
689009546
787009546
1192009546
166009574
376009574
493009574
573009574
688009574
787009574
1192009574
167009603
379009603
493009603
576009603
688009603
787009603
1186009603
168009631
374009631
493009631
578009631
688009631
791009631
1190009631
169009659
374009659
493009659
569009659
688009659
786009659
1191009659
168009688
378009688
493009688
573009688
688009688
787009688
1186009688
169009716
374009716
493009716
568009716
688009716
786009716
1191009716
168009744
371009744
493009744
570009744
689009744
788009744
1192009744
165009773
377009773
493009773
571009773
688009773
792009773
1191009773
168009801
374009801
493009801
577009801
688009801
788009801
1189009801
166009829
374009829
493009829
573009829
688009829
786009829
1189009829
165009857
373009857
493009857
571009857
688009857
787009857
1187009857
168009886
375009886
493009886
567009886
688009886
790009886
1189009886
168009914
374009914
493009914
579009914
688009914
788009914
1187009914
167009942
374009942
493009942
579009942
688009942
788009942
1187009942
168009970
379009970
493009970
571009970
688009970
786009970
1189009970
168009999
374009999
493009999
575009999
689009999
789009999
1189009999
167010027
374010027
493010027
573010027
688010027
786010027
1191010027
167010055
372010055
493010055
573010055
688010055
787010055
1190010055
168010084
379010084
493010084
568010084
689010084
785010084
1187010084
168010112
373010112
493010112
567010112
690010112
792010112
1187010112
168010140
375010140
493010140
573010140
688010140
791010140
1187010140
169010168
374010168
493010168
573010168
688010168
786010168
1190010168
166010197
374010197
493010197
575010197
688010197
786010197
1189010197
243
478058027
573058027
662058027
870058027
1169058027
375058055
486058055
570058055
665058055
871058055
1169058055
175058084
383058084
475058084
570058084
663058084
870058084
1169058084
1288058084
173058112
377058112
477058112
571058112
661058112
874058112
1171058112
1292058112
1392058112
180058140
377058140
483058140
573058140
659058140
868058140
1168058140
1288058140
1393058140
185058168
370058168
488058168
576058168
665058168
875058168
1181058168
1293058168
1394058168
194058197
372058197
578058197
662058197
874058197
1184058197
1294058197
1393058197
384058225
493058225
593058225
688058225
888058225
1190058225
1293058225
1391058225
392058253
494058253
691058253
892058253
1185058253
1291058253
1393058281
494058338
594058366
1394058394
1394058451
494058479
680058479
792058479
1192058479
1392058479
494058507
594058507
681058507
793058507
894058507
1393058507
494058535
673058535
794058535
894058535
1393058535
491058563
593058563
693058563
894058563
1293058563
394058592
494058592
591058592
694058592
894058592
494058620
693058620
894058620
494058648
693058648
894058648
694058676
394058704
694058704
1294058704
394058732
694058732
1290058732
487058761
582058761
1292058761
192058789
593058789
1277058789
194058817
394058817
494058817
592058817
692058817
894058817
1393058817
493058845
592058845
1291058845
394058873
576058873
394058902
582058902
1284058902
394058930
682058986
1294058986
394059014
394059043
1294059043
394059071
394059099
1294059127
1294059183
394059212
794059212
794059240
893059240
1294059240
394059268
889059268
1294059296
594059324
693059324
593059353
682059353
193059381
594059381
1190059381
1290059381
1392059381
192059409
694059409
887059409
1194059409
1286059409
1380059409
190059437
587059437
694059437
878059437
1194059437
1293059437
1389059437
583059466
882059466
591059494
881059494
589059522
881059522
193059550
593059550
877059550
179059578
594059578
683059578
892059578
194059607
591059607
694059607
889059607
1391059607
594059635
694059635
894059635
1394059635
588059663
694059663
1393059663
494059691
590059691
694059691
884059691
194059719
587059719
894059719
1394059719
572059748
694059748
885059748
1392059748
194059776
590059776
894059776
1393059776
194059804
587059804
694059804
887059804
1393059804
580059832
694059832
890059832
493059861
570059861
694059861
893059861
1391059861
590059889
694059889
885059889
1394059889
192059917
585059917
694059917
794059917
894059917
192059945
574059945
694059945
885059945