250
77000682
80000710
248000710
364000710
470000710
574000710
676000710
785000710
857000710
951000710
1050000710
1160000710
1276000710
1371000710
80000739
277000739
380000739
479000739
582000739
685000739
782000739
879000739
982000739
1086000739
1181000739
1286000739
1382000739
60000767
275000767
367000767
466000767
560000767
664000767
762000767
863000767
970000767
1064000767
1170000767
1263000767
1365000767
65000795
277000795
366000795
464000795
554000795
662000795
764000795
866000795
970000795
1064000795
1169000795
1263000795
1363000795
62000824
278000824
372000824
462000824
555000824
667000824
767000824
862000824
973000824
1067000824
1169000824
1262000824
1357000824
62000852
272000852
370000852
470000852
560000852
667000852
768000852
863000852
972000852
1065000852
1169000852
1263000852
1363000852
63000881
274000881
368000881
471000881
569000881
679000881
764000881
867000881
971000881
1064000881
1165000881
1266000881
1366000881
66000909
275000909
369000909
468000909
571000909
686000909
793000909
864000909
971000909
1063000909
1168000909
1263000909
1366000909
64000937
273000937
371000937
469000937
571000937
688000937
797000937
881000937
972000937
1065000937
1169000937
1263000937
1362000937
59000966
280000966
372000966
470000966
569000966
691000966
792000966
877000966
988000966
1064000966
1169000966
1262000966
1366000966
59000994
281000994
369000994
469000994
571000994
682000994
792000994
880000994
993000994
1087000994
1166000994
1264000994
1365000994
63001022
275001022
370001022
472001022
570001022
690001022
793001022
884001022
992001022
1171001022
1261001022
1359001022
58001051
280001051
372001051
468001051
571001051
687001051
794001051
879001051
990001051
1187001051
1264001051
1361001051
58001079
275001079
369001079
471001079
569001079
687001079
793001079
881001079
991001079
1187001079
63001107
277001107
374001107
471001107
571001107
689001107
793001107
881001107
991001107
1186001107
60001136
272001136
372001136
470001136
570001136
684001136
790001136
880001136
990001136
1187001136
59001164
279001164
372001164
469001164
571001164
693001164
790001164
876001164
991001164
1191001164
67001192
277001192
371001192
469001192
573001192
685001192
793001192
883001192
990001192
1188001192
59001221
275001221
376001221
468001221
569001221
689001221
793001221
877001221
994001221
1195001221
64001249
277001249
370001249
469001249
570001249
686001249
794001249
883001249
992001249
1191001249
59001277
280001277
249
369001277
472001277
571001277
688001277
797001277
881001277
988001277
1189001277
60001306
272001306
368001306
472001306
570001306
684001306
793001306
883001306
990001306
1189001306
66001334
282001334
473001334
569001334
683001334
789001334
880001334
989001334
1188001334
65001362
278001362
469001362
571001362
686001362
795001362
879001362
987001362
1182001362
59001391
277001391
368001391
467001391
572001391
679001391
797001391
878001391
989001391
1184001391
60001419
277001419
369001419
470001419
570001419
684001419
797001419
883001419
991001419
1189001419
64001447
277001447
367001447
470001447
572001447
684001447
797001447
882001447
990001447
1188001447
58001476
275001476
367001476
475001476
571001476
687001476
797001476
880001476
991001476
1183001476
65001504
275001504
368001504
474001504
573001504
681001504
797001504
883001504
989001504
1186001504
62001532
274001532
368001532
473001532
571001532
687001532
797001532
885001532
988001532
1186001532
67001561
275001561
367001561
474001561
572001561
683001561
796001561
878001561
989001561
1186001561
67001589
278001589
368001589
469001589
571001589
689001589
796001589
877001589
988001589
1184001589
62001617
282001617
367001617
469001617
569001617
682001617
782001617
879001617
989001617
1186001617
60001646
279001646
367001646
472001646
567001646
687001646
791001646
880001646
991001646
1186001646
66001674
279001674
368001674
473001674
569001674
684001674
788001674
877001674
990001674
1188001674
60001702
276001702
367001702
469001702
570001702
686001702
794001702
884001702
990001702
1189001702
1296001702
58001731
277001731
368001731
467001731
570001731
686001731
789001731
882001731
997001731
1186001731
63001759
276001759
370001759
470001759
571001759
684001759
789001759
883001759
997001759
1185001759
61001787
280001787
371001787
471001787
568001787
687001787
788001787
882001787
996001787
1188001787
1297001787
64001815
280001815
372001815
469001815
571001815
684001815
795001815
877001815
994001815
1185001815
64001844
278001844
373001844
470001844
571001844
682001844
794001844
883001844
993001844
1182001844
1397001844
61001872
276001872
371001872
473001872
571001872
696001872
789001872
878001872
996001872
1194001872
1397001872
62001900
273001900
370001900
474001900
573001900
690001900
796001900
883001900
997001900
1191001900
1397001900
61001929
279001929
371001929
472001929
573001929
696001929
789001929
883001929
995001929
248
1192001929
1397001929
59001957
275001957
370001957
472001957
572001957
693001957
795001957
880001957
995001957
1196001957
1297001957
1397001957
62001985
286001985
368001985
474001985
574001985
694001985
796001985
882001985
989001985
1194001985
1397001985
62002014
282002014
372002014
471002014
575002014
694002014
795002014
882002014
990002014
1194002014
1296002014
65002042
280002042
370002042
472002042
575002042
690002042
795002042
883002042
989002042
1192002042
1297002042
1397002042
64002070
282002070
369002070
470002070
574002070
691002070
795002070
885002070
990002070
1192002070
1296002070
63002099
276002099
382002099
469002099
574002099
691002099
792002099
883002099
989002099
1193002099
1297002099
61002127
282002127
386002127
470002127
573002127
695002127
792002127
880002127
988002127
1193002127
1297002127
63002155
288002155
388002155
471002155
573002155
693002155
793002155
882002155
988002155
1193002155
1297002155
64002183
286002183
386002183
469002183
574002183
692002183
793002183
886002183
990002183
1194002183
1297002183
65002212
276002212
383002212
471002212
575002212
694002212
791002212
881002212
991002212
1194002212
1293002212
59002240
282002240
389002240
469002240
574002240
696002240
795002240
880002240
990002240
1190002240
59002268
280002268
390002268
469002268
574002268
692002268
792002268
883002268
993002268
1192002268
1296002268
65002297
280002297
388002297
470002297
571002297
691002297
792002297
882002297
991002297
1193002297
65002325
273002325
386002325
470002325
570002325
694002325
793002325
879002325
991002325
1193002325
1296002325
58002353
278002353
390002353
469002353
569002353
696002353
794002353
879002353
993002353
1192002353
64002382
278002382
386002382
470002382
569002382
696002382
793002382
879002382
993002382
1193002382
58002410
280002410
382002410
470002410
572002410
688002410
792002410
882002410
991002410
1189002410
1297002410
58002438
285002438
383002438
469002438
569002438
690002438
788002438
884002438
991002438
1188002438
65002466
390002466
469002466
571002466
690002466
791002466
882002466
992002466
1190002466
1297002466
61002495
295002495
392002495
470002495
568002495
689002495
792002495
883002495
983002495
1189002495
1297002495
1397002495
65002523
386002523
470002523
570002523
689002523
793002523
884002523
997002523
1195002523
1297002523
61002551
393002551
470002551
571002551
696002551
794002551
883002551
1197002551
61002580
381002580
471002580
247
569002580
686002580
794002580
879002580
1193002580
1296002580
61002608
388002608
473002608
571002608
688002608
792002608
885002608
1193002608
61002636
287002636
385002636
472002636
588002636
689002636
793002636
883002636
982002636
1189002636
1297002636
58002665
282002665
392002665
471002665
588002665
689002665
787002665
883002665
994002665
1190002665
1296002665
65002693
393002693
472002693
593002693
690002693
791002693
882002693
1187002693
1292002693
63002721
397002721
469002721
596002721
686002721
792002721
877002721
1190002721
60002750
397002750
471002750
592002750
687002750
791002750
880002750
1191002750
58002778
385002778
472002778
586002778
692002778
795002778
879002778
992002778
1188002778
58002806
382002806
472002806
582002806
691002806
793002806
885002806
1182002806
61002834
297002834
386002834
473002834
585002834
686002834
791002834
877002834
1187002834
1397002834
61002863
396002863
471002863
592002863
687002863
795002863
884002863
1183002863
1397002863
60002891
397002891
472002891
596002891
686002891
793002891
886002891
1397002891
63002919
474002919
597002919
691002919
796002919
879002919
1397002919
65002947
395002947
473002947
590002947
685002947
795002947
879002947
61002976
394002976
472002976
590002976
687002976
795002976
882002976
1196002976
61003004
473003004
595003004
687003004
791003004
882003004
1193003004
1397003004
62003032
390003032
475003032
594003032
687003032
797003032
1189003032
59003060
396003060
471003060
591003060
684003060
796003060
1186003060
60003089
397003089
469003089
595003089
683003089
797003089
1196003089
65003117
394003117
471003117
596003117
685003117
797003117
1197003117
59003145
297003145
469003145
597003145
686003145
796003145
1397003145
64003173
394003173
473003173
594003173
684003173
796003173
997003173
1197003173
65003202
297003202
472003202
597003202
685003202
796003202
981003202
63003230
473003230
593003230
685003230
796003230
984003230
1197003230
63003258
297003258
394003258
474003258
594003258
691003258
796003258
974003258
64003286
386003286
488003286
591003286
683003286
797003286
989003286
1397003286
64003315
395003315
490003315
594003315
690003315
789003315
990003315
1197003315
65003343
391003343
480003343
585003343
689003343
789003343
978003343
1396003343
63003371
391003371
497003371
593003371
689003371
785003371
989003371
1197003371
94003399
391003399
589003399
687003399
787003399
996003399
1196003399
97003428
246
588003428
689003428
783003428
994003428
393003456
497003456
584003456
686003456
783003456
997003456
97003484
590003484
688003484
787003484
988003484
1197003484
1297003484
1397003484
582003512
685003512
787003512
978003512
1397003512
579003541
685003541
786003541
997003541
397003569
497003569
585003569
688003569
787003569
996003569
390003597
497003597
585003597
680003597
787003597
985003597
397003625
497003625
593003625
688003625
786003625
974003625
1297003625
397003654
497003654
596003654
689003654
788003654
984003654
85003682
397003682
497003682
596003682
687003682
787003682
980003682
97003710
397003710
497003710
597003710
687003710
788003710
980003710
397003738
497003738
595003738
678003738
788003738
984003738
497003767
589003767
684003767
787003767
994003767
1297003767
583003795
682003795
795003795
980003795
1297003795
97003823
297003823
495003823
580003823
696003823
797003823
976003823
97003851
497003851
593003851
695003851
797003851
984003851
1297003851
97003879
582003879
691003879
797003879
981003879
1296003879
97003908
397003908
592003908
695003908
797003908
97003936
397003936
591003936
696003936
797003936
97003964
397003964
597003964
697003964
797003964
996003964
395003992
797003992
1197003992
397004020
697004020
796004020
1196004020
397004049
797004049
297004077
393004077
797004077
1196004077
97004105
397004105
697004105
797004105
1192004105
95004133
297004133
396004133
697004133
796004133
1189004133
93004161
397004161
497004161
697004161
797004161
1297004161
93004189
697004189
797004189
1195004189
396004218
697004218
794004218
397004246
697004246
792004246
697004274
797004274
1197004274
396004302
697004302
1196004302
396004330
1197004330
697004359
1197004359
97004387
697004387
396004415
697004415
697004443
1197004443
297004471
396004471
396004500
1197004500
397004528
697004528
796004528
1197004528
697004556
797004556
1197004556
797004584
1197004584
396004612
595004612
697004612
796004612
1197004612
1296004612
297004640
693004640
1197004640
1197004669
397004697
1197004697
395004725
797004725
1196004725
297004753
388004753
591004753
1197004753
1297004753
697004781
1189004781
397004810
696004810
397004838
597004838
1297004838
397004866
797004866
1197004866
1197004894
395004922
597004922
693004922
1197004922
294004950
396004950
592004950
697004950
1186004950
292004979
689004979
1193004979
497005007
686005007
1189005007
1297005007
397005035
597005035
1187005035
97005063
397005063
245
693005063
1190005063
397005092
1195005092
1297005092
97005120
596005120
1192005120
1295005120
88005148
394005148
597005148
1185005148
97005176
394005176
497005176
697005176
1186005176
1397005176
297005204
397005204
697005204
1194005204
1294005204
1397005204
295005233
396005233
1186005233
1297005233
1397005233
397005261
696005261
1196005261
1297005261
93005289
397005289
697005289
797005289
1197005289
1397005289
97005317
397005317
597005317
1195005317
97005345
292005345
397005345
697005345
1194005345
1397005345
83005373
297005373
1197005373
1397005373
94005402
296005402
397005402
697005402
1196005402
396005430
697005430
797005430
1197005430
97005458
396005458
1195005458
96005486
397005486
597005486
1197005486
97005514
397005514
597005514
694005514
1194005514
97005543
397005543
597005543
695005543
1193005543
595005571
696005571
1194005571
94005599
597005599
697005599
1193005599
97005627
397005627
597005627
697005627
1196005627
97005655
397005655
597005655
1197005655
1397005655
397005684
597005684
696005684
1191005684
397005712
597005712
693005712
797005712
1196005712
97005740
397005740
696005740
796005740
1194005740
93005768
396005768
696005768
92005796
397005796
693005796
790005796
97005825
597005825
690005825
795005825
97005853
396005853
696005853
797005853
95005881
397005881
691005881
97005909
397005909
597005909
695005909
97005937
397005937
597005937
692005937
1196005937
96005966
597005966
695005966
1195005966
97005994
397005994
696005994
1197005994
1397005994
97006022
397006022
694006022
1397006022
397006050
691006050
1197006050
97006078
397006078
694006078
1195006078
95006106
397006106
597006106
693006106
1197006106
96006135
397006135
693006135
1191006135
1297006135
1397006135
97006163
397006163
689006163
1195006163
396006191
697006191
697006219
1189006219
1297006219
97006247
395006247
697006247
1196006247
97006276
396006276
697006276
1194006276
96006304
383006304
697006304
1196006304
1287006304
94006332
396006332
597006332
697006332
797006332
1193006332
1297006332
96006360
797006360
1195006360
97006388
395006388
597006388
797006388
1195006388
1297006388
97006417
396006417
692006417
1192006417
394006445
691006445
797006445
1181006445
1297006445
96006473
391006473
694006473
1196006473
1397006473
693006501
1197006501
96006529
393006529
691006529
1197006529
96006558
397006558
693006558
1197006558
397006586
597006586
797006586
1197006586
95006614
394006614
1196006614
95006642
395006642
244
697006642
95006670
396006670
797006670
97006699
394006699
797006699
92006727
394006727
597006727
697006727
797006727
92006755
395006755
690006755
797006755
96006783
693006783
97006811
397006811
597006811
692006811
97006840
692006840
1397006840
97006868
691006868
692006896
1397006896
692006924
697006953
1297006953
495006981
697006981
397007009
597007009
697007009
396007037
492007037
696007037
379007065
591007065
695007065
1297007065
396007093
595007093
394007122
597007122
394007150
595007150
397007178
597007178
397007206
597007206
694007206
1197007206
397007234
1195007234
594007291
691007291
397007319
597007319
696007319
797007319
594007347
97007375
595007375
697007375
795007375
1297007375
395007403
596007403
696007403
97007432
395007432
97007460
596007460
1197007460
397007488
97007516
396007516
497007516
596007516
1296007516
597007544
496007573
397007629
396007657
1194007657
390007685
496007685
597007685
497007742
1397007742
497007770
593007770
497007798
493007826
494007854
797007854
496007883
497007911
1297007911
1397007911
495007939
1197007939
480007967
1297007967
497007995
797007995
393008023
493008023
796008023
1197008023
493008052
797008052
496008080
597008080
397008108
490008108
596008108
797008108
1195008108
1297008108
391008136
496008136
582008136
697008136
796008136
97008164
395008164
594008164
696008164
368008193
497008193
568008193
367008221
579008221
697008221
797008221
1197008221
369008249
571008249
694008249
795008249
366008277
570008277
682008277
1197008277
367008306
570008306
690008306
797008306
97008334
368008334
497008334
569008334
685008334
1196008334
371008362
497008362
570008362
680008362
795008362
1397008362
367008390
569008390
681008390
371008418
497008418
569008418
690008418
1197008418
373008447
487008447
569008447
683008447
797008447
1397008447
369008475
497008475
571008475
688008475
797008475
1196008475
373008503
491008503
569008503
686008503
791008503
370008531
484008531
569008531
694008531
794008531
1195008531
369008560
483008560
571008560
694008560
785008560
1196008560
366008588
483008588
569008588
693008588
786008588
371008616
482008616
571008616
694008616
787008616
1197008616
369008644
482008644
572008644
693008644
789008644
365008673
481008673
570008673
693008673
789008673
367008701
481008701
570008701
693008701
788008701
1196008701
370008729
483008729
570008729
693008729
790008729
1180008729
369008758
483008758
573008758
694008758
789008758
243
1197008758
1297008758
367008786
486008786
569008786
693008786
790008786
1197008786
1296008786
367008814
485008814
570008814
690008814
787008814
1197008814
1297008814
364008842
486008842
569008842
692008842
789008842
1197008842
366008871
483008871
569008871
692008871
790008871
1197008871
371008899
485008899
570008899
693008899
789008899
1197008899
367008927
483008927
570008927
695008927
788008927
1197008927
365008955
483008955
570008955
695008955
791008955
1197008955
370008984
483008984
571008984
694008984
789008984
1197008984
1297008984
66009012
368009012
483009012
570009012
688009012
787009012
1195009012
63009040
367009040
479009040
570009040
689009040
788009040
1195009040
64009069
366009069
480009069
569009069
690009069
790009069
1194009069
67009097
369009097
483009097
572009097
687009097
787009097
1197009097
1297009097
63009125
372009125
482009125
571009125
691009125
790009125
1197009125
1397009125
66009153
372009153
480009153
571009153
691009153
783009153
1196009153
66009182
371009182
479009182
569009182
687009182
787009182
1197009182
1397009182
63009210
372009210
484009210
569009210
688009210
787009210
1195009210
63009238
366009238
485009238
571009238
689009238
788009238
1195009238
1397009238
64009267
368009267
483009267
570009267
688009267
784009267
1197009267
63009295
367009295
485009295
569009295
689009295
788009295
1196009295
68009323
368009323
487009323
569009323
688009323
788009323
1197009323
64009351
369009351
482009351
572009351
688009351
787009351
1196009351
63009380
365009380
481009380
570009380
688009380
783009380
1196009380
68009408
367009408
485009408
569009408
688009408
787009408
1196009408
66009436
367009436
481009436
572009436
688009436
786009436
1197009436
63009464
368009464
482009464
571009464
689009464
787009464
1196009464
67009493
368009493
480009493
569009493
689009493
787009493
1196009493
64009521
372009521
487009521
569009521
688009521
784009521
1197009521
63009549
368009549
480009549
569009549
686009549
783009549
1196009549
65009578
373009578
481009578
569009578
690009578
788009578
1196009578
63009606
367009606
482009606
569009606
688009606
787009606
1196009606
66009634
365009634
481009634
569009634
688009634
787009634
1196009634
63009662
365009662
481009662
569009662
690009662
788009662
1196009662
63009691
371009691
486009691
569009691
685009691
788009691
1196009691
67009719
368009719
487009719
569009719
689009719
785009719
1196009719
68009747
242
371009747
484009747
569009747
689009747
783009747
1196009747
66009776
368009776
484009776
569009776
688009776
787009776
1197009776
66009804
365009804
479009804
569009804
688009804
788009804
1197009804
63009832
368009832
481009832
569009832
688009832
785009832
1196009832
68009860
371009860
485009860
569009860
690009860
788009860
1197009860
67009889
368009889
479009889
569009889
688009889
788009889
1196009889
68009917
372009917
479009917
569009917
689009917
786009917
1197009917
67009945
365009945
485009945
569009945
691009945
787009945
1197009945
63009973
365009973
479009973
569009973
685009973
787009973
1197009973
64010002
371010002
486010002
569010002
688010002
788010002
1197010002
64010030
371010030
481010030
569010030
690010030
783010030
1197010030
67010058
365010058
482010058
569010058
690010058
786010058
1197010058
64010086
365010086
487010086
690010086
788010086
1197010086
67010115
373010115
486010115
691010115
789010115
1196010115
63010143
365010143
486010143
690010143
788010143
1197010143
64010171
365010171
481010171
571010171
688010171
787010171
1197010171
65010199
367010199
480010199
570010199
687010199
787010199
1197010199
67010228
368010228
479010228
569010228
688010228
787010228
1196010228
64010256
371010256
479010256
571010256
689010256
787010256
1197010256
66010284
368010284
481010284
569010284
690010284
786010284
1196010284
63010312
367010312
487010312
569010312
686010312
784010312
1196010312
64010340
370010340
486010340
572010340
689010340
785010340
1196010340
64010369
365010369
480010369
572010369
690010369
787010369
1197010369
66010397
366010397
482010397
572010397
688010397
787010397
1197010397
67010425
369010425
486010425
571010425
689010425
785010425
1197010425
66010453
365010453
481010453
572010453
686010453
784010453
1196010453
66010482
367010482
487010482
569010482
688010482
783010482
1196010482
63010510
366010510
480010510
570010510
688010510
787010510
1196010510
65010538
367010538
487010538
572010538
689010538
785010538
1196010538
68010566
371010566
480010566
569010566
688010566
787010566
1196010566
67010595
367010595
481010595
572010595
689010595
783010595
1196010595
64010623
366010623
480010623
570010623
690010623
786010623
1196010623
67010651
367010651
486010651
572010651
685010651
785010651
1196010651
65010679
368010679
481010679
571010679
687010679
785010679
1196010679
63010708
370010708
481010708
569010708
688010708
787010708
241
1170057276
75057305
388057305
488057305
663057305
790057305
887057305
1167057305
75057333
388057333
488057333
663057333
797057333
887057333
1167057333
76057361
388057361
495057361
664057361
790057361
887057361
1165057361
81057389
395057389
488057389
664057389
794057389
887057389
1167057389
75057418
393057418
488057418
663057418
783057418
888057418
1167057418
78057446
388057446
492057446
663057446
784057446
887057446
1167057446
76057474
388057474
495057474
576057474
665057474
787057474
888057474
1167057474
76057503
393057503
489057503
578057503
667057503
790057503
887057503
1169057503
78057531
388057531
490057531
573057531
668057531
785057531
887057531
1169057531
78057559
388057559
491057559
576057559
667057559
784057559
887057559
1167057559
76057587
392057587
490057587
582057587
668057587
787057587
884057587
1167057587
76057616
390057616
489057616
577057616
665057616
783057616
887057616
1167057616
79057644
393057644
490057644
573057644
664057644
788057644
888057644
1166057644
77057672
393057672
490057672
576057672
665057672
791057672
884057672
1169057672
79057700
388057700
493057700
581057700
666057700
788057700
887057700
1166057700
76057729
389057729
488057729
574057729
668057729
789057729
887057729
1169057729
76057757
396057757
489057757
576057757
663057757
887057757
1165057757
78057785
388057785
488057785
575057785
668057785
888057785
1169057785
75057813
397057813
497057813
664057813
888057813
1167057813
75057842
395057842
489057842
575057842
665057842
887057842
1165057842
78057870
395057870
497057870
573057870
664057870
888057870
1166057870
395057898
488057898
572057898
665057898
888057898
1165057898
76057926
393057926
488057926
575057926
669057926
884057926
1170057926
395057955
497057955
578057955
668057955
784057955
888057955
1167057955
393057983
488057983
575057983
665057983
887057983
1165057983
394058011
573058011
667058011
783058011
887058011
1165058011
396058039
489058039
571058039
666058039
784058039
886058039
1165058039
1295058039
80058068
391058068
486058068
572058068
664058068
781058068
887058068
1166058068
1286058068
1389058068
74058096
386058096
495058096
575058096
664058096
783058096
883058096
1165058096
1283058096
1392058096
97058124
389058124
497058124
589058124
695058124
797058124
890058124
1195058124
1290058124
1396058124
97058153
395058153
597058153
695058153
797058153
897058153
1197058153
1297058153
1388058153
594058237
1397058265
597058293
692058293
240
1397058293
597058322
897058322
1297058322
394058350
1193058350
1294058350
397058378
596058378
1190058378
1297058378
394058406
595058406
1197058406
1297058406
397058434
595058434
1293058434
397058463
595058463
1295058491
384058519
597058519
97058547
396058547
595058547
1197058547
1296058547
1294058575
97058632
589058632
1297058632
97058660
594058660
1291058660
97058688
397058688
1296058688
397058716
696058716
76058744
397058744
496058744
591058744
1292058744
97058773
396058773
597058773
492058885
597058885
1296058885
484058914
587058914
1297058914
490058942
590058942
1295058942
487058970
592058970
484058998
593058998
1297058998
487059026
578059026
1296059026
487059055
582059055
1297059055
487059083
579059083
1297059083
486059111
584059111
1297059111
488059139
582059139
1297059139
485059168
584059168
1297059168
483059196
584059196
1297059196
578059224
584059252
897059252
894059280
397059309
494059309
597059309
893059309
1295059309
95059337
596059337
1188059337
1294059337
1396059337
79059365
695059365
879059365
1286059365
1383059365
96059393
495059393
595059393
892059393
1195059393
1297059393
1392059393
396059421
497059421
1187059421
1296059421
1389059421
597059450
689059450
696059478
93059506
896059506
1291059506
86059534
697059534
897059534
97059562
597059562
685059562
97059591
596059591
695059591
1395059591
97059619
597059619
687059619
1397059619
597059647
696059647
97059675
597059675
696059675
691059703
97059732
594059732
678059732
897059732
1394059732
96059760
593059760
681059760
897059760
97059788
596059788
685059788
95059816
597059816
681059816
1397059816
597059844
684059844
94059873
593059873
680059873
897059873
1394059873
93059901
597059901
895059901
597059929
678059929
584059957
694059957
897059957
70059985
591059985
696059985
897059985
84060014
589060014
694060014
881060014
1396060014
589060042
694060042
897060042
71060070
597060070
697060070
797060098
75060126
586060126
897060126
81060155
582060155
897060155
78060183
589060183
696060183
897060183
77060211
597060211
696060211
895060211
1397060211
87060239
583060239
696060239
897060239
75060267
588060267
693060267
897060267
1397060267
67060296
584060296
694060296
897060296
84060324
593060324
693060324
897060324
67060352
583060352
896060352
68060380
577060380
697060380
897060380
83060409
579060409
697060409
897060409
75060437
590060437
697060437
71060465
697060465
897060465
69060493
597060493
897060493
1397060493