250
66000157
159000157
252000157
348000157
455000157
559000157
666000157
774000157
862000157
961000157
1049000157
66000185
160000185
247000185
348000185
454000185
561000185
668000185
776000185
861000185
964000185
1048000185
1249000185
1361000185
64000214
164000214
253000214
345000214
455000214
556000214
664000214
773000214
866000214
961000214
1050000214
1250000214
1358000214
62000242
168000242
265000242
347000242
456000242
560000242
667000242
772000242
863000242
962000242
1051000242
1252000242
1355000242
66000270
166000270
277000270
376000270
455000270
554000270
665000270
770000270
861000270
961000270
1049000270
1252000270
1355000270
64000299
166000299
276000299
383000299
479000299
558000299
664000299
772000299
862000299
965000299
1048000299
1251000299
1355000299
62000327
164000327
282000327
377000327
466000327
581000327
664000327
778000327
864000327
961000327
1048000327
1248000327
1356000327
66000355
165000355
276000355
384000355
466000355
577000355
682000355
770000355
865000355
964000355
1054000355
1249000355
1360000355
65000384
166000384
274000384
382000384
467000384
584000384
690000384
791000384
870000384
964000384
1055000384
1250000384
1361000384
63000412
164000412
280000412
382000412
462000412
579000412
683000412
793000412
892000412
963000412
1050000412
1253000412
1361000412
63000440
166000440
274000440
384000440
467000440
583000440
684000440
790000440
892000440
990000440
1051000440
1249000440
1360000440
63000469
166000469
275000469
384000469
466000469
579000469
690000469
792000469
888000469
990000469
1249000469
1359000469
80000497
188000497
276000497
379000497
485000497
582000497
689000497
776000497
866000497
967000497
1292000497
1384000497
77000526
181000526
278000526
385000526
485000526
582000526
675000526
773000526
868000526
967000526
75000554
186000554
275000554
382000554
490000554
582000554
683000554
776000554
868000554
967000554
78000582
188000582
278000582
381000582
490000582
587000582
675000582
777000582
864000582
968000582
81000611
187000611
276000611
382000611
484000611
581000611
678000611
772000611
868000611
968000611
80000639
182000639
279000639
384000639
485000639
583000639
673000639
771000639
864000639
967000639
85000667
188000667
277000667
382000667
487000667
578000667
685000667
771000667
866000667
969000667
85000696
188000696
276000696
383000696
487000696
585000696
676000696
775000696
866000696
967000696
84000724
187000724
277000724
382000724
490000724
249
582000724
673000724
770000724
864000724
968000724
84000752
186000752
275000752
382000752
487000752
580000752
674000752
774000752
866000752
968000752
80000781
182000781
278000781
385000781
485000781
584000781
687000781
775000781
867000781
967000781
81000809
182000809
279000809
382000809
489000809
581000809
683000809
778000809
863000809
967000809
85000837
184000837
279000837
381000837
491000837
581000837
673000837
768000837
867000837
968000837
80000866
183000866
279000866
380000866
489000866
582000866
679000866
768000866
866000866
966000866
78000894
185000894
278000894
383000894
490000894
578000894
678000894
768000894
867000894
967000894
85000922
183000922
279000922
379000922
490000922
584000922
681000922
779000922
865000922
967000922
81000951
184000951
278000951
384000951
489000951
581000951
686000951
768000951
866000951
967000951
79000979
181000979
278000979
385000979
488000979
586000979
688000979
772000979
867000979
966000979
83001007
181001007
278001007
384001007
489001007
576001007
681001007
779001007
866001007
966001007
80001036
182001036
278001036
378001036
487001036
577001036
672001036
772001036
863001036
966001036
80001064
181001064
278001064
385001064
489001064
578001064
683001064
779001064
867001064
966001064
78001092
182001092
280001092
381001092
487001092
582001092
678001092
774001092
866001092
967001092
83001121
183001121
281001121
384001121
487001121
584001121
672001121
779001121
867001121
966001121
82001149
181001149
276001149
384001149
488001149
586001149
685001149
772001149
865001149
964001149
1289001149
84001177
181001177
279001177
384001177
487001177
583001177
681001177
768001177
864001177
965001177
1293001177
82001206
179001206
280001206
386001206
486001206
579001206
683001206
768001206
868001206
965001206
84001234
180001234
279001234
384001234
485001234
579001234
685001234
770001234
864001234
965001234
82001262
178001262
280001262
383001262
491001262
584001262
673001262
779001262
866001262
965001262
1293001262
1390001262
80001291
184001291
276001291
383001291
484001291
588001291
682001291
777001291
868001291
966001291
1293001291
1391001291
78001319
189001319
275001319
386001319
485001319
588001319
673001319
773001319
864001319
965001319
1293001319
1391001319
86001347
188001347
276001347
384001347
490001347
583001347
672001347
777001347
868001347
966001347
1388001347
81001375
188001375
278001375
392001375
492001375
580001375
248
671001375
771001375
863001375
965001375
1293001375
1391001375
193001404
278001404
383001404
490001404
588001404
682001404
771001404
863001404
965001404
1387001404
193001432
278001432
385001432
479001432
579001432
673001432
772001432
868001432
967001432
1293001432
1392001432
191001460
277001460
385001460
493001460
590001460
684001460
772001460
865001460
966001460
192001489
273001489
379001489
492001489
588001489
686001489
769001489
862001489
966001489
1293001489
80001517
193001517
273001517
393001517
492001517
588001517
688001517
772001517
868001517
966001517
1293001517
1393001517
83001545
190001545
274001545
388001545
491001545
579001545
688001545
769001545
867001545
966001545
1293001545
82001574
190001574
275001574
391001574
492001574
576001574
684001574
769001574
865001574
968001574
1393001574
82001602
191001602
275001602
390001602
491001602
591001602
690001602
769001602
868001602
966001602
1287001602
86001630
190001630
278001630
388001630
493001630
581001630
685001630
778001630
864001630
967001630
1290001630
82001658
189001658
276001658
386001658
492001658
575001658
672001658
767001658
870001658
968001658
1293001658
84001687
192001687
275001687
386001687
492001687
580001687
683001687
767001687
865001687
966001687
1293001687
82001715
190001715
276001715
386001715
492001715
580001715
680001715
774001715
864001715
966001715
1293001715
81001743
190001743
273001743
388001743
493001743
575001743
689001743
770001743
864001743
966001743
1287001743
80001772
190001772
272001772
392001772
487001772
576001772
684001772
769001772
864001772
966001772
1290001772
81001800
189001800
276001800
388001800
484001800
580001800
672001800
768001800
868001800
967001800
84001828
189001828
275001828
390001828
490001828
582001828
684001828
771001828
866001828
966001828
1393001828
85001857
190001857
278001857
371001857
486001857
579001857
678001857
770001857
867001857
966001857
82001885
183001885
288001885
375001885
478001885
573001885
690001885
775001885
866001885
967001885
85001913
186001913
293001913
375001913
480001913
582001913
690001913
768001913
866001913
966001913
90001942
182001942
293001942
370001942
487001942
583001942
683001942
771001942
862001942
987001942
83001970
191001970
370001970
483001970
582001970
686001970
768001970
862001970
992001970
83001998
192001998
383001998
481001998
579001998
682001998
768001998
862001998
85002027
191002027
379002027
482002027
578002027
247
681002027
768002027
868002027
1292002027
79002055
189002055
383002055
484002055
578002055
673002055
772002055
866002055
86002083
188002083
292002083
376002083
490002083
592002083
671002083
774002083
863002083
993002083
82002111
187002111
284002111
392002111
487002111
585002111
675002111
775002111
864002111
990002111
1293002111
83002140
186002140
380002140
488002140
588002140
678002140
781002140
867002140
1292002140
86002168
187002168
490002168
578002168
672002168
782002168
866002168
87002196
187002196
373002196
492002196
585002196
672002196
778002196
862002196
87002225
186002225
375002225
490002225
586002225
677002225
779002225
866002225
1389002225
90002253
188002253
384002253
487002253
589002253
675002253
779002253
869002253
993002253
91002281
189002281
293002281
389002281
490002281
590002281
688002281
787002281
888002281
1392002281
83002310
188002310
291002310
387002310
487002310
583002310
683002310
791002310
890002310
1393002310
968002338
1290002338
293002366
286002394
988002394
1293002394
93002422
193002422
77002451
190002451
385002451
488002451
591002451
688002451
785002451
887002451
993002451
67002479
172002479
390002479
474002479
592002479
673002479
779002479
1393002479
87002507
188002507
389002507
489002507
585002507
678002507
782002507
1386002507
91002535
188002535
383002535
492002535
591002535
682002535
779002535
286002563
793002563
993002563
1288002563
291002592
993002592
1292002592
93002620
193002620
283002620
393002620
693002620
793002620
1289002620
93002648
262002648
393002648
992002648
1281002648
93002676
388002676
793002676
1293002676
793002704
1293002704
292002733
793002733
1290002733
193002761
293002761
493002789
393002817
493002817
393002845
493002845
592002845
693002845
1293002845
93002874
289002874
489002874
687002874
293002902
479002902
593002902
993002902
193002930
393002930
489002930
593002930
693002930
793002930
1293002930
293002958
493002958
293002986
491002986
193003014
483003014
793003014
993003014
392003043
471003043
1392003043
473003071
473003099
466003127
474003155
469003184
466003212
193003240
492003240
693003240
292003268
291003296
491003296
493003325
492003353
93003381
393003409
693003409
93003437
193003437
487003437
693003437
279003465
693003465
687003494
93003522
192003522
690003522
793003522
93003550
189003550
488003550
692003550
1393003550
93003578
192003578
293003578
491003578
692003578
792003578
1289003578
93003606
246
192003606
792003606
92003635
192003635
593003635
693003635
93003663
186003663
393003663
793003663
693003691
792003691
193003719
793003719
93003747
191003747
693003747
193003776
393003776
193003804
693003804
193003832
193003860
693003860
193003888
193003916
393003916
193003945
193004029
193004085
593004085
193004114
693004114
193004170
393004170
592004170
193004198
186004226
593004226
692004226
1393004226
1292004255
1293004283
193004311
593004311
693004311
193004339
393004339
492004339
1293004339
193004367
1287004367
186004395
393004395
487004395
1292004395
186004424
393004424
493004424
590004424
685004424
1291004424
92004452
184004452
290004452
392004452
493004452
692004452
1293004452
93004480
181004480
293004480
391004480
593004480
692004480
185004508
384004508
493004508
593004508
690004508
793004508
93004536
188004536
293004536
393004536
591004536
693004536
793004536
92004565
181004565
392004565
693004565
1291004565
1393004565
91004593
183004593
392004593
93004621
184004621
389004621
593004621
190004649
693004649
191004677
293004677
191004706
693004706
93004734
190004734
691004734
193004762
191004790
293004790
193004818
93004846
193004846
693004846
193004875
793004875
192004903
193004931
193004959
193004987
193005016
190005044
93005072
191005072
187005100
93005128
190005128
793005128
190005157
93005185
191005185
493005185
787005185
93005213
493005213
693005213
478005241
493005269
492005326
1286005326
493005354
1292005382
93005410
192005410
593005410
666005410
793005410
593005438
692005438
793005438
493005467
588005467
693005467
792005467
1293005467
92005495
193005495
592005495
692005495
791005495
1390005495
193005523
592005523
692005523
792005523
1391005523
193005551
593005551
693005551
93005579
184005579
391005579
493005579
793005579
1293005579
1393005579
93005608
193005608
1293005608
593005636
692005636
792005636
1291005636
92005664
191005664
593005664
693005664
793005664
1393005664
188005692
393005692
793005692
1291005692
1393005692
193005720
592005720
692005720
792005720
1281005720
93005749
189005749
389005749
692005749
793005749
1288005749
1393005749
93005777
192005777
387005777
692005777
793005777
1287005777
190005805
387005805
693005805
793005805
1287005805
93005833
192005833
793005833
1293005833
188005861
593005861
693005861
1293005861
92005890
192005890
378005890
492005890
693005890
92005918
193005918
389005918
492005918
692005918
793005918
1392005918
245
84005946
193005946
393005946
593005946
693005946
789005946
54005974
193005974
385005974
590005974
693005974
393006002
589006002
684006002
792006002
393006031
593006031
688006031
792006031
93006059
192006059
393006059
589006059
690006059
793006059
1389006059
593006087
693006087
793006087
193006115
587006115
689006115
793006115
193006143
591006143
687006143
793006143
683006172
793006172
593006200
683006200
791006200
392006228
591006228
689006228
791006228
1392006228
378006256
592006256
688006256
792006256
1393006256
687006284
1393006284
93006313
393006313
593006313
688006313
791006313
393006341
686006341
383006369
688006369
790006369
389006397
593006397
691006397
791006397
391006425
688006425
493006454
591006454
690006454
1293006454
684006482
687006510
686006538
393006566
691006566
1287006566
393006595
682006595
676006623
191006651
393006651
590006651
684006651
89006679
393006679
690006679
677006707
793006707
1292006707
593006736
692006736
193006764
393006764
593006764
686006764
790006764
392006792
592006792
693006792
593006820
692006820
88006848
593006848
692006848
1292006848
78006876
393006876
689006876
793006876
1289006876
193006905
391006905
793006905
193006933
393006933
591006933
1292006933
193006961
393006961
493006961
793006961
92006989
392006989
593006989
593007017
387007046
592007046
386007074
791007074
193007102
593007102
790007102
1393007102
91007130
689007130
579007158
90007186
392007186
591007186
92007215
375007215
584007215
87007243
193007243
385007243
591007243
693007243
1293007243
1392007243
192007271
1393007271
1291007299
792007327
1392007327
793007356
1393007356
780007384
774007412
193007440
493007440
1293007440
87007468
589007468
1292007468
92007497
1287007497
93007525
388007525
592007525
393007553
587007553
788007553
393007581
493007581
593007581
684007581
93007609
393007609
593007609
693007609
791007609
193007638
393007638
1393007638
593007666
1393007666
793007694
1293007694
1293007722
788007750
93007778
193007778
391007778
593007778
759007778
1292007863
192007919
393007919
493007919
590007919
693007919
787007919
493007948
1286008004
193008032
393008032
493008032
593008032
693008032
793008032
84008060
393008060
491008060
693008060
793008060
1293008060
193008088
492008088
593008088
793008088
1292008088
1293008117
192008145
393008145
493008145
593008145
693008145
792008145
193008173
393008173
493008173
592008173
692008173
790008173
193008201
390008201
244
489008201
581008201
674008201
766008201
193008230
388008230
487008230
587008230
669008230
766008230
193008258
386008258
489008258
588008258
674008258
769008258
1293008258
193008286
391008286
488008286
585008286
673008286
770008286
193008314
388008314
488008314
584008314
677008314
766008314
193008343
390008343
487008343
586008343
668008343
766008343
193008371
389008371
489008371
584008371
670008371
770008371
193008399
390008399
487008399
587008399
678008399
767008399
193008427
390008427
489008427
583008427
673008427
769008427
93008456
193008456
391008456
489008456
587008456
674008456
765008456
85008484
192008484
392008484
490008484
585008484
669008484
766008484
1293008484
85008512
189008512
389008512
488008512
580008512
677008512
767008512
1293008512
87008541
188008541
390008541
489008541
582008541
669008541
764008541
1286008541
89008569
192008569
391008569
485008569
582008569
669008569
769008569
1290008569
87008597
193008597
391008597
491008597
586008597
677008597
769008597
1287008597
85008625
192008625
390008625
489008625
581008625
672008625
770008625
1393008625
86008654
193008654
391008654
489008654
582008654
671008654
769008654
90008682
191008682
389008682
491008682
584008682
675008682
768008682
1393008682
87008710
193008710
390008710
486008710
583008710
673008710
769008710
83008739
193008739
390008739
486008739
583008739
673008739
765008739
83008767
193008767
391008767
488008767
581008767
670008767
766008767
85008795
193008795
391008795
486008795
584008795
675008795
765008795
87008823
193008823
390008823
492008823
583008823
677008823
768008823
85008852
193008852
391008852
487008852
589008852
677008852
769008852
84008880
193008880
391008880
488008880
584008880
672008880
768008880
84008908
193008908
391008908
486008908
583008908
669008908
767008908
83008937
193008937
391008937
488008937
583008937
672008937
766008937
88008965
193008965
390008965
487008965
587008965
672008965
769008965
84008993
193008993
391008993
489008993
586008993
677008993
765008993
85009021
193009021
390009021
488009021
583009021
675009021
766009021
85009050
193009050
391009050
490009050
583009050
679009050
766009050
84009078
193009078
390009078
488009078
582009078
669009078
767009078
83009106
193009106
391009106
488009106
580009106
672009106
769009106
83009135
192009135
391009135
490009135
584009135
669009135
768009135
85009163
193009163
391009163
488009163
583009163
243
677009163
769009163
87009191
193009191
391009191
488009191
580009191
672009191
765009191
84009219
193009219
390009219
488009219
584009219
670009219
770009219
84009248
193009248
391009248
487009248
587009248
676009248
768009248
85009276
193009276
390009276
487009276
584009276
678009276
766009276
84009304
193009304
391009304
489009304
582009304
675009304
766009304
86009333
193009333
391009333
488009333
586009333
677009333
768009333
85009361
193009361
391009361
487009361
583009361
671009361
766009361
83009389
193009389
391009389
486009389
585009389
671009389
766009389
84009417
193009417
390009417
489009417
583009417
668009417
768009417
84009446
193009446
391009446
487009446
584009446
671009446
769009446
84009474
192009474
390009474
488009474
585009474
672009474
768009474
84009502
193009502
391009502
488009502
585009502
677009502
769009502
86009530
193009530
391009530
487009530
583009530
672009530
769009530
85009559
193009559
391009559
486009559
584009559
670009559
768009559
85009587
193009587
391009587
488009587
585009587
671009587
769009587
83009615
193009615
391009615
487009615
585009615
679009615
769009615
83009643
193009643
391009643
487009643
582009643
678009643
766009643
85009672
193009672
391009672
489009672
583009672
670009672
769009672
83009700
193009700
390009700
488009700
584009700
669009700
769009700
87009728
193009728
390009728
487009728
580009728
679009728
768009728
84009756
193009756
390009756
486009756
584009756
668009756
768009756
84009785
193009785
390009785
488009785
582009785
670009785
766009785
83009813
193009813
390009813
487009813
583009813
671009813
769009813
83009841
193009841
390009841
488009841
583009841
668009841
765009841
85009869
193009869
390009869
487009869
586009869
672009869
768009869
86009898
193009898
390009898
487009898
586009898
675009898
769009898
86009926
193009926
390009926
490009926
580009926
678009926
769009926
86009954
193009954
390009954
488009954
586009954
676009954
768009954
84009982
193009982
390009982
487009982
583009982
670009982
769009982
87010011
193010011
390010011
487010011
585010011
672010011
769010011
83010039
193010039
390010039
489010039
584010039
679010039
766010039
83010067
193010067
391010067
490010067
582010067
676010067
769010067
83010095
193010095
390010095
487010095
583010095
670010095
769010095
84010124
193010124
391010124
489010124
583010124
670010124
766010124
242
84010152
193010152
391010152
487010152
583010152
678010152
765010152
84010180
193010180
391010180
487010180
585010180
669010180
769010180
87010208
193010208
391010208
489010208
580010208
668010208
768010208
1293010208
88010237
191010237
386010237
490010237
584010237
677010237
765010237
88010265
191010265
382010265
492010265
587010265
679010265
766010265
1292010265
1393010265
90010293
190010293
386010293
583010293
685010293
772010293
1393010293
93010321
185010321
591010321
685010321
772010321
1293010321
89010350
189010350
593010350
677010350
771010350
1293010350
85010378
184010378
593010378
673010378
777010378
1293010378
186010406
678010406
770010406
184010434
692010434
770010434
187010462
693010462
770010462
184010491
691010491
772010491
186010519
691010519
774010519
188010547
770010547
184010575
772010575
187010603
771010603
185010632
768010632
185010660
790010660
186010688
786010688
187010716
491010716
192010744
492010744
490010773
493010801
1293010801
688010829
792010829
783010857
589010885
782010885
590010914
787010914
1393010914
392010942
790010942
1393010942
582010970
787010970
1392010970
785010998
790011026
793011055
688011083
793011083
1392011083
592011111
683011111
1393011111
688011139
793011139
1393011139
792011167
1393011167
692011196
791011196
693011224
793011224
793011252
1393011252
692011280
793011308
393011336
1393011336
793011365
593011393
1386011393
593011449
393011505
1392011505
593011562
393011590
687011590
1393011590
385011618
689011618
784011618
1393011618
193011646
588011646
193011675
584011675
793011675
675011703
393011731
669011731
673011759
384011787
670011787
1393011787
193011816
380011816
686011816
368011844
691011844
1393011844
366011872
692011872
1392011872
382011900
684011900
393011928
682011928
391011957
685011957
1393011957
181011985
393011985
593011985
793011985
1393011985
193012013
592012013
782012013
1393012013
189012041
393012041
590012041
693012041
793012041
1293012041
384012069
687012069
790012069
693012098
792012098
391012126
692012126
386012154
680012154
1393012154
192012182
393012182
793012182
193012210
592012210
793012210
689012239
393012267
686012267
393012295
690012295
391012323
685012323
393012351
692012351
393012380
692012380
193012408
592012408
392012436
686012436
388012464
690012464
393012492
682012492
393012521
688012521
393012549
685012549
393012577
690012577
393012605
680012605
386012633
676012633
387012662
674012662
390012690