250
73000098
168000098
273000098
355000098
454000098
548000098
655000098
762000098
874000098
973000098
1068000098
1156000098
1247000098
65000126
168000126
268000126
364000126
455000126
543000126
653000126
763000126
871000126
972000126
1072000126
1156000126
1248000126
62000155
162000155
270000155
356000155
456000155
542000155
653000155
762000155
871000155
973000155
1070000155
1155000155
1252000155
59000183
162000183
276000183
362000183
456000183
546000183
655000183
757000183
872000183
971000183
1076000183
1161000183
1250000183
58000211
163000211
272000211
367000211
454000211
547000211
655000211
759000211
869000211
971000211
1076000211
1158000211
1252000211
61000240
158000240
273000240
373000240
465000240
543000240
658000240
758000240
871000240
971000240
1069000240
1161000240
1252000240
60000268
161000268
277000268
371000268
465000268
571000268
660000268
762000268
869000268
974000268
1072000268
1160000268
1249000268
62000297
161000297
272000297
366000297
466000297
571000297
686000297
772000297
872000297
971000297
1069000297
1161000297
1248000297
157000325
275000325
367000325
467000325
570000325
688000325
792000325
875000325
972000325
1072000325
1159000325
1247000325
162000353
275000353
374000353
466000353
568000353
686000353
793000353
880000353
982000353
1069000353
1157000353
1247000353
55000382
164000382
283000382
368000382
466000382
574000382
688000382
793000382
877000382
990000382
1071000382
1156000382
1251000382
55000410
157000410
272000410
367000410
467000410
571000410
689000410
793000410
886000410
990000410
1157000410
1251000410
57000438
164000438
273000438
370000438
460000438
572000438
687000438
791000438
881000438
986000438
1190000438
1254000438
1254000467
1258000495
1249000523
1254000551
1259000579
1258000607
1254000636
1259000664
1254000692
1258000720
1249000748
1254000777
1258000805
1251000833
1258000861
1260000889
1251000918
1254000946
1260000974
1254001002
1258001030
1293001059
93001115
693001199
793001199
1193001199
293001228
493001228
593001228
693001228
793001228
893001228
993001228
1191001228
493001256
693001256
793001256
893001256
993001256
1192001256
93001284
193001284
293001284
493001284
693001284
793001284
893001284
991001284
1191001284
293001312
693001312
793001312
993001312
1193001312
88001340
191001340
286001340
390001340
490001340
583001340
691001340
788001340
887001340
984001340
1187001340
93001369
293001369
393001369
493001369
592001369
692001369
793001369
893001369
992001369
1192001369
249
93001397
593001397
393001425
93001453
293001453
393001453
593001453
1292001453
93001481
293001481
393001481
593001481
393001707
1193001763
893001791
1193001791
293001848
393002045
393002101
92002158
390002158
493002158
592002158
193002214
1193002214
93002242
493002242
593002242
692002242
793002242
892002242
93002270
692002270
793002270
893002270
92002299
192002299
493002299
593002299
692002299
793002299
892002299
93002327
193002327
493002327
793002327
892002327
693002355
793002355
893002355
692002383
792002383
890002383
193002411
693002411
1193002411
693002439
693002468
593002496
793002496
93002524
593002552
693002552
193002580
692002580
93002609
493002609
590002609
692002609
793002609
292002637
93002665
393002665
493002665
392002693
93002721
387002721
493002721
693002721
793002721
1193002721
493002806
392002862
493002862
1293002862
493002890
591002890
393002975
1193002975
390003003
386003059
93003088
393003088
93003116
93003172
93003200
93003285
93003313
393003313
393003341
593003341
93003369
493003369
393003398
393003538
93003595
393003595
393003623
693003623
393003679
293003905
593003905
293003961
1293003961
693004046
393004074
393004130
593004130
792004130
293004186
593004186
693004186
93004215
92004243
291004243
593004243
91004271
393004271
793004271
93004299
493004299
93004327
692004327
793004327
93004356
291004356
93004384
293004384
593004384
793004384
93004412
193004412
393004412
1193004412
93004440
393004440
693004440
92004468
393004468
93004496
393004496
1193004496
1293004496
392004525
193004553
193004609
93004750
691004806
593004835
692004835
593004863
593004891
793004891
593004919
593004947
693004947
592004975
593005004
693005004
793005004
592005032
693005032
793005032
693005229
693005285
693005342
393005370
93005398
393005398
493005398
1193005426
393005454
1192005454
193005511
1192005595
1193005849
93005877
593005990
1192005990
393006018
393006159
593006159
692006159
793006159
1193006159
593006187
693006187
793006187
693006215
1193006215
93006243
193006271
493006384
393006469
593006497
393006779
393006807
393006835
393006863
393006891
793007032
1193007032
393007060
393007088
90007173
393007173
1193007173
1293007173
1192007201
1193007229
1193007286
1293007286
93007314
593007314
393007398
692007511
1193007511
393007539
592007539
493007567
1193007567
1193007596
792007624
393007680
93007708
493007736
481007765
1293007765
393007849
793007906
248
893053108
1193053108
1192053136
293053193
892053193
1193053193
1193053221
193053249
593053249
693053249
793053249
1193053249
291053277
474053277
282053306
479053306
488053334
1182053334
192053362
292053362
391053362
592053362
887053362
291053390
893053390
291053418
393053418
484053418
687053418
792053418
1187053418
1293053418
278053447
793053447
893053447
1187053447
93053475
274053475
692053475
893053475
1187053475
284053503
590053503
692053503
893053503
193053531
286053531
393053531
593053531
693053531
793053531
892053531
1189053531
1293053531
273053559
693053559
287053588
491053588
691053588
893053588
193053616
287053616
393053616
577053616
893053616
1184053616
193053644
278053644
393053644
591053644
892053644
285053672
393053672
893053672
193053700
280053700
591053700
893053700
191053729
285053729
593053729
893053729
192053757
289053757
593053757
893053757
193053785
287053785
393053785
593053785
693053785
887053785
1193053785
193053813
283053813
893053813
290053842
290053870
893053870
292053898
893053898
289053926
893053926
288053954
893053954
293053982
593053982
793053982
893053982
293054011
593054011
188054039
289054039
390054039
591054039
793054039
890054039
793054095
891054095
893054123
293054152
293054180
293054208
292054264
890054264
893054292
293054321
893054321
892054349
292054377
293054405
893054405
293054433
793054433
893054433
192054462
283054462
393054462
492054462
592054462
892054462
190054490
293054490
392054490
487054490
589054490
785054490
885054490
293054518
393054518
292054546
392054546
591054546
292054574
892054574
292054603
493054603
783054603
882054603
1192054603
393054631
493054631
582054631
791054631
889054631
287054659
491054659
593054659
793054659
891054659
1192054659
289054687
493054687
593054687
291054715
491054715
593054715
793054715
293054744
691054744
792054744
891054744
392054772
691054772
793054772
885054772
186054800
290054800
388054800
587054800
693054800
891054800
283054828
478054828
593054828
780054828
892054828
293054857
489054857
293054885
883054885
193054913
292054913
488054913
593054913
690054913
888054913
393054941
481054941
593054941
893054941
471054969
393054998
488054998
779054998
187055026
289055026
485055026
573055026
690055026
791055026
1193055026
92055054
293055054
486055054
292055082
893055082
1285055082
87055110
291055110
393055110
893055110
1193055110
92055139
293055139
93055167
291055167
281055223
289055251
91055279
247
193055279
392055279
493055279
593055279
692055279
889055279
1193055279
1291055279
92055308
392055308
893055308
1191055308
92055336
593055336
693055336
791055336
890055336
1192055336
293055364
893055364
276055392
286055420
284055449
287055477
93055533
290055533
393055533
893055533
1293055533
292055561
288055590
393055590
893055590
1193055590
288055618
292055646
92055702
292055702
393055702
1193055702
1293055702
291055730
693055730
1193055730
293055843
93055871
292055871
90055928
193055928
293055928
391055928
493055928
593055928
693055928
793055928
892055928
1193055928
1291055928
192055956
393055956
493055956
93055984
189055984
387055984
487055984
791055984
1189055984
193056012
393056012
1193056012
393056041
1192056069
392056097
493056097
793056097
893056097
1192056097
186056125
391056125
491056125
590056125
791056125
889056125
1184056125
1293056125
190056153
392056153
493056153
592056153
691056153
793056153
893056153
1188056153
1293056153
93056182
183056182
392056182
493056182
593056182
685056182
792056182
893056182
1182056182
1293056182
83056210
182056210
387056210
487056210
584056210
678056210
789056210
880056210
1185056210
1293056210
91056238
192056238
392056238
493056238
590056238
686056238
793056238
887056238
1193056238
1293056238
92056266
191056266
392056266
493056266
589056266
693056266
893056266
1193056266
1293056266
82056295
192056295
390056295
489056295
591056295
693056295
793056295
892056295
1192056295
89056323
192056323
393056323
492056323
577056323
691056323
793056323
891056323
1193056323
91056351
188056351
393056351
493056351
585056351
691056351
1191056351
1293056351
92056379
190056379
393056379
493056379
592056379
690056379
892056379
1191056379
1293056379
89056408
183056408
393056408
489056408
587056408
689056408
793056408
887056408
1191056408
90056436
493056436
592056436
693056436
893056436
92056464
193056464
493056464
93056521
193056521
491056521
593056521
890056521
93056549
693056549
92056577
193056577
390056577
493056577
593056577
693056577
891056577
1193056577
1293056577
91056633
385056633
493056633
593056633
693056633
793056633
874056633
1293056633
193056661
393056661
793056661
893056661
1290056661
86056690
192056690
393056690
493056690
588056690
688056690
786056690
892056690
1189056690
93056718
193056718
590056718
1193056718
193056746
591056746
93056774
193056774
693056774
1193056774
1293056859
1293057112
1293057197
1293057281
1293057366
1292057394
1288057479
246
1293057704
90057761
192057761
393057761
493057761
579057761
693057761
793057761
893057761
1187057761
1293057761
92057789
191057789
391057789
493057789
589057789
691057789
793057789
891057789
1190057789
1285057789
91057817
193057817
393057817
587057817
688057817
793057817
893057817
1192057817
1293057817
86057845
193057845
385057845
592057845
690057845
792057845
883057845
1193057845
1268057845
393057874
692057874
793057874
893057874
1287057874
93057930
93057958
192057958
492057958
193057986
492057986
693057986
686058043
191058071
691058071
489058099
592058099
681058099
793058099
893058099
92058127
892058127
1192058127
89058155
693058155
792058155
887058155
1191058155
1293058155
893058184
1193058184
493058212
693058212
892058212
1193058212
491058268
693058324
893058324
1192058324
493058381
693058409
792058409
879058409
1193058409
693058437
791058437
890058437
1192058437
92058465
686058465
791058465
889058465
92058493
693058493
784058493
883058493
690058522
773058522
888058522
692058550
781058550
888058550
1192058550
690058578
784058578
878058578
691058606
783058606
880058606
1193058606
693058635
793058635
885058635
1190058635
788058663
878058663
793058691
876058691
1193058691
793058719
877058719
793058747
884058747
1193058747
789058776
879058776
1193058776
793058804
880058804
1185058804
793058832
888058832
1190058832
889058860
1190058860
1189058888
493058917
893058917
1186058917
493058945
1191058945
1193058973
86059001
193059001
493059001
586059001
692059001
887059001
1189059001
1293059001
90059029
192059029
590059029
684059029
891059029
1181059029
1283059029
78059058
186059058
590059058
691059058
877059058
1188059058
1290059058
84059086
192059086
591059086
693059086
880059086
193059114
391059114
489059114
1186059114
93059142
493059142
789059142
892059142
1192059142
93059171
491059171
593059171
790059171
880059171
1188059171
1292059171
481059199
692059199
789059199
1192059199
469059227
689059227
793059227
1193059227
1293059227
92059255
193059255
693059255
883059255
93059284
192059284
590059284
692059284
893059284
88059312
193059312
492059312
584059312
691059312
1193059312
1293059312
93059340
784059340
889059340
1193059340
1293059340
491059368
793059368
1192059368
1281059368
89059396
193059396
590059396
693059396
788059396
879059396
92059425
493059425
591059425
693059425
784059425
883059425
92059453
592059453
785059453
882059453
493059481
793059481
893059481
81059509
492059509
585059509