250
83000627
150000627
64000655
154000655
356000655
466000655
566000655
676000655
786000655
859000655
959000655
1055000655
1154000655
1270000655
1370000655
72000684
184000684
356000684
465000684
561000684
675000684
787000684
865000684
956000684
1047000684
1152000684
1267000684
1371000684
89000712
186000712
380000712
481000712
578000712
682000712
781000712
878000712
986000712
1079000712
1182000712
1274000712
1381000712
72000741
183000741
377000741
475000741
574000741
685000741
783000741
883000741
986000741
1092000741
1184000741
1284000741
1373000741
72000769
182000769
373000769
479000769
583000769
690000769
787000769
883000769
988000769
1084000769
1181000769
1287000769
1385000769
74000797
174000797
472000797
579000797
683000797
780000797
886000797
994000797
1090000797
1178000797
1280000797
1375000797
74000826
180000826
372000826
467000826
571000826
684000826
780000826
892000826
985000826
1085000826
1191000826
1276000826
1383000826
70000854
179000854
372000854
472000854
568000854
695000854
775000854
884000854
982000854
1081000854
1189000854
1282000854
1383000854
74000882
175000882
372000882
472000882
572000882
688000882
776000882
883000882
978000882
1084000882
1181000882
1287000882
1377000882
73000911
176000911
372000911
471000911
569000911
694000911
786000911
875000911
983000911
1081000911
1179000911
1282000911
1380000911
72000939
178000939
373000939
469000939
572000939
691000939
786000939
875000939
997000939
1089000939
1184000939
1278000939
1387000939
76000967
180000967
372000967
470000967
572000967
683000967
781000967
878000967
996000967
1186000967
1274000967
1382000967
72000996
176000996
372000996
467000996
570000996
690000996
784000996
880000996
996000996
1181000996
1297000996
1397000996
75001024
182001024
376001024
465001024
568001024
691001024
785001024
879001024
997001024
1182001024
73001052
179001052
375001052
471001052
571001052
691001052
778001052
880001052
994001052
1181001052
71001081
182001081
375001081
472001081
570001081
691001081
790001081
876001081
993001081
1179001081
72001109
178001109
375001109
468001109
573001109
691001109
781001109
876001109
994001109
1179001109
72001137
183001137
373001137
469001137
570001137
687001137
784001137
889001137
996001137
1182001137
81001166
178001166
372001166
467001166
570001166
684001166
782001166
876001166
997001166
1180001166
72001194
178001194
372001194
471001194
573001194
688001194
779001194
879001194
997001194
1181001194
74001222
183001222
249
372001222
470001222
572001222
685001222
781001222
876001222
997001222
1182001222
70001251
186001251
372001251
467001251
569001251
685001251
784001251
875001251
997001251
1184001251
75001279
177001279
372001279
468001279
571001279
678001279
783001279
880001279
996001279
1183001279
73001307
181001307
373001307
467001307
569001307
683001307
789001307
878001307
995001307
1183001307
76001336
178001336
373001336
472001336
565001336
682001336
788001336
878001336
995001336
1183001336
77001364
183001364
372001364
467001364
568001364
683001364
789001364
876001364
994001364
1183001364
75001392
184001392
373001392
472001392
571001392
687001392
788001392
877001392
995001392
1183001392
72001421
181001421
371001421
469001421
572001421
682001421
786001421
878001421
995001421
1182001421
77001449
181001449
372001449
471001449
566001449
680001449
784001449
883001449
996001449
1182001449
75001477
182001477
374001477
468001477
566001477
683001477
783001477
879001477
996001477
1183001477
77001506
178001506
372001506
471001506
571001506
682001506
783001506
885001506
996001506
1182001506
74001534
179001534
373001534
471001534
569001534
680001534
788001534
885001534
996001534
1183001534
76001562
184001562
372001562
467001562
570001562
689001562
785001562
878001562
997001562
1183001562
79001591
178001591
377001591
466001591
570001591
686001591
794001591
877001591
997001591
1182001591
76001619
180001619
374001619
469001619
572001619
685001619
783001619
876001619
997001619
1183001619
1297001619
76001647
185001647
372001647
467001647
570001647
685001647
787001647
884001647
997001647
1183001647
1297001647
71001675
182001675
374001675
467001675
572001675
691001675
789001675
883001675
996001675
1184001675
1297001675
74001704
184001704
373001704
466001704
569001704
687001704
782001704
875001704
997001704
1184001704
1297001704
76001732
180001732
373001732
467001732
572001732
682001732
789001732
875001732
993001732
1183001732
1295001732
78001760
183001760
378001760
566001760
690001760
777001760
876001760
997001760
1183001760
78001789
179001789
374001789
572001789
683001789
778001789
880001789
997001789
1178001789
1397001789
82001817
177001817
389001817
572001817
680001817
777001817
887001817
997001817
1178001817
1397001817
79001845
179001845
385001845
573001845
689001845
788001845
876001845
997001845
1177001845
1397001845
71001874
176001874
380001874
573001874
685001874
783001874
1177001874
1297001874
248
1395001874
75001902
193001902
382001902
476001902
573001902
695001902
789001902
996001902
1177001902
1295001902
1397001902
74001930
183001930
378001930
476001930
572001930
691001930
778001930
1178001930
1297001930
1397001930
70001959
182001959
383001959
572001959
691001959
777001959
874001959
1182001959
1297001959
74001987
181001987
383001987
477001987
570001987
685001987
782001987
873001987
997001987
1178001987
76002015
181002015
378002015
476002015
572002015
695002015
787002015
874002015
1176002015
1297002015
1397002015
72002043
184002043
386002043
476002043
569002043
691002043
794002043
873002043
1177002043
1297002043
72002072
187002072
380002072
476002072
574002072
687002072
787002072
874002072
1178002072
77002100
181002100
390002100
476002100
573002100
691002100
781002100
875002100
1178002100
1296002100
70002128
188002128
395002128
477002128
574002128
690002128
793002128
875002128
993002128
1182002128
1297002128
70002157
196002157
382002157
476002157
574002157
691002157
788002157
874002157
1181002157
1295002157
70002185
182002185
397002185
476002185
569002185
684002185
783002185
879002185
994002185
1178002185
1293002185
79002213
181002213
388002213
476002213
573002213
796002213
873002213
1182002213
1297002213
72002241
182002241
395002241
479002241
573002241
786002241
874002241
1180002241
72002270
176002270
391002270
476002270
576002270
788002270
872002270
1175002270
1297002270
78002298
174002298
385002298
476002298
568002298
776002298
872002298
997002298
1176002298
77002326
179002326
395002326
476002326
575002326
678002326
790002326
875002326
997002326
1175002326
1397002326
76002355
185002355
396002355
493002355
586002355
688002355
795002355
891002355
997002355
1190002355
1396002355
88002383
184002383
393002383
489002383
586002383
693002383
796002383
892002383
997002383
1194002383
1297002383
97002411
997002411
1295002411
1397002411
397002439
997002439
978002496
979002552
84002580
174002580
385002580
480002580
584002580
794002580
889002580
977002580
1192002580
1296002580
95002609
197002609
395002609
495002609
585002609
994002609
1197002609
981002637
991002665
1297002665
397002693
994002693
1294002693
995002721
995002750
1296002750
1295002778
996002806
1295002806
987002834
1193002834
1297002834
997002862
1197002862
997002890
1197002890
95002919
197002919
397002919
792002919
1197002919
978002947
1197002947
1297002947
997002975
397003003
1197003003
1195003031
1297003031
989003060
1194003060
247
1397050606
96050635
191050635
395050635
590050635
687050635
797050635
896050635
980050635
1091050635
1192050635
1297050635
1393050635
190050663
388050663
595050663
693050663
796050663
896050663
990050663
1092050663
1185050663
1297050663
1397050663
182050691
393050691
488050691
595050691
696050691
792050691
893050691
996050691
1092050691
1187050691
1293050691
1397050691
192050720
391050720
486050720
583050720
686050720
786050720
876050720
997050720
1094050720
1191050720
1286050720
1397050720
97050748
197050748
497050748
697050748
996050748
91050776
193050776
392050776
497050776
592050776
697050776
797050776
897050776
994050776
1096050776
1193050776
1396050776
90050804
397050804
797050804
897050804
990050804
1197050804
1396050804
96050833
197050833
397050833
597050833
697050833
897050833
993050833
1097050833
197050861
397050861
993050861
96050889
397050889
497050889
597050889
697050889
797050889
897050889
997050889
1197050889
97050917
397050917
797050917
888050917
996050917
1197050917
1397050917
194050945
391050945
497050945
696050945
796050945
897050945
992050945
1192050945
1296050945
1397050945
92050974
89051002
497051002
67051030
497051030
997051030
91051058
71051086
1296051086
82051115
897051115
997051115
1097051115
1288051115
79051143
797051143
1077051143
83051171
1068051171
196051199
397051199
496051199
597051199
697051199
797051199
892051199
1097051199
1197051199
1295051199
97051227
183051227
390051227
497051227
595051227
695051227
797051227
896051227
1095051227
1190051227
1396051227
195051256
497051256
596051256
697051256
95051284
496051284
796051284
897051284
1097051284
1294051284
1377051284
797051312
1093051312
1297051312
1396051312
1097051340
1297051340
497051368
795051368
1094051368
1295051368
797051397
1097051397
597051425
1097051425
497051453
1097051453
1296051453
1396051453
1097051481
1294051481
1297051509
97051537
1297051566
1097051622
1297051622
1297051650
1297051678
1097051707
1297051707
1097051735
1297051735
1097051763
1297051763
1097051791
1097051819
1297051819
1096051847
1097051876
794051904
1096051904
1297051904
597051932
795051932
896051932
1097051932
1296051932
97051960
796051960
897051960
797051988
897051988
1093052017
93052045
793052045
88052073
589052073
797052073
1297052073
596052101
1297052101
588052129
1296052129
595052158
1296052158
1292052186
1296052214
1294052242
595052270
797052270
1295052270
579052298
1293052298
597052327
597052355
1293052355
1297052411
887052439
1295052439
197052468
896052468
246
97052496
1294052496
795052524
789052552
781052580
893052580
794052609
797052637
897052637
1297052637
797052693
95052721
796052750
797052778
797052806
91052834
796052834
895052834
797052862
895052862
97052890
797052890
897052890
1294052890
797052919
897052919
97052947
895052947
97052975
895052975
96053031
1397053031
1297053060
397053088
897053088
1297053088
1396053088
96053116
797053116
97053144
97053172
897053172
895053200
97053229
897053285
97053341
897053341
94053370
89053426
395053426
597053426
796053426
895053426
1197053426
1397053426
92053454
397053454
487053454
697053454
796053454
896053454
1196053454
1294053454
1397053454
80053482
494053482
597053482
1297053482
87053511
486053511
697053511
1197053511
1296053511
89053539
197053539
495053539
596053539
697053539
1294053539
1390053539
491053567
1397053567
395053595
696053595
795053595
891053595
1195053595
1296053595
197053623
396053623
497053623
597053623
697053623
797053623
889053623
1395053623
97053652
197053652
497053652
597053652
797053652
888053652
1391053652
197053680
397053680
597053680
884053680
1395053680
97053708
1194053708
1388053708
96053736
397053736
597053736
697053736
797053736
896053736
1191053736
1389053736
597053764
696053764
1396053764
97053793
397053793
597053793
696053793
897053793
1192053793
1385053793
197053821
497053821
597053821
697053821
890053821
1380053821
97053849
188053849
397053849
497053849
894053849
1189053849
1296053849
1394053849
182053877
397053877
497053877
595053877
697053877
793053877
890053877
1197053877
1297053877
1397053877
197053905
396053905
592053905
896053905
1383053905
97053934
195053934
397053934
597053934
897053934
1394053934
197053962
397053962
593053962
894053962
1197053962
1297053962
1395053962
197053990
397053990
597053990
797053990
896053990
1196053990
1389053990
496054018
897054018
1197054018
1297054018
1396054018
197054047
397054047
497054047
597054047
896054047
1197054047
1297054047
1383054047
190054075
397054075
492054075
589054075
895054075
1381054075
197054103
394054103
490054103
594054103
1394054103
194054131
397054131
590054131
1394054131
197054160
590054160
897054160
1396054160
195054188
590054188
1397054188
194054216
397054216
597054216
897054216
1391054216
195054244
597054244
1396054244
195054272
593054272
897054272
1396054272
196054301
394054301
583054301
897054301
1394054301
197054329
395054329
591054329
797054329
894054329
1295054329
397054357
597054357
894054357
1297054357
245
1397054357
197054385
390054385
596054385
896054385
1292054385
197054413
397054413
497054413
597054413
895054413
1397054413
397054442
497054442
597054442
797054442
895054442
1297054442
1397054442
197054470
397054470
497054470
884054470
1297054470
1397054470
196054498
390054498
497054498
595054498
186054526
395054526
497054526
593054526
897054526
1397054526
196054554
396054554
497054554
594054554
896054554
1294054554
197054583
396054583
487054583
596054583
890054583
1397054583
197054611
397054611
597054611
875054611
1297054611
197054639
391054639
497054639
597054639
795054639
897054639
1397054639
397054667
497054667
797054667
897054667
1397054667
197054695
397054695
597054695
797054695
894054695
1396054695
197054724
394054724
497054724
597054724
797054724
896054724
1376054724
191054752
395054752
497054752
577054752
894054752
1382054752
397054780
597054780
797054780
897054780
1396054780
190054808
388054808
594054808
797054808
895054808
1391054808
197054837
389054837
597054837
790054837
896054837
1396054837
197054865
394054865
595054865
793054865
896054865
1395054865
496054893
597054893
795054893
897054893
1397054893
197054921
497054921
697054921
897054921
1197054921
1388054921
496054949
597054949
797054949
897054949
1397054949
197054978
496054978
697054978
893054978
1387054978
396055006
497055006
794055006
896055006
1397055006
497055034
1197055034
397055062
494055062
797055062
897055062
1197055062
197055090
396055090
496055090
597055090
797055090
895055090
1396055090
197055119
397055119
492055119
593055119
797055119
897055119
395055147
697055147
797055147
897055147
1395055147
497055175
597055175
697055175
597055231
797055231
195055259
395055259
596055259
797055259
897055259
1197055259
1297055259
1397055259
397055288
497055288
797055288
1195055288
1397055288
397055316
495055316
697055316
796055316
897055316
1196055316
1295055316
397055344
497055344
896055344
1172055344
1397055344
395055372
497055372
897055372
1188055372
1297055372
95055400
396055400
495055400
897055400
1197055400
1297055400
95055429
897055429
1394055429
89055457
97055485
1397055485
97055513
1379055513
1392055654
1387055682
1391055710
1383055739
395055767
897055767
1397055767
397055795
897055795
1197055795
1297055795
396055823
497055823
597055823
897055823
1396055823
97055851
396055851
497055851
894055851
1297055851
1397055851
97055880
1389055880
393055908
497055908
897055908
1197055908
1397055908
1197055936
97055964
897055964
397055992
597055992