250
73000502
170000502
254000502
350000502
61000530
171000530
257000530
354000530
547000530
660000530
760000530
867000530
977000530
1066000530
1154000530
1251000530
1350000530
58000558
175000558
257000558
353000558
547000558
659000558
765000558
868000558
983000558
1060000558
1155000558
1250000558
1355000558
65000587
164000587
280000587
353000587
548000587
659000587
764000587
866000587
982000587
1064000587
1153000587
1250000587
1353000587
65000615
161000615
273000615
348000615
548000615
658000615
761000615
869000615
978000615
1061000615
1160000615
1250000615
1350000615
69000644
173000644
279000644
380000644
556000644
669000644
771000644
873000644
981000644
1064000644
1160000644
1261000644
1361000644
75000672
167000672
268000672
371000672
574000672
671000672
770000672
869000672
970000672
1062000672
1167000672
1264000672
1365000672
80000700
172000700
264000700
369000700
572000700
686000700
771000700
871000700
968000700
1064000700
1167000700
1265000700
1367000700
79000729
172000729
261000729
369000729
574000729
686000729
782000729
870000729
970000729
1066000729
1167000729
1262000729
1366000729
74000757
169000757
264000757
368000757
572000757
685000757
786000757
882000757
972000757
1064000757
1168000757
1266000757
1361000757
78000785
167000785
268000785
370000785
573000785
687000785
783000785
880000785
990000785
1070000785
1163000785
1263000785
1363000785
74000814
168000814
265000814
370000814
573000814
685000814
777000814
881000814
994000814
1079000814
1165000814
1268000814
1362000814
77000842
169000842
263000842
372000842
574000842
687000842
783000842
880000842
994000842
1178000842
1262000842
1367000842
77000870
166000870
268000870
370000870
572000870
686000870
779000870
881000870
994000870
1184000870
77000899
170000899
263000899
369000899
576000899
685000899
782000899
885000899
993000899
1188000899
76000927
172000927
262000927
370000927
570000927
687000927
781000927
885000927
994000927
1190000927
74000955
172000955
260000955
371000955
569000955
682000955
776000955
881000955
994000955
1190000955
75000984
170000984
260000984
371000984
572000984
688000984
777000984
887000984
994000984
1185000984
77001012
173001012
262001012
367001012
569001012
684001012
779001012
882001012
994001012
1182001012
75001040
169001040
263001040
370001040
570001040
688001040
780001040
879001040
994001040
1188001040
75001069
168001069
263001069
366001069
574001069
686001069
777001069
887001069
992001069
1194001069
79001097
249
173001097
263001097
368001097
569001097
684001097
777001097
881001097
992001097
1193001097
76001125
173001125
261001125
370001125
570001125
681001125
781001125
888001125
993001125
1187001125
80001154
170001154
262001154
369001154
571001154
684001154
783001154
883001154
994001154
1188001154
77001182
173001182
263001182
367001182
571001182
683001182
781001182
891001182
993001182
1191001182
77001210
167001210
265001210
371001210
567001210
682001210
785001210
887001210
992001210
1191001210
77001239
168001239
262001239
369001239
569001239
683001239
780001239
885001239
992001239
1192001239
77001267
174001267
262001267
367001267
571001267
680001267
782001267
886001267
992001267
1192001267
79001295
174001295
261001295
369001295
573001295
684001295
779001295
884001295
993001295
1191001295
77001324
173001324
261001324
369001324
566001324
684001324
780001324
882001324
993001324
1189001324
78001352
174001352
261001352
371001352
567001352
684001352
781001352
883001352
994001352
1191001352
77001380
168001380
261001380
372001380
571001380
684001380
780001380
884001380
990001380
1191001380
77001409
168001409
261001409
371001409
569001409
684001409
784001409
885001409
994001409
1188001409
78001437
173001437
260001437
371001437
570001437
683001437
780001437
885001437
993001437
1189001437
77001465
169001465
261001465
372001465
570001465
685001465
783001465
890001465
993001465
1189001465
76001494
169001494
261001494
371001494
577001494
683001494
777001494
884001494
994001494
1183001494
1294001494
81001522
173001522
260001522
369001522
572001522
694001522
783001522
881001522
988001522
1185001522
1294001522
81001550
175001550
369001550
574001550
686001550
781001550
885001550
990001550
1185001550
80001578
173001578
370001578
569001578
685001578
776001578
881001578
991001578
1184001578
1294001578
82001607
169001607
370001607
572001607
685001607
787001607
882001607
991001607
1188001607
1294001607
77001635
171001635
265001635
372001635
569001635
683001635
776001635
888001635
991001635
1185001635
1394001635
76001663
167001663
266001663
369001663
573001663
684001663
778001663
884001663
991001663
1186001663
1391001663
81001692
170001692
276001692
371001692
572001692
676001692
780001692
885001692
987001692
1188001692
1393001692
80001720
171001720
275001720
372001720
572001720
677001720
781001720
888001720
988001720
1190001720
78001748
172001748
274001748
372001748
573001748
676001748
781001748
248
890001748
986001748
1192001748
1294001748
1394001748
83001777
176001777
274001777
374001777
573001777
681001777
781001777
886001777
987001777
1191001777
1288001777
80001805
172001805
278001805
369001805
571001805
680001805
781001805
889001805
986001805
1193001805
1294001805
1394001805
76001833
172001833
278001833
372001833
572001833
679001833
780001833
890001833
988001833
1193001833
1293001833
80001862
169001862
274001862
372001862
570001862
676001862
780001862
989001862
1194001862
1294001862
91001890
169001890
278001890
369001890
570001890
678001890
781001890
984001890
1194001890
78001918
173001918
276001918
386001918
571001918
679001918
785001918
894001918
985001918
1290001918
1394001918
78001947
170001947
275001947
391001947
572001947
677001947
782001947
894001947
986001947
1192001947
1294001947
94001975
170001975
276001975
386001975
572001975
679001975
780001975
890001975
994001975
1193001975
1294001975
76002003
170002003
277002003
381002003
493002003
573002003
677002003
782002003
888002003
987002003
1194002003
1294002003
77002031
173002031
277002031
382002031
573002031
680002031
781002031
994002031
1283002031
77002060
169002060
276002060
390002060
571002060
676002060
779002060
885002060
988002060
1193002060
1276002060
92002088
170002088
277002088
381002088
572002088
678002088
786002088
894002088
985002088
1294002088
75002116
172002116
275002116
388002116
571002116
679002116
780002116
886002116
990002116
1194002116
77002145
169002145
288002145
383002145
577002145
680002145
778002145
875002145
991002145
1182002145
1293002145
78002173
169002173
293002173
387002173
573002173
675002173
777002173
876002173
992002173
1189002173
77002201
169002201
273002201
389002201
577002201
674002201
780002201
879002201
992002201
1185002201
75002229
169002229
292002229
391002229
571002229
674002229
779002229
876002229
990002229
1186002229
1394002229
76002258
168002258
276002258
382002258
572002258
678002258
778002258
875002258
986002258
1187002258
76002286
170002286
385002286
571002286
679002286
778002286
874002286
985002286
1185002286
79002314
169002314
389002314
571002314
673002314
777002314
878002314
992002314
1182002314
1284002314
74002343
171002343
388002343
579002343
674002343
775002343
875002343
1184002343
75002371
171002371
394002371
572002371
675002371
776002371
876002371
1187002371
77002399
172002399
379002399
571002399
675002399
779002399
875002399
1184002399
1294002399
73002428
247
172002428
390002428
589002428
678002428
776002428
882002428
1192002428
78002456
171002456
286002456
380002456
592002456
678002456
780002456
875002456
975002456
1189002456
1282002456
76002484
172002484
291002484
392002484
594002484
675002484
780002484
875002484
993002484
1190002484
1294002484
73002513
173002513
394002513
592002513
675002513
776002513
875002513
1191002513
1291002513
74002541
174002541
392002541
591002541
680002541
778002541
880002541
1189002541
72002569
172002569
389002569
591002569
675002569
781002569
876002569
1191002569
1394002569
76002597
172002597
390002597
585002597
675002597
778002597
881002597
1191002597
73002626
172002626
387002626
585002626
675002626
781002626
875002626
1180002626
1394002626
76002654
174002654
389002654
589002654
675002654
781002654
875002654
1186002654
1391002654
73002682
172002682
393002682
594002682
677002682
779002682
876002682
1192002682
1394002682
72002711
172002711
383002711
585002711
678002711
781002711
881002711
1373002711
76002739
170002739
394002739
594002739
674002739
784002739
876002739
1394002739
74002767
171002767
392002767
589002767
679002767
785002767
874002767
72002795
174002795
294002795
394002795
589002795
676002795
778002795
875002795
1194002795
76002824
173002824
591002824
674002824
780002824
890002824
1193002824
73002852
174002852
394002852
594002852
676002852
783002852
1189002852
1394002852
73002880
174002880
393002880
593002880
677002880
781002880
1186002880
71002908
173002908
394002908
575002908
676002908
781002908
1394002908
75002937
173002937
294002937
393002937
590002937
677002937
777002937
73002965
173002965
387002965
587002965
676002965
784002965
1373002965
72002993
173002993
292002993
389002993
590002993
675002993
777002993
1394002993
74003021
173003021
594003021
677003021
784003021
993003021
74003050
171003050
590003050
675003050
781003050
982003050
74003078
171003078
394003078
591003078
677003078
783003078
978003078
1394003078
84003106
184003106
394003106
592003106
685003106
781003106
81003134
181003134
390003134
584003134
687003134
783003134
978003134
1392003134
85003162
169003162
387003162
594003162
690003162
786003162
989003162
1394003162
194003191
1194003191
1291003191
1194003219
194003247
994003247
1169003247
594003275
694003275
994003275
1171003275
1292003275
694003303
1294003303
394003332
594003332
1187003332
1394003332
1183003360
194003388
393003388
994003388
1173003388
194003416
394003416
246
1174003416
1294003416
194003444
393003444
1173003444
94003473
194003473
394003473
1171003473
194003501
389003501
1168003501
1294003501
94003529
194003529
594003529
1176003529
194003557
1168003557
1172003584
1193003612
92003640
193003640
294003640
592003640
694003640
794003640
1194003640
94003668
394003668
694003668
794003668
594003696
1394003696
294003725
1187003725
194003781
586003781
694003781
1194003781
290003809
289003837
594003837
1293003837
280003865
694003865
1292003865
194003894
291003894
394003894
693003894
1193003894
94003922
693003922
1194003922
91003950
694003950
1194003950
1292003950
93003978
394003978
693003978
1292003978
1394003978
291004006
593004006
1194004006
1294004006
94004035
294004035
585004035
1283004035
578004063
1287004063
579004091
1290004091
294004119
578004119
790004119
1285004119
294004148
575004148
790004148
294004176
576004176
294004204
585004204
83004232
580004232
1287004232
92004260
575004260
571004289
91004317
581004317
1292004317
93004345
581004345
571004373
90004401
586004401
94004430
294004430
94004458
294004458
93004486
93004514
694004514
1294004514
94004542
686004542
94004571
1394004627
294004655
694004683
88004711
294004711
693004711
794004711
1390004711
93004740
294004740
1394004740
94004768
294004768
690004768
794004768
94004796
293004796
393004796
694004796
792004796
1194004796
194004824
394004824
694004824
794004824
1194004824
93004852
694004852
394004880
594004880
794004880
1194004880
1293004880
794004965
1290004965
92004993
194004993
394004993
594004993
693004993
793004993
1193004993
1294004993
294005021
394005021
592005021
794005021
294005050
694005050
694005106
594005134
794005134
294005162
593005162
593005190
294005219
593005219
793005219
294005247
594005247
694005247
594005275
693005275
594005303
693005303
694005331
694005359
594005388
794005388
594005416
694005416
94005444
594005444
694005444
94005472
394005472
694005472
794005472
594005500
691005500
793005500
94005529
594005529
691005529
394005557
594005557
685005557
1190005585
1190005613
1294005641
1193005669
1289005669
1192005698
1282005698
194005726
394005726
593005726
694005726
794005726
1293005726
1394005726
1294005782
94005810
194005810
577005810
693005810
794005810
1189005810
1393005810
194005839
393005839
594005839
794005839
1186005839
1294005867
194006008
393006008
593006008
693006008
792006008
1192006008
694006036
194006120
394006120
594006120
693006120
793006120
383006177
245
93006261
394006261
592006261
694006261
790006261
1194006261
94006289
393006289
592006289
693006289
794006289
1194006289
1292006289
594006318
1293006318
1294006346
1288006374
1293006515
393006599
1286006599
1294006628
193006797
391006825
594006825
694006825
1194006825
1291006825
191006853
394006853
93006881
91006909
94006938
94007022
85007050
593007050
694007078
1293007078
93007107
94007135
91007163
694007219
1294007219
394007332
593007332
794007332
1284007332
393007360
1293007360
194007388
794007388
82007417
694007417
94007445
92007473
1193007473
1393007473
194007501
394007501
94007529
1394007529
194007558
1394007558
194007586
194007642
392007642
192007670
193007698
194007727
191007755
178007783
1294007783
194007811
794007811
1194007811
193007839
394007839
187007868
188007896
185007924
585007924
786007924
1194007924
194007952
391007952
590007952
692007952
793007952
1194007952
94007980
393007980
394008008
594008008
1294008008
394008037
594008037
694008037
1294008037
194008065
394008065
594008065
194008093
393008093
594008093
694008093
394008121
594008121
794008121
1392008121
394008149
593008149
694008149
194008178
394008178
594008178
693008178
794008178
1394008178
194008206
393008206
593008206
694008206
788008206
1392008206
785008234
183008262
387008262
591008262
687008262
794008262
194008290
394008290
594008290
794008290
1394008290
179008319
388008319
591008319
652008319
794008319
180008347
389008347
587008347
649008347
793008347
180008375
388008375
590008375
649008375
780008375
179008403
385008403
592008403
656008403
780008403
180008432
387008432
588008432
651008432
782008432
1194008432
180008460
388008460
589008460
649008460
788008460
179008488
387008488
593008488
649008488
779008488
179008516
390008516
589008516
656008516
783008516
180008545
387008545
591008545
649008545
780008545
1186008545
180008573
385008573
592008573
656008573
780008573
1190008573
184008601
385008601
592008601
656008601
782008601
1190008601
1294008601
180008629
383008629
589008629
648008629
783008629
1188008629
181008658
383008658
591008658
648008658
781008658
1189008658
179008686
382008686
590008686
654008686
785008686
1190008686
182008714
387008714
590008714
648008714
785008714
1189008714
181008743
384008743
590008743
654008743
781008743
1187008743
180008771
385008771
592008771
655008771
781008771
1190008771
180008799
387008799
590008799
649008799
786008799
1190008799
1294008799
92008827
179008827
386008827
244
589008827
651008827
786008827
1191008827
1294008827
94008856
179008856
384008856
593008856
654008856
781008856
1189008856
94008884
179008884
384008884
591008884
651008884
789008884
1192008884
92008912
180008912
390008912
588008912
651008912
786008912
1191008912
1292008912
94008941
179008941
389008941
590008941
657008941
790008941
1192008941
1291008941
94008969
178008969
387008969
590008969
650008969
783008969
1192008969
1294008969
91008997
179008997
387008997
591008997
651008997
789008997
1190008997
93009025
179009025
387009025
593009025
651009025
785009025
1192009025
91009054
178009054
385009054
591009054
657009054
784009054
1188009054
92009082
180009082
385009082
591009082
656009082
782009082
1192009082
92009110
178009110
384009110
592009110
654009110
782009110
1188009110
92009139
181009139
385009139
591009139
651009139
783009139
1190009139
92009167
178009167
388009167
591009167
656009167
790009167
1191009167
92009195
180009195
386009195
592009195
651009195
782009195
1188009195
92009223
178009223
384009223
591009223
655009223
784009223
1189009223
92009252
178009252
384009252
591009252
657009252
782009252
1189009252
92009280
178009280
387009280
591009280
648009280
784009280
1188009280
91009308
180009308
385009308
591009308
655009308
786009308
1187009308
91009337
178009337
385009337
592009337
651009337
786009337
1188009337
92009365
178009365
385009365
591009365
656009365
784009365
1190009365
92009393
179009393
388009393
593009393
654009393
788009393
1187009393
92009421
178009421
386009421
591009421
656009421
787009421
1190009421
91009450
178009450
385009450
592009450
656009450
789009450
1190009450
92009478
178009478
385009478
592009478
655009478
792009478
1190009478
92009506
178009506
388009506
592009506
651009506
789009506
1187009506
92009534
178009534
387009534
592009534
654009534
788009534
1188009534
91009563
178009563
388009563
591009563
657009563
782009563
1192009563
92009591
178009591
385009591
592009591
657009591
789009591
1188009591
91009619
178009619
388009619
592009619
656009619
782009619
1187009619
92009648
178009648
385009648
593009648
656009648
794009648
1190009648
92009676
177009676
388009676
593009676
654009676
794009676
1188009676
92009704
177009704
385009704
593009704
657009704
789009704
1188009704
91009732
178009732
388009732
593009732
649009732
785009732
1187009732
177009761
388009761
594009761
654009761
786009761
1189009761
92009789
178009789
243
188057158
371057158
588057158
690057158
775057158
882057158
1188057158
77057186
188057186
372057186
588057186
693057186
774057186
875057186
1189057186
76057214
188057214
372057214
588057214
690057214
774057214
876057214
1185057214
76057243
189057243
372057243
588057243
693057243
779057243
875057243
1189057243
79057271
190057271
373057271
589057271
691057271
773057271
875057271
1189057271
82057299
188057299
372057299
588057299
690057299
776057299
876057299
1187057299
75057327
191057327
373057327
589057327
691057327
773057327
882057327
1187057327
80057356
188057356
372057356
588057356
690057356
773057356
873057356
1189057356
84057384
188057384
373057384
589057384
692057384
776057384
882057384
1186057384
76057412
190057412
372057412
588057412
691057412
775057412
874057412
1189057412
82057441
189057441
371057441
590057441
693057441
774057441
875057441
1189057441
75057469
189057469
373057469
589057469
691057469
773057469
875057469
1191057469
82057497
189057497
373057497
590057497
692057497
775057497
878057497
1187057497
78057525
188057525
374057525
588057525
692057525
780057525
874057525
1188057525
77057554
191057554
373057554
588057554
693057554
773057554
876057554
1192057554
82057582
192057582
372057582
588057582
693057582
774057582
876057582
1188057582
83057610
190057610
372057610
588057610
694057610
773057610
875057610
1190057610
82057638
194057638
374057638
591057638
693057638
775057638
883057638
1189057638
78057667
372057667
589057667
773057667
883057667
1186057667
84057695
191057695
372057695
773057695
872057695
1190057695
76057723
188057723
373057723
773057723
883057723
1189057723
84057751
191057751
370057751
590057751
780057751
872057751
1185057751
77057780
188057780
374057780
589057780
777057780
879057780
1190057780
84057808
191057808
374057808
594057808
773057808
876057808
1192057808
77057836
194057836
373057836
775057836
875057836
1188057836
78057864
194057864
370057864
588057864
773057864
872057864
1185057864
82057893
191057893
373057893
588057893
776057893
873057893
1189057893
84057921
194057921
373057921
773057921
876057921
1189057921
84057949
188057949
374057949
594057949
774057949
883057949
1192057949
75057978
186057978
371057978
587057978
774057978
880057978
1189057978
1294057978
81058006
190058006
378058006
589058006
675058006
781058006
868058006
1194058006
1294058006
1393058006
594058062
94058090
794058090
94058119
1194058147
593058175
1394058175