250
71000414
170000414
259000414
353000414
446000414
60000442
174000442
266000442
356000442
449000442
652000442
758000442
868000442
971000442
1065000442
1156000442
1254000442
1343000442
60000471
173000471
260000471
356000471
448000471
650000471
751000471
867000471
970000471
1072000471
1158000471
1252000471
1343000471
60000499
157000499
277000499
358000499
447000499
650000499
752000499
868000499
970000499
1065000499
1157000499
1255000499
1346000499
58000527
158000527
280000527
385000527
448000527
649000527
753000527
868000527
972000527
1069000527
1157000527
1250000527
1343000527
57000556
157000556
282000556
371000556
483000556
652000556
759000556
870000556
971000556
1062000556
1161000556
1254000556
1345000556
72000584
176000584
280000584
379000584
483000584
675000584
778000584
877000584
980000584
1069000584
1168000584
1276000584
1382000584
73000612
170000612
271000612
379000612
469000612
678000612
775000612
875000612
990000612
1084000612
1181000612
1275000612
1371000612
68000641
172000641
270000641
374000641
472000641
771000641
878000641
976000641
1076000641
1181000641
1273000641
1371000641
70000669
169000669
267000669
385000669
475000669
771000669
884000669
985000669
1090000669
1179000669
1278000669
1370000669
70000698
171000698
270000698
378000698
471000698
674000698
775000698
881000698
988000698
1087000698
1182000698
1274000698
1370000698
71000726
170000726
267000726
382000726
470000726
672000726
773000726
879000726
981000726
1179000726
1271000726
1373000726
72000754
172000754
269000754
372000754
470000754
673000754
773000754
879000754
978000754
1179000754
1275000754
1372000754
70000783
170000783
265000783
376000783
472000783
679000783
775000783
880000783
984000783
1186000783
72000811
172000811
266000811
377000811
469000811
672000811
774000811
878000811
978000811
70000839
168000839
265000839
376000839
472000839
672000839
777000839
989000839
1194000839
71000868
169000868
267000868
381000868
470000868
674000868
775000868
982000868
1187000868
70000896
170000896
266000896
378000896
470000896
673000896
886000896
985000896
1178000896
74000924
170000924
270000924
381000924
469000924
671000924
886000924
979000924
1181000924
72000953
170000953
266000953
377000953
474000953
673000953
772000953
879000953
986000953
1179000953
70000981
171000981
269000981
375000981
469000981
673000981
772000981
891000981
980000981
1189000981
69001009
171001009
270001009
376001009
470001009
673001009
771001009
890001009
249
977001009
1190001009
72001038
169001038
265001038
373001038
467001038
672001038
774001038
881001038
976001038
1186001038
72001066
169001066
264001066
374001066
468001066
672001066
773001066
884001066
984001066
1186001066
74001094
169001094
264001094
379001094
471001094
672001094
771001094
882001094
978001094
1180001094
74001122
171001122
263001122
379001122
469001122
672001122
771001122
880001122
979001122
1183001122
72001151
171001151
266001151
383001151
473001151
672001151
771001151
880001151
978001151
1179001151
70001179
171001179
267001179
385001179
469001179
673001179
773001179
883001179
977001179
1184001179
74001207
174001207
269001207
379001207
469001207
674001207
771001207
885001207
978001207
1183001207
71001236
171001236
265001236
378001236
469001236
675001236
773001236
883001236
977001236
1179001236
72001264
172001264
270001264
379001264
469001264
674001264
773001264
882001264
979001264
1182001264
70001292
171001292
269001292
379001292
469001292
680001292
777001292
886001292
986001292
1184001292
72001321
170001321
266001321
378001321
469001321
674001321
777001321
884001321
979001321
1180001321
71001349
171001349
270001349
380001349
470001349
674001349
772001349
883001349
977001349
1185001349
72001377
168001377
271001377
382001377
474001377
678001377
774001377
886001377
980001377
1179001377
70001406
170001406
270001406
378001406
477001406
682001406
772001406
880001406
985001406
1186001406
1293001406
73001434
169001434
269001434
378001434
469001434
675001434
773001434
878001434
981001434
1177001434
1294001434
72001462
170001462
268001462
376001462
472001462
673001462
771001462
878001462
978001462
1176001462
74001491
171001491
268001491
375001491
472001491
682001491
774001491
888001491
973001491
1180001491
1294001491
70001519
170001519
268001519
375001519
475001519
673001519
773001519
883001519
979001519
1186001519
1293001519
69001547
169001547
271001547
377001547
471001547
681001547
775001547
879001547
981001547
1183001547
1294001547
1394001547
73001576
171001576
271001576
374001576
470001576
675001576
772001576
879001576
976001576
1184001576
1394001576
72001604
172001604
269001604
375001604
472001604
675001604
775001604
877001604
979001604
1188001604
1294001604
1394001604
72001632
172001632
270001632
372001632
472001632
676001632
772001632
880001632
981001632
1188001632
1294001632
1394001632
70001661
173001661
267001661
376001661
474001661
682001661
773001661
248
880001661
979001661
1184001661
1392001661
70001689
174001689
270001689
372001689
473001689
682001689
774001689
881001689
980001689
1189001689
1294001689
70001717
171001717
268001717
373001717
474001717
674001717
773001717
881001717
979001717
1184001717
1293001717
1393001717
71001746
173001746
270001746
372001746
471001746
674001746
777001746
882001746
978001746
1183001746
1294001746
1394001746
71001774
174001774
271001774
374001774
471001774
673001774
774001774
874001774
983001774
1181001774
1294001774
1394001774
70001802
175001802
268001802
375001802
471001802
681001802
776001802
876001802
978001802
1181001802
1294001802
73001831
171001831
267001831
380001831
472001831
676001831
776001831
878001831
977001831
1178001831
70001859
174001859
271001859
385001859
473001859
672001859
772001859
877001859
982001859
1179001859
1292001859
72001887
176001887
269001887
391001887
472001887
672001887
774001887
881001887
983001887
1181001887
1294001887
72001915
174001915
267001915
381001915
473001915
679001915
771001915
881001915
981001915
1177001915
1294001915
71001944
175001944
272001944
389001944
471001944
673001944
772001944
875001944
978001944
1180001944
1293001944
71001972
174001972
268001972
392001972
471001972
673001972
770001972
879001972
981001972
1181001972
1294001972
72002000
173002000
271002000
388002000
471002000
677002000
775002000
879002000
977002000
1181002000
1294002000
72002029
170002029
267002029
393002029
477002029
673002029
779002029
874002029
984002029
1181002029
1293002029
71002057
170002057
266002057
393002057
474002057
677002057
782002057
876002057
983002057
1179002057
72002085
169002085
265002085
384002085
475002085
679002085
779002085
882002085
982002085
1186002085
1294002085
79002114
170002114
266002114
385002114
477002114
685002114
784002114
872002114
985002114
1181002114
75002142
174002142
288002142
379002142
471002142
674002142
777002142
876002142
982002142
1183002142
74002170
171002170
294002170
386002170
472002170
673002170
778002170
883002170
984002170
1181002170
71002199
170002199
392002199
475002199
674002199
782002199
873002199
994002199
1184002199
80002227
172002227
375002227
472002227
678002227
773002227
880002227
993002227
1181002227
72002255
171002255
385002255
474002255
672002255
782002255
874002255
1183002255
1281002255
74002283
171002283
392002283
472002283
687002283
777002283
880002283
1179002283
1294002283
72002312
170002312
387002312
477002312
247
680002312
785002312
874002312
1185002312
1294002312
77002340
185002340
294002340
385002340
493002340
690002340
787002340
893002340
990002340
1194002340
94002368
194002368
287002368
391002368
493002368
693002368
894002368
993002368
1294002368
88002397
191002397
294002397
384002397
491002397
690002397
788002397
890002397
1191002397
1294002397
190002425
394002425
494002425
677002425
786002425
888002425
1178002425
376002453
493002453
688002453
791002453
893002453
1181002453
184002481
370002481
487002481
683002481
787002481
885002481
1191002481
1391002481
94002510
188002510
376002510
491002510
694002510
793002510
886002510
994002510
1193002510
91002538
188002538
293002538
379002538
489002538
691002538
794002538
894002538
1194002538
94002566
194002566
294002566
374002566
493002566
686002566
789002566
888002566
1187002566
1394002566
362002595
794002595
893002595
86002623
185002623
374002623
484002623
678002623
792002623
889002623
1394002623
194002651
384002651
694002651
93002679
193002679
392002679
494002679
692002679
788002679
890002679
90002708
194002708
393002708
494002708
693002708
791002708
892002708
1192002708
91002736
192002736
388002736
488002736
690002736
793002736
1193002736
91002764
193002764
392002764
491002764
684002764
792002764
1184002764
94002792
194002792
392002792
494002792
694002792
794002792
1194002792
93002820
193002820
393002820
493002820
676002820
790002820
1394002820
91002849
193002849
394002849
494002849
689002849
794002849
1394002849
92002877
194002877
394002877
494002877
693002877
794002877
89002905
193002905
392002905
491002905
689002905
792002905
87002933
193002933
394002933
492002933
692002933
793002933
1392002933
91002962
192002962
392002962
492002962
686002962
791002962
1194002962
92002990
192002990
294002990
389002990
494002990
687002990
793002990
91003018
191003018
389003018
489003018
679003018
779003018
1394003018
83003046
185003046
375003046
494003046
676003046
782003046
85003075
184003075
366003075
492003075
676003075
775003075
79003103
187003103
389003103
671003103
778003103
184003131
671003131
778003131
184003159
393003159
673003159
780003159
1194003159
94003188
194003188
394003188
493003188
694003188
793003188
1193003188
1394003188
94003216
185003216
494003216
675003216
779003216
994003216
1394003216
179003244
677003244
776003244
1194003244
177003272
294003272
679003272
782003272
994003272
1194003272
178003300
294003300
393003300
246
678003300
782003300
1194003300
1394003300
189003329
394003329
685003329
789003329
194003357
683003357
777003357
194003385
681003385
781003385
93003413
194003413
685003413
778003413
191003442
294003442
394003442
690003442
791003442
994003442
94003470
185003470
494003470
691003470
794003470
992003470
193003498
693003498
787003498
188003526
693003526
777003526
994003526
183003554
494003554
694003554
788003554
994003554
94003583
183003583
494003583
691003583
781003583
993003583
1294003583
94003611
184003611
692003611
787003611
991003611
94003639
190003639
394003639
678003639
791003639
994003639
1194003639
93003667
194003667
694003667
793003667
1194003667
1393003667
294003695
494003724
494003752
294003780
1294003780
294003808
294003836
291003864
293003893
493003893
289003921
493003921
1292003921
94003949
293003949
488003949
1285003949
478003977
1281003977
294004006
479004006
794004006
1286004006
293004034
483004034
794004034
1280004034
294004062
476004062
792004062
1294004062
294004090
485004090
94004118
294004118
477004118
794004118
71004147
485004147
794004147
1293004147
84004175
468004175
94004203
294004203
475004203
1294004203
93004231
294004231
478004231
694004231
1293004231
1394004231
94004259
294004259
482004259
81004288
482004288
194004316
394004316
693004316
792004316
194004344
383004344
694004344
792004344
394004372
792004372
794004400
193004428
394004428
778004428
191004457
391004457
782004457
1194004457
1294004457
1394004457
694004485
786004485
292004513
691004513
794004513
1393004513
394004541
690004541
792004541
193004569
693004569
777004569
94004598
286004598
384004598
494004598
792004598
1385004598
94004626
689004626
793004626
293004654
494004654
686004654
791004654
1194004654
1394004654
194004682
391004682
794004682
1192004682
87004710
194004710
393004710
494004710
790004710
1394004710
90004739
294004739
394004739
689004739
793004739
1288004739
1394004739
94004767
394004767
692004767
787004767
1194004767
94004795
194004795
292004795
494004795
681004795
784004795
394004823
691004823
788004823
94004851
394004851
494004851
678004851
770004851
1294004851
92004880
194004880
394004880
689004880
792004880
1194004880
94004908
294004908
390004908
494004908
694004908
790004908
1294004908
192004936
294004936
391004936
494004936
694004936
788004936
693004964
793004964
694004992
794004992
394005021
494005021
694005021
793005021
289005049
494005049
694005049
793005049
245
284005077
494005077
694005077
94005105
293005105
394005105
493005105
694005105
94005133
294005133
394005133
688005133
794005133
1394005133
94005162
394005162
685005162
1394005162
94005190
394005190
693005190
794005190
1394005190
194005218
693005218
794005218
1394005218
194005246
394005246
691005246
793005246
1394005246
93005274
394005274
794005274
1393005274
94005303
194005303
394005303
494005303
694005303
791005303
1394005303
94005331
194005331
494005331
694005331
793005331
1394005331
94005359
194005359
394005359
494005359
793005359
1194005359
1393005359
90005387
194005387
394005387
693005387
794005387
89005415
194005415
493005415
693005415
790005415
93005443
194005443
393005443
493005443
690005443
794005443
1394005443
394005472
693005472
94005500
394005500
694005500
94005528
690005528
394005556
687005556
794005556
394005584
693005584
794005584
689005613
792005613
194005641
694005641
790005641
1394005641
693005669
794005669
1194005669
194005697
692005697
794005697
1194005697
692005725
794005725
1192005725
94005754
494005754
693005754
793005754
1193005754
394005782
693005782
792005782
1193005782
692005810
793005810
1294005810
694005838
794005838
694005866
794005866
394005895
686005895
794005895
1194005895
393005923
494005923
693005923
794005923
1294005923
382005951
692005951
793005951
393005979
694005979
794005979
1193005979
94006007
379006007
693006007
794006007
1194006007
94006036
374006036
688006036
792006036
1192006036
393006064
692006064
794006064
794006092
1194006092
194006120
391006120
684006120
794006120
1194006120
93006148
688006148
794006148
1194006148
389006176
481006176
692006176
794006176
1294006176
94006205
393006205
494006205
692006205
793006205
384006233
687006233
794006233
1193006233
381006261
690006261
792006261
1193006261
388006289
688006289
792006289
1190006289
381006318
694006318
792006318
1189006318
386006346
694006346
794006346
1194006346
383006374
694006374
784006374
1190006374
380006402
694006402
794006402
1192006402
194006430
382006430
694006430
789006430
1193006430
387006459
694006459
793006459
1194006459
194006487
692006487
1194006487
386006515
694006515
794006515
1194006515
1394006515
390006543
394006571
694006571
393006600
694006600
1194006600
394006628
694006628
794006628
394006656
1194006656
394006684
494006684
392006712
193006740
381006740
494006740
694006740
1193006740
1394006740
192006769
384006769
694006769
794006769
1194006769
1394006769
191006797
244
393006797
194006825
393006825
694006825
1294006825
1394006825
194006853
393006853
194006881
394006881
194006910
392006910
693006910
794006910
1191006910
493006938
694006938
1194006938
1283006938
194006966
694006966
1194006966
1293006966
194006994
394006994
693006994
1191006994
194007022
392007022
691007022
794007022
1194007022
1294007022
1394007022
193007051
388007051
694007051
194007079
394007079
694007079
1286007079
1394007079
194007107
394007107
694007107
794007107
93007135
194007135
386007135
693007135
1193007135
1293007135
1394007135
188007163
194007192
387007192
694007192
794007192
1194007192
1393007192
193007220
393007220
94007248
194007248
392007248
486007248
794007248
1194007248
1293007248
93007276
1194007276
1292007276
794007304
1194007304
1289007304
1294007333
1194007361
1290007361
94007389
1193007389
1193007417
82007445
382007445
1194007445
94007474
379007474
1169007474
189007502
794007502
1192007502
1394007502
94007530
394007530
94007558
393007558
1294007586
93007643
394007643
1393007643
94007671
392007671
93007699
393007699
1294007699
1294007727
69007784
374007784
1194007784
194007812
376007812
494007812
779007812
1184007812
1293007812
191007840
384007840
485007840
694007840
794007840
1194007840
94007868
193007868
381007868
488007868
692007868
794007868
1394007868
173007896
375007896
494007896
689007896
794007896
1193007896
190007925
384007925
494007925
694007925
793007925
1194007925
169007953
366007953
692007953
793007953
169007981
364007981
494007981
677007981
170008009
364008009
492008009
679008009
792008009
94008038
170008038
361008038
493008038
679008038
1193008038
171008066
362008066
679008066
171008094
363008094
494008094
679008094
171008122
366008122
677008122
794008122
170008151
362008151
490008151
676008151
794008151
1394008151
171008179
365008179
679008179
794008179
1194008179
171008207
361008207
487008207
679008207
793008207
171008235
362008235
490008235
682008235
792008235
171008264
364008264
489008264
682008264
780008264
171008292
364008292
491008292
683008292
787008292
170008320
362008320
491008320
684008320
782008320
170008348
362008348
492008348
679008348
783008348
171008377
361008377
492008377
679008377
783008377
171008405
364008405
491008405
682008405
781008405
171008433
365008433
492008433
683008433
782008433
1191008433
173008461
361008461
492008461
680008461
788008461
1189008461
171008490
365008490
492008490
681008490
782008490
1187008490
1289008490
170008518
243
365008518
490008518
681008518
784008518
1192008518
1294008518
94008546
170008546
365008546
491008546
679008546
786008546
1187008546
169008575
364008575
491008575
680008575
784008575
1185008575
170008603
361008603
493008603
683008603
782008603
1187008603
171008631
365008631
491008631
681008631
781008631
1186008631
171008659
361008659
492008659
683008659
788008659
1187008659
171008688
365008688
492008688
684008688
782008688
1184008688
1294008688
75008716
171008716
365008716
491008716
680008716
783008716
1189008716
70008744
171008744
366008744
490008744
683008744
780008744
1184008744
71008773
171008773
364008773
491008773
686008773
785008773
1183008773
80008801
170008801
361008801
491008801
683008801
782008801
1181008801
1292008801
67008829
170008829
364008829
491008829
686008829
786008829
1189008829
75008858
170008858
367008858
488008858
683008858
782008858
1191008858
1294008858
1394008858
77008886
170008886
362008886
492008886
681008886
780008886
1187008886
1394008886
75008914
170008914
366008914
493008914
682008914
781008914
1183008914
71008942
171008942
364008942
492008942
683008942
782008942
1187008942
1394008942
69008971
171008971
363008971
492008971
683008971
785008971
1184008971
71008999
170008999
362008999
492008999
683008999
782008999
1189008999
73009027
171009027
364009027
492009027
680009027
783009027
1183009027
74009056
170009056
363009056
492009056
681009056
780009056
1182009056
70009084
171009084
366009084
493009084
680009084
780009084
1184009084
68009112
170009112
362009112
493009112
683009112
783009112
1183009112
72009140
170009140
363009140
492009140
680009140
783009140
1185009140
75009169
170009169
364009169
493009169
680009169
783009169
1184009169
68009197
170009197
363009197
493009197
681009197
784009197
1185009197
68009225
170009225
364009225
492009225
679009225
781009225
1185009225
68009254
170009254
364009254
492009254
680009254
783009254
1184009254
70009282
171009282
366009282
492009282
680009282
783009282
1182009282
68009310
170009310
364009310
492009310
680009310
783009310
1184009310
73009339
170009339
362009339
492009339
683009339
781009339
1183009339
68009367
170009367
362009367
492009367
680009367
784009367
1182009367
69009395
170009395
364009395
492009395
682009395
782009395
1184009395
75009423
170009423
364009423
493009423
682009423
782009423
1184009423
77009452
171009452
364009452
493009452
679009452
782009452
1186009452
72009480
170009480
242
363009480
492009480
683009480
780009480
1188009480
72009508
171009508
364009508
493009508
683009508
788009508
1188009508
68009537
171009537
363009537
493009537
683009537
781009537
1184009537
78009565
170009565
365009565
493009565
680009565
783009565
1185009565
75009593
173009593
363009593
493009593
683009593
783009593
1184009593
76009621
170009621
364009621
493009621
683009621
783009621
1188009621
75009650
171009650
362009650
493009650
679009650
780009650
1185009650
69009678
173009678
362009678
493009678
681009678
780009678
1184009678
70009706
170009706
364009706
492009706
683009706
783009706
1185009706
70009734
170009734
365009734
492009734
680009734
780009734
1186009734
75009763
170009763
362009763
492009763
679009763
781009763
1185009763
70009791
170009791
362009791
493009791
680009791
782009791
1186009791
75009819
170009819
366009819
492009819
680009819
790009819
1184009819
69009847
170009847
362009847
492009847
680009847
783009847
1182009847
70009876
361009876
492009876
683009876
789009876
1183009876
73009904
362009904
683009904
783009904
1184009904
76009932
364009932
494009932
683009932
783009932
1186009932
70009960
365009960
494009960
679009960
788009960
1188009960
73009989
364009989
492009989
680009989
780009989
1186009989
68010017
169010017
362010017
494010017
680010017
779010017
1185010017
70010045
364010045
493010045
681010045
780010045
1184010045
70010073
170010073
362010073
494010073
680010073
780010073
1187010073
73010102
170010102
361010102
492010102
683010102
780010102
1185010102
78010130
170010130
364010130
492010130
681010130
779010130
1182010130
73010158
169010158
361010158
492010158
680010158
779010158
1184010158
73010186
170010186
362010186
494010186
683010186
779010186
1184010186
68010215
170010215
362010215
494010215
684010215
780010215
1183010215
70010243
170010243
364010243
494010243
680010243
780010243
1184010243
79010271
169010271
365010271
494010271
684010271
789010271
1183010271
76010299
170010299
362010299
493010299
680010299
779010299
1183010299
70010328
170010328
362010328
494010328
680010328
790010328
1184010328
76010356
169010356
362010356
492010356
680010356
780010356
1181010356
73010384
170010384
364010384
494010384
680010384
779010384
1191010384
68010412
170010412
365010412
683010412
1183010412
68010441
169010441
362010441
492010441
683010441
1184010441
75010469
169010469
362010469
494010469
680010469
1183010469
67010497
241
71057138
174057138
382057138
489057138
683057138
787057138
880057138
1174057138
72057166
173057166
393057166
489057166
683057166
787057166
883057166
1170057166
70057195
179057195
384057195
490057195
683057195
794057195
883057195
1170057195
73057223
393057223
494057223
683057223
883057223
1170057223
76057251
382057251
490057251
683057251
792057251
883057251
1170057251
70057279
179057279
490057279
682057279
789057279
889057279
1170057279
75057308
384057308
494057308
683057308
790057308
879057308
1171057308
72057336
393057336
490057336
691057336
787057336
886057336
1172057336
71057364
383057364
490057364
688057364
791057364
883057364
1176057364
75057392
393057392
491057392
688057392
891057392
1176057392
70057421
384057421
491057421
687057421
891057421
1171057421
72057449
174057449
491057449
688057449
879057449
1171057449
72057477
174057477
394057477
490057477
691057477
883057477
1170057477
76057505
174057505
491057505
682057505
891057505
1170057505
75057534
173057534
490057534
691057534
879057534
1175057534
76057562
174057562
393057562
494057562
688057562
789057562
882057562
1170057562
173057590
393057590
492057590
688057590
788057590
880057590
1175057590
173057619
490057619
681057619
788057619
883057619
1170057619
70057647
173057647
393057647
489057647
687057647
789057647
891057647
1175057647
70057675
175057675
382057675
491057675
684057675
789057675
891057675
1171057675
70057703
174057703
383057703
491057703
689057703
789057703
883057703
1170057703
70057732
174057732
383057732
490057732
684057732
789057732
889057732
1170057732
70057760
173057760
383057760
490057760
690057760
788057760
889057760
1170057760
70057788
173057788
383057788
489057788
688057788
788057788
879057788
1174057788
70057816
174057816
383057816
490057816
687057816
789057816
891057816
1170057816
69057845
173057845
382057845
489057845
688057845
788057845
879057845
1170057845
70057873
173057873
383057873
490057873
687057873
789057873
879057873
1169057873
71057901
174057901
380057901
489057901
687057901
788057901
879057901
1169057901
1284057901
71057929
173057929
389057929
491057929
685057929
784057929
882057929
1170057929
1293057929
1382057929
71057958
173057958
388057958
494057958
683057958
786057958
883057958
1170057958
1286057958
1387057958
72057986
189057986
387057986
683057986
790057986
878057986
1170057986
1288057986
1384057986
75058014
194058014
384058014
494058014
688058014
783058014
877058014
240
1178058014
1293058014
94058043
393058043
794058043
894058043
1194058043
1294058043
1394058043
192058099
1394058127
694058155
94058184
694058184
792058184
894058184
194058212
692058212
894058212
1294058212
1394058212
194058240
394058240
1194058240
194058268
394058268
693058268
1186058268
1290058268
1394058268
94058296
191058296
394058296
1294058296
1394058296
94058324
693058324
1290058324
1393058324
393058353
694058353
1293058353
89058381
194058381
1274058381
193058409
1291058409
394058437
94058465
390058465
1282058465
94058494
184058494
1275058494
94058522
192058522
85058578
191058578
493058578
1293058578
93058606
192058606
1292058606
93058635
477058635
1290058635
470058663
1294058663
80058691
84058719
1283058719
94058747
194058747
394058747
492058747
187058775
494058775
191058804
394058804
1294058804
192058832
394058832
192058860
394058860
1294058860
184058888
494058888
1294058888
177058916
494058916
1293058916
179058945
494058945
1292058945
178058973
494058973
1294058973
176059001
494059001
178059029
494059029
178059057
494059057
180059086
185059114
394059114
794059114
894059114
488059142
894059142
1192059142
94059170
193059170
494059170
680059170
865059170
1194059170
1392059170
86059198
192059198
693059198
885059198
1191059198
1392059198
93059255
693059255
887059255
1391059255
81059283
685059283
888059283
88059311
694059311
889059311
85059340
692059340
882059340
93059368
494059396
675059396
794059396
894059396
1191059396
1392059396
88059424
394059424
694059424
794059424
880059424
1194059424
1390059424
94059452
194059452
694059452
888059452
1390059452
86059481
693059481
1391059481
90059509
194059509
693059509
884059509
90059537
194059537
692059537
887059537
88059565
192059565
694059565
890059565
1388059565
89059594
191059594
694059594
879059594
1393059594
87059622
190059622
694059622
884059622
1393059622
85059650
194059650
694059650
889059650
1389059650
72059678
479059678
881059678
1389059678
87059706
193059706
694059706
889059706
1394059706
90059735
194059735
694059735
890059735
1394059735
89059763
694059763
884059763
1393059763
84059791
189059791
693059791
884059791
1391059791
94059819
185059819
694059819
878059819
1391059819
89059848
188059848
891059848
1394059848
94059876
188059876
694059876
881059876
1388059876
91059904
190059904
694059904
880059904
1390059904
83059932
187059932
692059932
881059932
1391059932
70059961
875059961
1390059961
84059989
187059989
885059989