250
85000354
178000354
272000354
366000354
458000354
548000354
62000382
172000382
277000382
368000382
459000382
548000382
761000382
881000382
976000382
1067000382
1167000382
1265000382
1355000382
63000411
159000411
271000411
369000411
462000411
548000411
755000411
877000411
974000411
1078000411
1168000411
1265000411
1355000411
64000439
162000439
282000439
368000439
460000439
548000439
755000439
873000439
974000439
1070000439
1168000439
1263000439
1357000439
62000467
164000467
282000467
379000467
462000467
548000467
755000467
877000467
975000467
1079000467
1166000467
1262000467
1353000467
58000496
162000496
286000496
375000496
481000496
548000496
761000496
880000496
972000496
1067000496
1169000496
1266000496
1357000496
62000524
158000524
283000524
370000524
473000524
581000524
755000524
876000524
972000524
1072000524
1167000524
1266000524
1358000524
90000552
182000552
386000552
484000552
792000552
893000552
990000552
1091000552
1189000552
1284000552
1380000552
78000581
189000581
293000581
380000581
490000581
573000581
765000581
887000581
992000581
1091000581
1188000581
1284000581
1380000581
80000609
185000609
289000609
385000609
488000609
572000609
766000609
869000609
993000609
1093000609
1189000609
1289000609
1383000609
80000637
189000637
293000637
381000637
491000637
578000637
767000637
868000637
981000637
1090000637
1192000637
1284000637
1384000637
81000666
183000666
289000666
376000666
487000666
577000666
765000666
866000666
981000666
1185000666
1282000666
1389000666
85000694
189000694
285000694
380000694
488000694
579000694
765000694
867000694
981000694
1185000694
1286000694
1389000694
80000722
188000722
287000722
381000722
487000722
574000722
767000722
866000722
985000722
1185000722
89000751
188000751
286000751
388000751
487000751
578000751
766000751
867000751
984000751
1190000751
77000779
187000779
289000779
389000779
488000779
575000779
767000779
867000779
983000779
1185000779
83000807
187000807
288000807
385000807
486000807
580000807
766000807
867000807
983000807
1186000807
81000836
185000836
286000836
383000836
487000836
573000836
765000836
869000836
983000836
1177000836
84000864
185000864
278000864
385000864
485000864
571000864
767000864
866000864
981000864
1182000864
87000892
186000892
280000892
384000892
488000892
577000892
765000892
866000892
986000892
1176000892
77000921
184000921
280000921
380000921
485000921
581000921
767000921
866000921
981000921
1180000921
79000949
184000949
249
282000949
381000949
487000949
582000949
768000949
866000949
984000949
1186000949
85000977
179000977
281000977
380000977
483000977
572000977
768000977
866000977
982000977
1189000977
76001006
181001006
276001006
380001006
486001006
573001006
768001006
866001006
986001006
1183001006
87001034
183001034
273001034
381001034
485001034
573001034
766001034
869001034
981001034
1176001034
86001062
183001062
274001062
385001062
484001062
576001062
765001062
867001062
984001062
1183001062
79001091
182001091
290001091
382001091
485001091
575001091
767001091
869001091
983001091
1180001091
82001119
182001119
288001119
386001119
485001119
571001119
767001119
867001119
982001119
1183001119
79001147
187001147
279001147
382001147
486001147
576001147
765001147
867001147
988001147
1183001147
73001176
186001176
285001176
378001176
484001176
575001176
768001176
868001176
985001176
1175001176
88001204
186001204
280001204
379001204
486001204
580001204
768001204
984001204
1183001204
78001232
190001232
277001232
386001232
487001232
572001232
764001232
979001232
1183001232
80001261
187001261
281001261
385001261
486001261
572001261
765001261
990001261
1173001261
83001289
181001289
273001289
384001289
485001289
579001289
767001289
989001289
1172001289
88001317
184001317
275001317
384001317
479001317
576001317
768001317
866001317
985001317
1183001317
76001346
180001346
272001346
385001346
480001346
583001346
766001346
866001346
988001346
1189001346
1283001346
86001374
185001374
279001374
377001374
487001374
578001374
766001374
866001374
986001374
1187001374
1292001374
78001402
182001402
277001402
384001402
490001402
576001402
768001402
866001402
981001402
1186001402
84001431
185001431
281001431
385001431
489001431
572001431
767001431
866001431
987001431
1185001431
1293001431
91001459
191001459
278001459
385001459
487001459
580001459
768001459
866001459
981001459
1188001459
1293001459
81001487
183001487
272001487
385001487
487001487
572001487
764001487
866001487
982001487
1190001487
84001516
186001516
279001516
385001516
487001516
582001516
766001516
866001516
986001516
1173001516
1293001516
1392001516
81001544
193001544
273001544
386001544
477001544
576001544
764001544
866001544
984001544
1186001544
1393001544
80001572
191001572
275001572
387001572
478001572
572001572
768001572
866001572
981001572
1176001572
1393001572
75001601
191001601
285001601
387001601
477001601
582001601
766001601
866001601
248
983001601
1174001601
1293001601
1392001601
82001629
186001629
275001629
387001629
479001629
579001629
768001629
866001629
982001629
1174001629
1290001629
1393001629
90001657
193001657
276001657
383001657
479001657
579001657
764001657
866001657
977001657
1182001657
1293001657
79001686
192001686
276001686
383001686
478001686
578001686
764001686
866001686
982001686
1184001686
1293001686
87001714
187001714
276001714
384001714
476001714
572001714
767001714
866001714
976001714
1185001714
1293001714
89001742
190001742
281001742
376001742
476001742
575001742
768001742
866001742
976001742
1174001742
1293001742
86001770
191001770
275001770
389001770
477001770
570001770
768001770
865001770
980001770
1175001770
86001799
192001799
276001799
379001799
478001799
581001799
768001799
866001799
980001799
1183001799
1293001799
83001827
192001827
389001827
479001827
581001827
767001827
866001827
981001827
1185001827
1291001827
79001855
192001855
274001855
386001855
479001855
580001855
768001855
866001855
977001855
1189001855
1292001855
77001884
190001884
276001884
384001884
479001884
580001884
768001884
866001884
985001884
1190001884
1293001884
78001912
191001912
389001912
478001912
573001912
766001912
867001912
974001912
1186001912
1279001912
93001940
192001940
380001940
478001940
582001940
768001940
866001940
982001940
1192001940
1293001940
80001968
193001968
392001968
482001968
581001968
766001968
866001968
982001968
1190001968
84001997
390001997
476001997
590001997
768001997
866001997
981001997
1177001997
93002025
193002025
289002025
393002025
476002025
572002025
764002025
866002025
984002025
1182002025
92002053
193002053
279002053
386002053
475002053
589002053
768002053
866002053
985002053
1175002053
90002082
186002082
285002082
372002082
472002082
570002082
768002082
866002082
980002082
1176002082
1393002082
89002110
186002110
375002110
473002110
571002110
768002110
867002110
981002110
1177002110
1293002110
86002138
192002138
293002138
375002138
472002138
574002138
766002138
866002138
991002138
1179002138
92002167
192002167
375002167
472002167
575002167
767002167
867002167
1172002167
1288002167
88002195
191002195
380002195
473002195
583002195
763002195
866002195
1171002195
80002223
193002223
387002223
473002223
576002223
766002223
866002223
1181002223
1292002223
90002251
193002251
372002251
471002251
572002251
768002251
866002251
1177002251
90002280
188002280
379002280
472002280
585002280
247
764002280
870002280
1172002280
181002308
374002308
473002308
593002308
767002308
867002308
1172002308
86002336
183002336
293002336
393002336
472002336
593002336
764002336
868002336
993002336
1174002336
92002365
186002365
391002365
472002365
592002365
767002365
867002365
1171002365
1287002365
82002393
187002393
392002393
579002393
767002393
870002393
1172002393
90002421
193002421
386002421
472002421
592002421
768002421
868002421
1172002421
1393002421
85002450
187002450
383002450
472002450
589002450
766002450
868002450
1171002450
88002478
190002478
387002478
473002478
590002478
767002478
866002478
1183002478
89002506
185002506
377002506
472002506
586002506
768002506
867002506
993002506
1189002506
1393002506
192002534
392002534
472002534
582002534
764002534
867002534
1193002534
1391002534
93002563
192002563
393002563
473002563
590002563
764002563
869002563
1392002563
87002591
186002591
393002591
588002591
766002591
867002591
1393002591
90002619
188002619
387002619
472002619
579002619
768002619
868002619
1393002619
90002648
183002648
291002648
393002648
472002648
586002648
765002648
868002648
1190002648
1393002648
93002676
186002676
393002676
474002676
585002676
765002676
888002676
1192002676
1393002676
90002704
187002704
392002704
472002704
586002704
767002704
1191002704
1393002704
89002732
187002732
393002732
473002732
591002732
765002732
1169002732
1393002732
79002761
188002761
383002761
593002761
765002761
1386002761
93002789
183002789
376002789
593002789
764002789
85002817
187002817
393002817
592002817
768002817
1193002817
1392002817
77002845
193002845
389002845
589002845
764002845
1393002845
83002874
585002874
768002874
993002874
1393002874
93002902
193002902
589002902
767002902
992002902
1193002902
1293002902
93002930
191002930
386002930
590002930
768002930
989002930
1393002930
80002958
180002958
373002958
586002958
763002958
990002958
1393002958
83002987
193002987
375002987
572002987
766002987
1392002987
78003015
193003015
381003015
573003015
759003015
993003015
1393003015
79003043
189003043
389003043
580003043
761003043
992003043
1193003043
86003071
188003071
393003071
579003071
762003071
993003071
1192003071
93003100
187003100
393003100
579003100
762003100
993003100
93003128
187003128
379003128
586003128
759003128
993003128
1193003128
182003156
573003156
763003156
993003156
1392003156
182003184
580003184
762003184
986003184
1392003184
189003213
589003213
759003213
246
188003241
392003241
576003241
759003241
183003269
389003269
582003269
763003269
989003269
187003297
393003297
582003297
763003297
990003297
178003326
584003326
760003326
993003326
93003354
184003354
393003354
586003354
762003354
993003354
93003382
178003382
393003382
591003382
761003382
993003382
188003410
393003410
592003410
762003410
984003410
181003438
592003438
765003438
992003438
186003467
589003467
767003467
993003467
193003495
493003495
592003495
784003495
193003523
493003523
589003523
786003523
190003551
593003551
783003551
983003551
193003580
393003580
593003580
783003580
193003608
580003608
785003608
93003636
193003636
393003636
493003636
793003636
1193003636
1392003636
93003664
293003664
1188003664
93003692
193003692
1166003692
93003721
1189003721
93003749
492003749
1190003749
193003777
493003777
1193003777
92003805
193003805
489003805
1193003805
93003833
193003833
493003833
93003861
193003861
1193003861
1290003861
193003890
393003890
1393003890
88003918
193003918
393003918
92003946
793003946
1193003946
393003974
1193003974
393004030
91004059
193004059
393004059
393004087
1193004087
193004115
393004115
790004115
1293004115
793004143
1292004143
293004171
393004171
793004171
193004200
789004200
791004228
790004256
1291004256
1391004256
192004284
385004284
593004284
191004312
393004312
793004312
1193004312
1283004312
1393004312
93004341
279004341
393004341
593004341
93004369
1289004369
90004397
477004397
1291004397
92004425
291004425
393004453
590004453
792004453
1392004453
393004482
585004482
793004482
591004510
793004510
1393004510
93004538
293004538
393004538
493004538
593004538
1388004538
88004566
284004566
489004566
793004566
1392004566
93004594
185004594
393004594
1192004594
192004623
490004623
590004623
790004623
1192004623
190004651
393004651
1193004651
191004679
1192004679
1293004679
92004707
493004707
93004735
192004735
392004735
492004735
586004735
785004735
1191004735
1293004735
593004764
788004764
1293004764
493004792
585004792
792004792
193004820
588004820
782004820
1193004820
1293004820
93004848
193004848
393004848
593004848
1192004848
1293004848
74004876
193004876
290004876
393004876
593004876
1393004876
93004905
193004905
391004905
593004905
793004905
1192004905
93004933
193004933
390004933
593004933
793004933
1193004933
1293004933
392004961
593004961
193004989
393004989
1193004989
93005017
190005017
290005017
393005017
82005045
189005045
391005045
245
1193005045
1293005045
1390005045
92005074
193005074
391005074
593005074
1393005074
93005102
193005102
393005102
493005102
590005102
1193005102
493005130
592005130
193005158
393005158
490005158
592005158
93005187
192005187
493005187
592005187
793005187
1393005187
192005215
592005215
793005215
1393005215
93005243
193005243
592005243
793005243
93005271
193005271
493005271
593005271
792005271
1392005271
93005299
193005299
493005299
593005299
793005299
93005327
193005327
493005327
592005327
793005327
91005356
192005356
490005356
593005356
793005356
93005384
193005384
492005384
591005384
793005384
193005412
393005412
493005412
592005412
1193005412
190005440
393005440
592005440
1393005440
93005468
189005468
493005468
583005468
793005468
1291005468
93005497
192005497
393005497
582005497
792005497
1392005497
191005525
590005525
792005525
1393005525
190005553
393005553
592005553
793005553
1393005553
192005581
493005581
584005581
793005581
1292005581
189005610
393005610
584005610
1393005610
192005638
592005638
793005638
1190005638
1393005638
193005666
493005666
592005666
793005666
1192005666
1292005666
1393005666
192005694
591005694
793005694
1193005694
93005722
191005722
592005722
1191005722
192005750
591005750
793005750
1193005750
1292005750
190005779
589005779
1193005779
1290005779
192005807
393005807
593005807
793005807
93005835
191005835
393005835
593005835
793005835
1180005835
1292005835
193005863
393005863
487005863
593005863
793005863
1192005863
93005891
193005891
392005891
592005891
789005891
1193005891
591005920
1192005920
93005948
193005948
592005948
1192005948
93005976
193005976
493005976
593005976
793005976
1192005976
193006004
393006004
591006004
793006004
1192006004
1293006004
193006061
393006061
591006061
791006061
1193006061
93006089
191006089
590006089
793006089
1192006089
189006117
393006117
493006117
588006117
791006117
1193006117
1293006117
93006145
193006145
391006145
491006145
592006145
793006145
93006174
191006174
392006174
592006174
793006174
93006202
191006202
393006202
590006202
793006202
1189006202
192006230
588006230
791006230
1189006230
1192006258
592006286
789006286
1183006286
1392006286
193006315
593006315
1190006315
592006343
1191006343
593006371
1187006371
193006399
593006399
1178006399
192006427
392006427
593006427
792006427
1188006427
1393006427
189006456
592006456
1187006456
1393006456
93006484
190006484
393006484
593006484
791006484
1190006484
1393006484
189006512
244
393006512
593006512
788006512
1189006512
93006540
190006540
393006540
793006540
1191006540
191006569
393006569
792006569
1192006569
190006597
593006597
1193006597
193006625
391006625
792006625
1188006625
193006653
793006653
1189006653
1289006653
393006681
493006681
590006681
793006681
1193006681
1293006681
193006710
1177006710
192006738
390006738
592006738
1192006738
1293006738
1193006766
593006794
1186006794
1290006794
193006822
1183006822
593006851
1191006851
393006879
593006879
793006879
1191006879
1292006879
393006907
1192006907
393006935
579006935
1193006935
191006963
392006963
592006963
1191006963
193006992
393006992
593006992
1192006992
1293006992
193007020
593007020
790007020
92007048
193007048
393007048
1193007048
1293007048
493007076
1289007076
84007104
793007104
1191007104
1279007104
86007133
92007161
391007217
590007217
86007245
92007273
491007330
75007358
393007499
192007809
392007809
592007809
793007809
1193007809
1393007809
193007837
370007837
592007837
193007865
393007865
592007865
192007893
392007893
592007893
192007922
388007922
589007922
1193007922
186007950
384007950
493007950
579007950
184007978
384007978
493007978
578007978
1393007978
186008006
382008006
493008006
579008006
1193008006
188008035
383008035
493008035
578008035
1293008035
183008063
382008063
493008063
578008063
1193008063
185008091
383008091
578008091
182008119
381008119
493008119
576008119
187008147
381008147
578008147
192008176
381008176
456008176
584008176
192008204
382008204
458008204
580008204
192008232
382008232
450008232
583008232
1193008232
193008261
379008261
450008261
584008261
193008289
379008289
453008289
584008289
1193008289
192008317
386008317
455008317
584008317
192008345
385008345
455008345
579008345
191008374
379008374
455008374
580008374
192008402
379008402
453008402
584008402
1178008402
192008430
381008430
450008430
577008430
1183008430
193008458
385008458
450008458
582008458
1169008458
1293008458
93008487
192008487
385008487
450008487
583008487
1169008487
193008515
385008515
450008515
582008515
1169008515
193008543
383008543
450008543
578008543
1169008543
192008571
380008571
452008571
579008571
1169008571
192008600
386008600
450008600
580008600
1169008600
93008628
192008628
383008628
450008628
579008628
783008628
1169008628
191008656
383008656
450008656
584008656
786008656
1170008656
1291008656
90008685
187008685
384008685
450008685
584008685
780008685
1180008685
88008713
192008713
386008713
243
450008713
585008713
779008713
1181008713
84008741
188008741
381008741
450008741
583008741
781008741
1179008741
1284008741
88008769
188008769
386008769
450008769
579008769
779008769
1169008769
1291008769
93008798
190008798
386008798
450008798
584008798
780008798
1177008798
1293008798
92008826
188008826
380008826
450008826
578008826
779008826
1169008826
1293008826
89008854
185008854
379008854
450008854
580008854
781008854
1171008854
87008883
184008883
384008883
450008883
581008883
781008883
1169008883
87008911
189008911
384008911
450008911
583008911
781008911
1169008911
86008939
190008939
384008939
451008939
580008939
781008939
1182008939
86008968
189008968
384008968
450008968
579008968
781008968
1169008968
86008996
188008996
384008996
450008996
583008996
784008996
1169008996
86009024
188009024
379009024
450009024
579009024
781009024
1171009024
86009052
190009052
379009052
450009052
580009052
781009052
1169009052
86009081
190009081
384009081
450009081
583009081
781009081
1169009081
86009109
190009109
384009109
450009109
579009109
781009109
1169009109
87009137
190009137
379009137
450009137
582009137
781009137
1169009137
86009166
189009166
385009166
450009166
583009166
780009166
1170009166
86009194
187009194
379009194
450009194
580009194
781009194
1169009194
87009222
190009222
384009222
450009222
583009222
781009222
1179009222
86009250
186009250
379009250
451009250
582009250
781009250
1169009250
86009279
190009279
379009279
450009279
580009279
781009279
1182009279
86009307
190009307
379009307
450009307
580009307
781009307
1170009307
86009335
186009335
379009335
450009335
583009335
781009335
1179009335
86009364
188009364
385009364
450009364
583009364
781009364
1169009364
87009392
190009392
379009392
450009392
583009392
780009392
1170009392
88009420
188009420
379009420
450009420
582009420
781009420
1177009420
86009448
190009448
384009448
450009448
579009448
781009448
1169009448
86009477
190009477
379009477
450009477
579009477
785009477
1169009477
86009505
190009505
384009505
450009505
580009505
781009505
1169009505
86009533
189009533
384009533
450009533
580009533
781009533
1170009533
90009561
189009561
383009561
450009561
580009561
781009561
1169009561
86009590
190009590
382009590
451009590
580009590
780009590
1169009590
86009618
190009618
379009618
450009618
580009618
781009618
1169009618
86009646
190009646
379009646
450009646
580009646
781009646
1169009646
88009674
242
188009675
381009675
450009675
580009675
788009675
1171009675
88009703
189009703
388009703
454009703
580009703
781009703
1169009703
86009731
190009731
379009731
450009731
580009731
784009731
1170009731
86009759
190009759
379009759
450009759
580009759
781009759
1169009759
88009788
188009788
382009788
450009788
582009788
780009788
1175009788
86009816
190009816
379009816
450009816
579009816
785009816
1170009816
86009844
190009844
379009844
450009844
580009844
781009844
1169009844
86009872
188009872
379009872
450009872
582009872
784009872
1171009872
86009901
188009901
384009901
450009901
579009901
781009901
1169009901
87009929
190009929
388009929
450009929
580009929
781009929
1181009929
86009957
190009957
384009957
450009957
580009957
780009957
1170009957
86009985
187009985
379009985
450009985
580009985
780009985
1174009985
86010014
190010014
384010014
450010014
580010014
785010014
1171010014
86010042
190010042
379010042
450010042
580010042
783010042
1174010042
87010070
188010070
378010070
450010070
580010070
782010070
1169010070
86010098
190010098
379010098
450010098
580010098
786010098
1169010098
87010127
190010127
379010127
450010127
580010127
786010127
1172010127
88010155
189010155
379010155
450010155
580010155
780010155
1171010155
86010183
190010183
379010183
450010183
580010183
786010183
1169010183
87010211
188010211
382010211
450010211
580010211
781010211
1172010211
86010240
188010240
385010240
450010240
580010240
781010240
1169010240
86010268
189010268
379010268
452010268
580010268
780010268
1172010268
89010296
189010296
380010296
450010296
580010296
781010296
1172010296
86010324
189010324
379010324
450010324
580010324
781010324
1169010324
87010352
190010352
384010352
450010352
580010352
781010352
1181010352
86010381
190010381
384010381
450010381
580010381
781010381
1170010381
86010409
187010409
379010409
450010409
580010409
780010409
1172010409
86010437
187010437
380010437
450010437
579010437
781010437
1170010437
1293010437
86010465
181010465
392010465
492010465
584010465
774010465
1184010465
86010494
183010494
392010494
587010494
778010494
1178010494
1293010494
91010522
184010522
382010522
593010522
776010522
1190010522
93010550
179010550
776010550
1185010550
93010578
184010578
393010578
593010578
786010578
1176010578
93010607
188010607
779010607
1171010607
178010635
781010635
1180010635
1393010635
193010663
793010663
1193010663
193010691
793010691
1193010691
241
193010719
192010748
792010748
1193010748
393010804
390010860
393010889
788010973
786011001
793011029
1193011029
793011058
1192011058
593011114
1191011283
1393011283
793011311
1193011311
1390011311
793011339
1193011339
1393011339
1193011368
1193011424
1193011452
1193011480
1193011509
792011537
1181011537
1391011537
389011593
792011593
1293011593
382011621
393011649
393011678
386011734
793011734
1193011734
1288011734
393011790
793011790
392011818
393011847
1179011847
1293011847
378011875
1393011875
1192011903
393011931
1189011931
1393011931
1174011959
388011988
1185011988
391012016
1174012016
1393012016
391012044
1174012044
391012072
1191012072
390012100
1184012100
386012129
1178012129
1393012129
386012157
1178012157
1393012157
1391012185
386012213
1193012213
392012242
1180012242
1392012242
386012270
1193012270
391012298
1193012298
391012326
393012354
1191012354
1393012354
388012383
1188012383
386012411
393012439
1189012439
1393012439
393012467
1187012467
393012495
1188012495
1189012524
393012552
1191012552
393012580
1193012580
1393012580
393012608
1183012608
387012636
391012664
1187012664
382012693
1192012693
393012721
1180012721
393012749
1188012749
393012777
1189012777
393012806
1186012806
393012834
1179012834
392012862
1182012862
391012890
1171012890
388012918
1192012918
390012947
1187012947
389012975
1181012975
385013003
1171013003
393013031
1192013031
384013059
1186013059
386013088
1186013088
392013116
1189013116
393013144
1179013144
393013172
1193013172
386013200
1177013200
386013229
1191013229
393013257
1186013257
393013285
1192013285
390013313
1193013313
389013342
1192013342
392013370
1193013370
1190013398
1179013426
393013454
1180013454
392013482
1192013482
1184013511
1393013511
393013539
1190013539
1393013539
393013567
1192013567
392013595
1188013595
389013623
1193013623
1293013623
1193013652
386013680
1193013680
1392013680
385013708
589013708
1186013708
389013736
1193013736
385013764
1193013764
1393013764
374013793
1193013793
1393013793
370013821
1191013821
1393013821
389013849
793013849
1293013849
393013877
777013877
393013905
1189013905
1292013934
390013962
1192013962
392013990
1293013990
392014046
1292014046
393014075
793014103
393014131
385014159
793014159
1293014159
793014215
793014244
391014300
393014328
388014356
793014356
1289014385
392014413
1193014413
1292014413
1293014441
1393014441
393014525
791014525
1288014525
1290014554
393014610
792014723
1384014723
393014751
793014751
777014779
393014807
792014807
793014835
380086876
793086876
386086904
793086904