250
74000245
153000245
260000245
364000245
466000245
567000245
677000245
771000245
64000274
156000274
256000274
369000274
467000274
563000274
677000274
771000274
957000274
1056000274
1164000274
1267000274
1369000274
66000302
161000302
259000302
368000302
467000302
568000302
675000302
771000302
958000302
1056000302
1163000302
1268000302
1369000302
65000331
164000331
269000331
367000331
465000331
565000331
675000331
771000331
957000331
1056000331
1163000331
1270000331
1372000331
63000359
162000359
281000359
380000359
467000359
566000359
673000359
771000359
958000359
1061000359
1163000359
1268000359
1370000359
61000387
164000387
293000387
374000387
487000387
566000387
677000387
771000387
957000387
1056000387
1167000387
1269000387
1370000387
62000416
160000416
280000416
372000416
470000416
579000416
673000416
769000416
956000416
1057000416
1164000416
1271000416
1370000416
63000444
162000444
283000444
373000444
465000444
573000444
683000444
768000444
958000444
1055000444
1162000444
1269000444
1366000444
60000472
165000472
294000472
374000472
468000472
576000472
685000472
955000472
1058000472
1163000472
1267000472
1366000472
80000501
178000501
273000501
376000501
485000501
665000501
990000501
1089000501
1186000501
1290000501
1378000501
84000529
177000529
271000529
382000529
484000529
575000529
666000529
972000529
1093000529
1190000529
1285000529
1381000529
82000557
175000557
272000557
376000557
484000557
575000557
665000557
973000557
1192000557
1286000557
1381000557
78000586
184000586
274000586
376000586
480000586
577000586
667000586
973000586
1187000586
1285000586
1381000586
84000614
175000614
271000614
379000614
480000614
577000614
668000614
775000614
972000614
1167000614
84000643
179000643
272000643
388000643
480000643
666000643
776000643
971000643
1168000643
84000671
174000671
272000671
382000671
486000671
666000671
775000671
972000671
1166000671
82000699
176000699
273000699
376000699
480000699
666000699
776000699
970000699
1166000699
83000727
175000727
272000727
383000727
479000727
580000727
667000727
778000727
972000727
1163000727
87000756
176000756
274000756
380000756
484000756
580000756
665000756
775000756
971000756
1163000756
88000784
180000784
271000784
387000784
489000784
577000784
665000784
778000784
972000784
1163000784
81000812
177000812
272000812
382000812
484000812
590000812
665000812
775000812
971000812
1167000812
77000841
177000841
275000841
379000841
479000841
587000841
665000841
249
776000841
971000841
1166000841
87000869
176000869
272000869
379000869
488000869
580000869
666000869
775000869
971000869
1168000869
81000897
175000897
269000897
382000897
480000897
583000897
666000897
776000897
972000897
1166000897
89000926
178000926
271000926
377000926
493000926
582000926
665000926
777000926
971000926
1163000926
89000954
177000954
271000954
383000954
485000954
582000954
666000954
778000954
971000954
1166000954
80000982
176000982
286000982
378000982
494000982
581000982
775000982
971000982
1163000982
83001011
176001011
286001011
386001011
492001011
577001011
775001011
971001011
1166001011
80001039
178001039
274001039
381001039
492001039
586001039
778001039
973001039
1166001039
78001067
177001067
279001067
376001067
490001067
584001067
776001067
972001067
1163001067
86001096
177001096
275001096
378001096
484001096
592001096
667001096
776001096
971001096
1166001096
82001124
179001124
273001124
387001124
484001124
584001124
673001124
778001124
971001124
1166001124
85001152
178001152
275001152
382001152
483001152
583001152
666001152
776001152
973001152
1163001152
82001181
181001181
272001181
381001181
483001181
589001181
670001181
775001181
973001181
1163001181
88001209
177001209
271001209
389001209
488001209
582001209
668001209
775001209
973001209
1165001209
86001237
175001237
271001237
384001237
491001237
588001237
668001237
777001237
972001237
1167001237
1293001237
86001266
183001266
268001266
375001266
481001266
578001266
668001266
771001266
973001266
1166001266
86001294
183001294
270001294
375001294
479001294
586001294
672001294
775001294
972001294
1167001294
86001322
180001322
269001322
380001322
480001322
578001322
668001322
775001322
975001322
1170001322
82001351
177001351
269001351
375001351
480001351
581001351
666001351
777001351
971001351
1167001351
1295001351
88001379
183001379
270001379
388001379
487001379
577001379
670001379
783001379
972001379
1166001379
1296001379
85001407
179001407
270001407
377001407
481001407
583001407
668001407
777001407
972001407
1163001407
1296001407
1393001407
89001436
177001436
269001436
387001436
490001436
578001436
667001436
780001436
972001436
1166001436
1396001436
88001464
182001464
271001464
388001464
580001464
667001464
774001464
972001464
1164001464
1396001464
80001492
177001492
383001492
490001492
583001492
667001492
775001492
972001492
1163001492
89001520
185001520
388001520
488001520
584001520
669001520
248
775001520
972001520
1163001520
1294001520
1393001520
94001549
182001549
378001549
576001549
668001549
777001549
969001549
1167001549
1295001549
1396001549
84001577
180001577
278001577
387001577
577001577
668001577
779001577
970001577
1169001577
1296001577
92001605
178001605
273001605
388001605
488001605
574001605
667001605
776001605
971001605
1166001605
1290001605
91001634
178001634
279001634
378001634
486001634
574001634
669001634
775001634
969001634
1163001634
1396001634
87001662
184001662
274001662
386001662
486001662
573001662
667001662
776001662
969001662
1163001662
1294001662
85001690
179001690
273001690
389001690
486001690
580001690
667001690
774001690
969001690
1166001690
91001719
178001719
274001719
384001719
486001719
579001719
668001719
775001719
971001719
1165001719
1295001719
85001747
178001747
275001747
388001747
486001747
577001747
666001747
776001747
969001747
1169001747
1294001747
85001775
181001775
283001775
380001775
487001775
577001775
667001775
776001775
971001775
1169001775
1296001775
88001804
177001804
273001804
392001804
486001804
574001804
667001804
776001804
968001804
1164001804
1296001804
91001832
182001832
279001832
395001832
484001832
576001832
668001832
774001832
969001832
1169001832
1296001832
86001860
182001860
272001860
380001860
484001860
577001860
667001860
773001860
971001860
1169001860
87001888
178001888
271001888
380001888
485001888
578001888
668001888
775001888
971001888
1162001888
1294001888
90001917
181001917
274001917
395001917
485001917
572001917
668001917
775001917
971001917
1166001917
92001945
178001945
276001945
395001945
479001945
578001945
667001945
775001945
971001945
1167001945
89001973
175001973
285001973
375001973
484001973
572001973
667001973
777001973
971001973
1169001973
1396001973
91002002
177002002
265002002
385002002
479002002
575002002
668002002
773002002
971002002
1167002002
90002030
176002030
378002030
478002030
572002030
669002030
775002030
984002030
1166002030
90002058
182002058
375002058
482002058
574002058
668002058
775002058
996002058
1169002058
1293002058
83002087
184002087
382002087
477002087
579002087
666002087
782002087
1168002087
92002115
179002115
390002115
479002115
575002115
667002115
774002115
1167002115
1295002115
88002143
178002143
373002143
475002143
578002143
668002143
784002143
1165002143
1296002143
87002172
178002172
380002172
475002172
590002172
666002172
777002172
1166002172
1296002172
90002200
247
186050476
282050476
366050476
571050476
677050476
749050476
988050476
1083050476
1178050476
1296050476
193050505
285050505
366050505
567050505
674050505
749050505
990050505
1077050505
1176050505
1280050505
1396050505
191050533
293050533
370050533
566050533
673050533
748050533
985050533
1077050533
1171050533
1274050533
1395050533
190050561
292050561
369050561
567050561
679050561
754050561
983050561
1076050561
1173050561
1275050561
1396050561
191050590
274050590
372050590
467050590
570050590
673050590
749050590
995050590
1080050590
1173050590
1290050590
193050618
367050618
490050618
567050618
678050618
750050618
1083050618
1178050618
1285050618
92050646
183050646
292050646
367050646
490050646
571050646
675050646
749050646
996050646
1077050646
1174050646
1294050646
296050674
364050674
470050674
567050674
677050674
749050674
996050674
1079050674
1174050674
1285050674
1396050674
296050703
364050703
484050703
567050703
672050703
749050703
1075050703
1170050703
1287050703
296050731
365050731
485050731
570050731
675050731
747050731
1077050731
1172050731
1292050731
1396050731
96050759
189050759
295050759
377050759
479050759
584050759
693050759
783050759
996050759
1095050759
1185050759
1288050759
93050788
196050788
282050788
395050788
695050788
796050788
990050788
1096050788
1196050788
1396050788
96050816
294050816
393050816
496050816
595050816
692050816
791050816
979050816
1090050816
1196050816
1296050816
194050844
392050844
493050844
589050844
692050844
787050844
975050844
1093050844
1192050844
1393050844
194050872
392050872
496050872
590050872
688050872
789050872
973050872
1089050872
1195050872
1296050872
96050901
195050901
392050901
494050901
591050901
694050901
792050901
976050901
1093050901
1191050901
1296050901
1396050901
196050929
389050929
496050929
586050929
693050929
787050929
986050929
1094050929
1195050929
1292050929
196050957
296050957
392050957
493050957
587050957
695050957
789050957
972050957
1093050957
1194050957
95050985
196050985
295050985
393050985
496050985
590050985
696050985
793050985
996050985
1194050985
96051014
393051014
490051014
588051014
695051014
793051014
985051014
1196051014
1290051014
396051042
494051042
792051042
991051042
295051070
796051070
189051098
296051098
495051098
593051098
694051098
791051098
1095051098
1196051098
1396051098
96051126
196051126
292051126
395051126
496051126
594051126
696051126
1196051126
1288051126
193051155
293051155
496051155
1388051155
94051211
195051211
696051211
246
96051239
194051239
394051239
595051239
696051239
1194051239
1296051239
1396051239
96051267
196051267
396051267
596051267
1396051267
96051296
396051296
492051296
593051296
1196051296
1296051296
1391051296
96051324
196051324
1392051324
83051352
488051352
594051352
1395051352
196051380
395051380
496051380
585051380
1194051380
1293051380
1393051380
193051408
395051408
490051408
586051408
696051408
1195051408
1386051408
196051437
396051437
493051437
593051437
696051437
1196051437
1396051437
96051465
396051465
496051465
1195051465
1390051465
396051493
1193051493
196051549
396051549
596051549
694051549
1196051549
1395051549
196051577
396051577
696051577
1196051577
1392051577
196051606
1196051606
1396051634
1196051662
1395051662
596051690
1193051690
1394051690
1392051718
595051747
1396051747
1296051775
96051803
596051803
1295051803
293051831
595051831
1196051831
296051859
189051887
389051887
595051887
694051887
1192051887
1392051887
96051916
193051916
394051916
492051916
695051916
1188051916
1394051916
194051944
384051944
479051944
691051944
1190051944
1372051944
85051972
396051972
696051972
1084051972
1188051972
1389051972
85052000
195052000
394052000
496052000
695052000
1095052000
1189052000
1296052000
1391052000
88052029
196052029
396052029
694052029
796052029
1189052029
1396052029
87052057
191052057
394052057
595052057
696052057
796052057
1092052057
1187052057
1394052057
86052085
180052085
388052085
496052085
693052085
1193052085
1384052085
72052113
188052113
390052113
493052113
691052113
1191052113
1396052113
95052141
193052141
396052141
96052170
196052170
396052170
496052170
1195052170
96052198
196052198
396052198
495052198
696052198
1193052198
79052226
396052226
496052226
696052226
1194052226
1396052226
96052254
196052254
396052254
596052254
696052254
1196052254
1293052254
196052282
395052282
587052282
696052282
1196052282
1293052282
290052311
596052311
1196052311
196052339
289052339
96052367
194052367
385052367
496052367
584052367
690052367
1195052367
88052395
189052395
384052395
492052395
684052395
1174052395
1291052395
1391052395
72052423
395052423
495052423
596052423
1289052423
94052452
193052452
292052452
790052452
1194052452
1290052452
95052480
195052480
396052480
586052480
1286052480
96052508
192052508
390052508
496052508
590052508
693052508
1194052508
1295052508
1396052508
92052536
188052536
375052536
496052536
594052536
688052536
1190052536
1293052536
1396052536
89052565
389052565
496052565
596052565
245
1196052565
96052593
395052593
496052593
590052593
695052593
1195052593
1291052593
89052621
496052621
593052621
1196052621
94052649
396052649
494052649
592052649
696052649
1295052649
94052677
195052677
391052677
494052677
592052677
691052677
1192052677
1293052677
1392052677
96052706
291052706
796052706
96052734
288052734
796052734
94052762
292052762
795052762
1290052762
95052790
196052790
296052790
596052790
791052790
96052818
289052818
796052818
93052847
290052847
794052847
92052875
386052875
486052875
594052875
688052875
1392052875
90052903
296052903
389052903
196052931
388052931
492052931
591052931
685052931
195052959
395052959
492052959
596052959
689052959
195052988
388052988
495052988
589052988
694052988
1194052988
1395052988
195053016
390053016
484053016
593053016
676053016
1196053016
1396053016
191053044
395053044
494053044
595053044
693053044
795053044
1196053044
1393053044
94053073
191053073
391053073
492053073
591053073
692053073
794053073
1194053073
1389053073
90053101
291053101
396053101
493053101
592053101
696053101
1177053101
1396053101
94053129
191053129
393053129
493053129
570053129
691053129
1187053129
1393053129
91053157
185053157
293053157
395053157
482053157
580053157
696053157
1191053157
1296053157
1393053157
94053185
195053185
391053185
489053185
591053185
695053185
796053185
1194053185
1388053185
92053214
193053214
296053214
391053214
480053214
583053214
694053214
796053214
1191053214
1389053214
196053242
395053242
491053242
591053242
696053242
1177053242
1393053242
84053270
396053270
495053270
596053270
696053270
1175053270
1390053270
96053298
195053298
295053298
390053298
591053298
693053298
1192053298
1395053298
93053327
196053327
391053327
496053327
594053327
695053327
1176053327
1396053327
196053355
396053355
496053355
596053355
696053355
1188053355
96053383
596053383
94053411
196053411
595053411
1383053411
796053439
1196053439
96053468
296053468
691053468
796053468
1194053468
289053496
396053496
595053496
691053496
796053496
1294053496
95053524
196053524
286053524
389053524
496053524
596053524
692053524
1296053524
1390053524
291053552
396053552
491053552
693053552
796053552
1295053552
1393053552
194053581
296053581
383053581
592053581
794053581
193053609
377053609
584053609
793053609
1396053609
196053637
295053637
395053637
495053637
591053637
788053637
1293053637
1396053637
296053665
378053665
581053665
192053693
283053693
396053693
590053693
696053693
244
796053693
1189053693
1283053693
1380053693
96053722
192053722
290053722
392053722
496053722
595053722
792053722
1196053722
1294053722
192053750
292053750
396053750
495053750
586053750
793053750
1195053750
1296053750
1391053750
195053778
295053778
396053778
586053778
791053778
1192053778
1293053778
1393053778
194053806
291053806
396053806
592053806
696053806
791053806
1190053806
1293053806
1393053806
196053835
288053835
396053835
584053835
1195053835
1396053835
196053863
291053863
394053863
596053863
796053863
1196053863
1295053863
1395053863
190053891
296053891
396053891
493053891
792053891
1191053891
1291053891
1394053891
181053919
296053919
696053919
1195053919
1290053919
1395053919
195053947
295053947
389053947
494053947
596053947
695053947
1196053947
1391053947
192053976
282053976
392053976
494053976
589053976
696053976
795053976
1296053976
1393053976
494054004
681054004
794054004
1294054004
193054032
394054032
596054032
696054032
194054060
296054060
393054060
491054060
791054060
1290054060
1396054060
196054088
282054088
387054088
496054088
796054088
295054117
391054117
492054117
796054117
194054145
294054145
390054145
494054145
1394054145
396054173
495054173
695054173
789054173
1195054173
1395054173
293054201
492054201
594054201
783054201
1196054201
1294054201
196054229
288054229
383054230
495054230
595054230
784054230
1292054230
1396054230
196054258
290054258
393054258
594054258
1295054258
1396054258
196054286
291054286
394054286
486054286
1196054286
1293054286
1395054286
196054314
289054314
396054314
485054314
596054314
795054314
1195054314
1288054314
196054342
281054342
396054342
479054342
1296054342
89054371
696054371
793054371
1188054371
1291054371
191054399
293054399
388054399
592054399
1196054399
1292054399
1389054399
293054427
1285054427
96054455
188054455
289054455
392054455
496054455
588054455
1292054455
1391054455
196054483
274054483
396054483
693054483
1295054483
1393054483
794054512
1286054512
188054540
293054540
385054540
481054540
584054540
796054540
1396054540
295054568
396054568
596054568
794054568
1396054568
96054596
178054596
289054596
391054596
488054596
581054596
793054596
1195054596
1393054596
89054624
196054624
278054624
391054624
494054624
595054624
696054624
794054624
1196054624
1384054624
295054653
396054653
593054653
96054681
292054681
396054681
492054681
596054681
693054681
795054681
1192054681
196054709
296054709
396054709
596054709
780054709
1392054709
296054737
396054737
490054737
243
595054737
1196054737
1396054737
181054765
296054766
383054766
495054766
576054766
796054766
1393054766
180054794
293054794
392054794
492054794
590054794
692054794
792054794
1395054794
191054822
296054822
380054822
591054822
692054822
796054822
1396054822
292054850
393054850
496054850
593054850
695054850
789054850
1388054850
395054878
678054878
296054907
394054907
689054907
796054907
1390054907
193054935
293054935
390054935
589054935
690054935
1395054935
194054963
296054963
395054963
496054963
593054963
696054963
796054963
1395054963
194054991
289054991
394054991
488054991
592054991
694054991
792054991
1382054991
193055020
293055020
395055020
491055020
590055020
689055020
796055020
1393055020
396055048
496055048
596055048
695055048
1378055048
196055076
296055076
594055076
692055076
796055076
1395055076
185055104
296055104
393055104
588055104
696055104
795055104
1393055104
296055132
396055132
494055132
796055132
1392055132
396055161
496055161
180055189
288055189
394055189
495055189
589055189
688055189
796055189
1194055189
1395055189
294055217
396055217
494055217
696055217
793055217
1295055217
1396055217
196055245
296055245
396055245
496055245
596055245
696055245
791055245
1290055245
95055273
196055273
296055273
395055273
496055273
596055273
796055273
1184055273
1293055273
196055302
395055302
596055302
794055302
1187055302
1293055302
296055330
395055330
596055330
792055330
1187055330
1291055330
195055358
396055358
496055358
596055358
688055358
780055358
1192055358
90055386
194055386
395055386
496055386
596055386
689055386
780055386
1195055386
1296055386
196055415
396055415
596055415
691055415
786055415
1195055415
396055443
696055443
796055443
1195055443
1395055443
196055471
388055471
496055471
594055471
693055471
793055471
1195055471
1296055471
1395055471
195055499
390055499
496055499
596055499
689055499
789055499
1192055499
1288055499
1395055499
96055527
396055527
696055527
796055527
1183055527
1296055527
93055556
196055556
394055556
496055556
596055556
796055556
1182055556
1295055556
95055584
395055584
596055584
696055584
794055584
1185055584
96055612
395055612
496055612
596055612
696055612
794055612
1181055612
1296055612
296055640
395055640
696055640
791055640
1183055640
1296055640
96055668
1178055668
1296055668
96055697
196055697
296055697
392055697
794055697
1184055697
1291055697
192055725
295055725
392055725
496055725
596055725
694055725
794055725
1181055725
1290055725
96055753
294055753
393055753
242
694055753
791055753
1185055753
1287055753
1396055753
96055781
396055781
787055781
1185055781
1294055781
296055808
391055808
794055808
1295055808
91055836
296055836
395055836
792055836
1181055836
1288055836
96055864
191055864
393055864
496055864
685055864
781055864
1196055864
1284055864
195055892
395055892
496055892
596055892
689055892
782055892
1190055892
1286055892
1391055892
196055921
296055921
395055921
496055921
687055921
784055921
1191055921
1290055921
96055949
195055949
296055949
394055949
496055949
596055949
691055949
787055949
1190055949
1289055949
96055977
193055977
395055977
596055977
686055977
775055977
1193055977
1289055977
96056005
196056005
395056005
596056005
687056005
796056005
1196056005
1292056005
96056033
196056033
396056033
596056033
690056033
1196056033
96056062
395056062
595056062
689056062
796056062
1290056062
296056090
394056090
596056090
690056090
1290056090
1396056090
96056118
393056118
593056118
694056118
1195056118
1288056118
1396056118
394056146
693056146
1195056146
1289056146
196056174
390056174
596056174
689056174
791056174
1196056174
1290056174
195056203
296056203
388056203
487056203
592056203
696056203
791056203
1195056203
1286056203
181056231
373056231
476056231
779056231
1181056231
1296056231
1386056231
96056259
188056259
365056259
473056259
580056259
768056259
1183056259
1296056259
1390056259
183056288
365056288
473056288
592056288
686056288
767056288
1182056288
1295056288
1386056288
96056316
188056316
369056316
473056316
576056316
674056316
767056316
1186056316
1392056316
79056344
186056344
363056344
471056344
576056344
674056344
767056344
1184056344
1295056344
1394056344
68056372
183056372
365056372
476056372
583056372
673056372
767056372
1187056372
1296056372
1395056372
69056401
183056401
363056401
475056401
579056401
674056401
767056401
1187056401
1393056401
69056429
184056429
363056429
479056429
588056429
673056429
768056429
1182056429
1296056429
1395056429
72056457
184056457
365056457
483056457
578056457
676056457
769056457
1186056457
1396056457
71056486
181056486
369056486
475056486
581056486
673056486
768056486
1181056486
1296056486
1394056486
69056514
185056514
363056514
472056514
587056514
674056514
768056514
1184056514
1294056514
1390056514
72056542
181056542
365056542
473056542
576056542
673056542
766056542
1179056542
1394056542
71056571
187056571
366056571
476056571
586056571
675056571
766056571
1187056571
1395056571
73056599
183056599
367056599
477056599
241
584056599
677056599
766056599
1181056599
1393056599
69056627
180056627
362056627
474056627
588056627
676056627
767056627
1185056627
1396056627
69056656
190056656
361056656
482056656
578056656
674056656
767056656
1182056656
1295056656
1391056656
70056684
185056684
362056684
475056684
587056684
674056684
769056684
1178056684
1292056684
69056712
185056712
362056712
475056712
589056712
678056712
768056712
1178056712
1295056712
1396056712
70056740
186056740
364056740
473056740
574056740
678056740
766056740
1185056740
1293056740
68056769
188056769
366056769
473056769
577056769
671056769
770056769
1184056769
1295056769
72056797
183056797
364056797
472056797
582056797
674056797
770056797
1183056797
1296056797
1380056797
68056825
193056825
362056825
481056825
583056825
673056825
771056825
1180056825
1295056825
1393056825
70056854
184056854
361056854
474056854
584056854
675056854
769056854
1180056854
1391056854
70056882
185056882
367056882
473056882
582056882
675056882
767056882
1179056882
1396056882
69056910
185056910
362056910
473056910
580056910
676056910
767056910
1181056910
1396056910
69056938
184056938
362056938
474056938
589056938
675056938
769056938
1181056938
69056967
186056967
362056967
473056967
590056967
673056967
771056967
1181056967
70056995
184056995
367056995
477056995
579056995
678056995
766056995
70057023
185057023
362057023
473057023
580057023
674057023
768057023
69057051
184057051
367057051
481057051
589057051
674057051
766057051
70057080
184057080
366057080
474057080
583057080
676057080
767057080
1187057080
68057108
183057108
367057108
476057108
579057108
674057108
770057108
1185057108
70057136
184057136
364057136
481057136
587057136
673057136
767057136
1186057136
69057164
183057164
367057164
474057164
581057164
675057164
767057164
1186057164
68057193
185057193
361057193
482057193
578057193
674057193
770057193
1187057193
68057221
184057221
367057221
479057221
579057221
675057221
767057221
1188057221
72057249
184057249
364057249
474057249
579057249
675057249
767057249
1184057249
69057278
182057278
362057278
481057278
578057278
674057278
766057278
1187057278
69057306
185057306
364057306
473057306
578057306
674057306
771057306
1184057306
69057334
184057334
367057334
476057334
578057334
677057334
767057334
1181057334
68057362
184057362
363057362
473057362
581057362
673057362
768057362
1182057362
70057391
184057391
364057391
473057391
578057391
675057391
767057391
240
1183057391
70057419
184057419
362057419
473057419
578057419
674057419
767057419
1184057419
69057447
184057447
364057447
475057447
578057447
677057447
771057447
1184057447
70057475
184057475
361057475
475057475
582057475
674057475
771057475
1187057475
68057504
182057504
362057504
481057504
578057504
674057504
766057504
1183057504
69057532
184057532
367057532
481057532
578057532
675057532
771057532
1181057532
70057560
185057560
362057560
475057560
579057560
674057560
767057560
1185057560
68057588
182057588
361057588
481057588
580057588
674057588
766057588
1181057588
70057617
185057617
361057617
473057617
579057617
674057617
767057617
1183057617
69057645
184057645
367057645
479057645
580057645
674057645
766057645
1183057645
72057673
183057673
361057673
482057673
577057673
677057673
770057673
1180057673
69057702
185057702
361057702
473057702
580057702
674057702
771057702
1186057702
68057730
185057730
367057730
474057730
578057730
674057730
766057730
1184057730
70057758
185057758
366057758
473057758
579057758
675057758
768057758
1183057758
69057786
183057786
365057786
482057786
578057786
674057786
767057786
1183057786
72057815
183057815
364057815
482057815
584057815
674057815
768057815
1181057815
67057843
184057843
365057843
479057843
582057843
677057843
767057843
1182057843
69057871
183057871
361057871
474057871
587057871
674057871
767057871
1183057871
1294057871
72057899
184057899
367057899
473057899
577057899
674057899
766057899
1187057899
1293057899
67057928
183057928
365057928
473057928
582057928
677057928
766057928
1187057928
1296057928
1396057928
71057956
179057956
365057956
495057956
581057956
675057956
766057956
1182057956
1292057956
1394057956
68057984
176057984
368057984
582057984
678057984
765057984
1183057984
1295057984
1393057984
68058013
368058013
573058013
679058013
767058013
1186058013
1282058013
1379058013
86058041
364058041
496058041
679058041
769058041
1180058041
1291058041
96058069
362058069
682058069
766058069
1184058069
1284058069
367058097
682058097
767058097
1184058097
1289058097
361058126
596058126
767058126
1182058126
1295058126
383058154
590058154
792058154
1193058154
1291058154
94058182
693058182
787058182
695058238
95058267
695058267
1395058267
1395058295
90058323
693058323
1396058323
696058351
1391058351
194058379
480058379
692058379
1296058379
1396058379
95058408
480058408
695058408
96058436
490058436
696058436
85058464
481058464
596058464
689058464
239
789058464
1296058464
676058492
495058520
675058520
95058549
196058549
671058549
796058549
1296058549
495058577
696058577
1379058577
496058605
595058605
690058605
792058605
1374058605
693058633
794058633
1391058633
96058661
696058661
791058661
1375058661
95058690
696058690
795058690
1391058690
696058718
796058718
1392058718
691058746
784058746
1389058746
694058774
795058774
1195058774
1387058774
795058802
1178058802
1387058802
796058831
1176058831
1381058831
796058859
1179058859
1374058859
796058887
1186058887
1384058887
796058915
1180058915
1376058915
796058944
1190058944
1379058944
1196058972
1395058972
1195059000
1386059000
1384059028
82059056
393059056
792059056
1293059056
195059085
388059085
495059085
786059085
1292059085
195059113
496059113
595059113
695059113
179059141
390059141
794059141
1280059141
82059169
184059169
589059169
1186059169
1288059169
1376059169
84059197
185059197
396059197
496059197
593059197
664059197
1175059197
1291059197
1376059197
85059226
188059226
393059226
594059226
1195059226
1295059226
1380059226
78059254
196059254
396059254
586059254
691059254
1196059254
1382059254
83059282
169059282
580059282
694059282
1195059282
72059310
584059310
694059310
1395059310
80059339
396059339
496059339
589059339
694059339
1196059339
1373059339
79059367
195059367
396059367
496059367
596059367
658059367
1280059367
81059395
594059395
695059395
1394059395
92059423
394059423
587059423
1296059423
1383059423
94059452
586059452
693059452
1394059452
396059480
478059480
794059480
1183059480
1279059480
1390059480
95059508
591059508
696059508
796059508
1393059508
94059536
590059536
696059536
1196059536
1396059536
95059564
496059564
577059564
696059564
796059564
1386059564
96059593
195059593
496059593
582059593
695059593
1381059593
91059621
196059621
580059621
696059621
1389059621
85059649
496059649
581059649
696059649
87059677
493059677
579059677
95059706
496059706
585059706
96059734
493059734
585059734
96059762
195059762
496059762
581059762
796059762
83059790
195059790
496059790
577059790
696059790
91059818
196059818
582059818
1396059818
96059847
194059847
585059847
96059875
195059875
577059875
1396059875
91059903
196059903
583059903
95059931
581059931
1396059931
94059959
192059959
582059959
96059988
196059988
585059988
96060016
579060016
84060044
194060044
573060044
92060072
196060072
583060072
696060072
1395060072
95060100
192060100
496060100
576060100
1395060100
90060129
196060129